623927494,26,8,18,8
623927591,181,79,102,90
623927592,326,140,186,154
623927593,291,134,157,140
623927594,114,49,65,56
623927684,2,0,2,1
623927691,210,103,107,92
623927693,56,31,25,20
623937184,73,38,35,34
623937282,104,49,55,47
623937284,106,51,55,52
623937291,10,5,5,3
623937293,21,8,13,12
623937794,81,44,37,32
624001843,47,24,23,18
624001852,12,12,0,1
624001932,12,4,8,8
624001933,4,2,2,2
624001934,125,56,69,64
624001941,193,88,105,98
624001943,1,0,1,1
624006461,81,39,42,28
624006762,6,4,2,1
624006764,133,66,67,46
624006862,19,11,8,8
624006881,11,4,7,4
624006882,21,13,8,9
624006884,33,15,18,14
624010064,251,142,109,99
624010073,335,155,180,154
624010074,55,23,32,24
624010161,3,3,0,3
624010162,70,45,25,40
624010163,155,53,102,55
624010164,16,1,15,16
624010171,215,108,107,99
624010172,550,261,289,251
624010174,41,20,21,18
624010181,419,181,238,178
624010182,229,106,123,101
624010183,61,27,34,32
624010184,229,106,123,120
624010191,270,122,148,113
624010192,7,4,3,4
624010193,551,266,285,255
624010194,99,46,53,52
624010251,3,1,2,1
624010282,33,20,13,15
624010291,283,125,158,124
624010332,27,12,15,10
624010333,151,66,85,69
624010334,127,52,75,50
624010341,51,22,29,21
624010431,37,15,22,19
624010521,56,26,30,23
624010522,4,1,3,2
624010523,122,56,66,48
624010621,84,39,45,37
624010623,6,2,4,1
624010714,67,32,35,30
624010721,62,25,37,29
624010723,133,59,74,62
624010811,33,18,15,14
624010812,176,78,98,64
624010813,168,78,90,57
624010814,26,15,11,10
624010911,90,39,51,36
624010913,62,28,34,27
624011022,22,12,10,12
624011024,18,10,8,9
624011031,43,20,23,20
624011032,19,9,10,10
624011033,6,2,4,4
624011074,15,8,7,6
624011102,97,45,52,39
624011103,261,115,146,122
624011104,17,8,9,10
624011111,80,29,51,41
624011112,71,30,41,39
624011113,11,6,5,5
624011114,118,54,64,47
624011172,87,40,47,34
624011174,45,20,25,18
624011183,23,12,11,10
624011201,116,52,64,55
624011202,25,11,14,12
624011204,4,2,2,2
624011281,153,66,87,61
624011283,20,11,9,9
624011284,121,57,64,52
624011313,1,0,1,1
624011372,60,31,29,29
624011381,56,40,16,38
624011382,299,135,164,119
624011384,69,28,41,30
624011391,11,3,8,8
624011393,42,20,22,20
624011411,4,2,2,2
624011482,30,16,14,11
624011491,100,50,50,43
624011492,6,4,2,2
624011493,89,39,50,40
624011494,29,14,15,14
624011592,35,15,20,13
624011593,5,2,3,1
624011594,206,97,109,94
624011692,57,24,33,28
624011884,9,5,4,5
624011892,4,2,2,2
624011893,2,1,1,2
624011994,13,5,8,4
624012503,81,40,41,35
624012601,12,5,7,6
624012602,108,50,58,48
624012603,24,14,10,12
624012604,96,43,53,38
624012701,154,68,86,79
624012702,49,25,24,22
624012703,375,180,195,180
624012704,347,159,188,153
624012713,10,4,6,4
624012801,229,107,122,101
624012802,475,223,252,203
624012803,496,218,278,183
624012804,253,115,138,102
624012811,279,134,145,111
624012812,74,34,40,33
624012813,2,1,1,1
624012814,6,1,5,2
624012833,23,11,12,8
624012834,9,6,3,2
624012901,68,32,36,25
624012903,42,17,25,12
624012931,1,1,0,1
624012932,33,17,16,13
624012942,1,1,0,1
624016072,33,11,22,13
624016074,6,2,4,2
624016083,107,55,52,30
624016181,114,59,55,42
624016182,8,4,4,4
624016183,40,22,18,20
624016184,346,165,181,146
624016191,33,14,19,14
624016193,475,228,247,199
624016194,48,24,24,20
624016282,12,5,7,5
624016291,201,95,106,93
624016292,8,5,3,5
624016294,88,43,45,39
624016392,73,56,17,49
624016394,28,14,14,13
624017401,166,80,86,59
624017403,28,16,12,13
624017404,16,10,6,6
624017502,44,13,31,7
624017611,106,54,52,41
624017613,53,29,24,17
624017614,19,10,9,9
624017723,2,0,2,2
624017793,44,21,23,15
624017794,2,1,1,1
624017821,34,17,17,16
624017822,25,14,11,7
624017823,207,97,110,73
624017824,254,124,130,85
624017884,4,2,2,2
624017891,138,71,67,63
624017892,131,63,68,54
624017893,304,133,171,112
624017894,137,75,62,64
624017921,5,2,3,4
624017922,385,201,184,126
624017924,167,83,84,61
624017974,53,24,29,15
624017982,20,11,9,11
624017991,1,0,1,1
624020011,53,29,24,19
624020012,90,45,45,44
624020202,19,11,8,9
624020203,184,78,106,80
624020204,46,22,24,22
624020301,148,64,84,75
624020302,7,4,3,5
624020403,17,9,8,11
624021092,37,17,20,14
624021094,79,40,39,35
624021191,32,15,17,12
624021193,14,8,6,7
624022073,13,6,7,6
624022503,2,1,1,1
624022601,1,1,0,1
624022613,44,20,24,21
624022614,23,10,13,10
624022712,16,6,10,9
624022721,10,5,5,5
624022733,1,1,0,1
624022822,3,2,1,2
624022833,6,3,3,2
624022993,1,0,1,1
624023333,60,28,32,29
624023334,108,54,54,47
624023432,4,3,1,1
624023441,3,1,2,2
624023741,188,88,100,82
624023743,352,168,184,151
624023832,16,9,7,6
624023834,34,13,21,11
624023841,38,17,21,18
624023843,85,39,46,40
624023931,10,5,5,3
624023932,25,11,14,9
624023933,33,15,18,10
624023934,8,3,5,4
624023941,117,50,67,47
624027022,77,35,42,25
624027024,15,9,6,6
624027032,2,1,1,1
624027041,4,3,1,2
624027064,21,8,13,6
624027071,16,10,6,9
624027072,167,80,87,55
624027073,277,147,130,123
624027074,10,4,6,4
624027162,19,19,0,19
624027164,4,4,0,4
624027171,144,144,0,144
624027173,23,23,0,23
624027214,60,26,34,18
624027221,32,19,13,13
624027222,5,2,3,3
624027223,452,227,225,177
624027224,114,89,25,93
624027233,270,240,30,229
624027241,45,45,0,45
624027321,326,165,161,128
624027322,544,288,256,247
624027323,21,12,9,9
624027324,426,209,217,149
624027331,362,180,182,154
624027332,128,58,70,52
624027333,187,92,95,72
624027334,82,55,27,45
624027341,212,121,91,102
624027342,4,2,2,1
624027343,81,44,37,26
624027421,1,0,1,1
624027422,379,177,202,142
624027424,194,97,97,67
624027431,216,114,102,90
624027432,146,73,73,47
624027433,69,40,29,25
624027434,61,30,31,20
624027441,17,8,9,6
624027522,99,44,55,39
624027531,418,227,191,149
624027533,34,16,18,12
624030703,70,29,41,27
624032131,3,1,2,1
624032132,2,1,1,1
624032134,6,2,4,2
624032143,7,4,3,3
624032144,4,3,1,1
624032153,81,36,45,37
624032154,187,82,105,80
624032163,10,4,6,3
624032194,23,12,11,8
624032242,45,22,23,19
624032251,24,13,11,12
624032252,74,40,34,28
624032261,30,16,14,13
624032262,10,5,5,4
624032271,10,5,5,4
624032273,2,1,1,1
624032274,35,14,21,9
624032282,9,4,5,5
624032291,32,16,16,10
624032292,2,1,1,1
624032371,13,4,9,4
624033004,5,2,3,2
624033013,5,3,2,1
624033024,10,4,6,3
624033031,13,6,7,6
624033032,34,16,18,11
624033033,59,29,30,19
624033034,61,35,26,22
624033041,11,5,6,4
624033043,115,61,54,38
624033102,20,9,11,6
624033103,18,10,8,7
624033104,6,3,3,2
624033111,15,6,9,5
624033112,4,1,3,3
624033113,12,6,6,4
624033122,157,96,61,96
624033124,132,58,74,56
624033131,368,194,174,160
624033132,137,72,65,57
624033133,110,48,62,42
624033134,167,86,81,72
624033141,25,12,13,10
624033203,20,9,11,7
624033204,40,20,20,12
624033211,5,2,3,1
624033212,4,2,2,2
624033213,7,3,4,3
624033221,7,5,2,2
624033222,28,16,12,15
624033223,34,17,17,12
624033224,13,7,6,7
624033231,26,12,14,14
624033232,261,126,135,87
624033233,27,12,15,12
624033234,236,112,124,85
624033241,95,33,62,13
624033243,204,95,109,71
624033304,5,2,3,2
624033311,34,16,18,10
624033312,22,9,13,8
624033313,1,0,1,1
624033314,4,3,1,1
624033321,34,20,14,12
624033323,5,2,3,2
624033341,54,29,25,22
624033343,70,33,37,25
624033422,7,3,4,2
624033434,21,14,7,13
624033441,93,48,45,34
624033443,38,20,18,13
624033514,2,1,1,1
624033522,17,7,10,6
624033531,12,4,8,5
624033532,26,12,14,12
624033534,39,17,22,17
624033541,44,20,24,16
624033543,95,50,45,41
624033632,2,1,1,1
624033633,1,0,1,1
624033634,6,3,3,1
624033641,91,43,48,28
624033643,32,16,16,10
624033644,99,43,56,36
624033742,30,18,12,9
624033824,5,3,2,2
624033833,4,2,2,2
624033842,1,1,0,1
624033843,25,12,13,6
624033844,5,2,3,2
624033914,6,2,4,1
624033921,5,3,2,2
624033922,7,4,3,2
624033931,5,3,2,2
624033932,2,1,1,1
624033934,7,3,4,4
624033941,11,6,5,5
624033942,21,9,12,9
624033943,73,36,37,29
624033944,12,5,7,5
624040412,38,16,22,16
624040414,45,14,31,24
624040421,91,45,46,43
624040423,212,96,116,111
624040734,5,3,2,1
624040832,50,24,26,18
624040841,44,20,24,16
624040843,164,74,90,58
624040941,88,39,49,35
624040942,59,25,34,20
624040944,62,31,31,21
624041991,13,7,6,7
624041993,50,23,27,25
624041994,37,19,18,18
624042272,2,1,1,2
624042281,3,1,2,2
624042292,16,7,9,8
624042293,4,3,1,2
624042371,6,3,3,2
624042382,3,1,2,2
624042391,1,0,1,1
624042604,7,3,4,3
624042811,11,3,8,7
624042812,11,4,7,5
624042814,1,0,1,1
624042823,1,0,1,1
624042901,16,9,7,9
624042902,4,1,3,3
624042903,14,4,10,8
624043011,6,3,3,2
624043024,16,10,6,5
624043031,7,5,2,2
624043033,14,6,8,5
624043034,37,19,18,19
624043041,178,83,95,67
624043042,71,32,39,25
624043043,188,88,100,84
624043044,423,193,230,153
624043053,29,13,16,17
624043104,2,1,1,1
624043112,6,1,5,2
624043113,19,7,12,6
624043121,22,12,10,8
624043122,21,10,11,5
624043124,8,4,4,3
624043131,14,5,9,4
624043132,208,95,113,106
624043133,8,4,4,3
624043141,298,149,149,135
624043142,403,203,200,186
624043143,91,45,46,46
624043144,209,107,102,94
624043151,326,133,193,122
624043153,371,173,198,161
624043201,1,1,0,1
624043202,3,1,2,2
624043204,11,4,7,3
624043222,4,2,2,2
624043223,8,5,3,4
624043224,2,1,1,1
624043231,2,1,1,1
624043251,352,171,181,167
624043252,135,75,60,71
624043253,30,17,13,10
624043254,74,43,31,42
624043263,17,8,9,8
624043302,5,2,3,1
624043304,5,2,3,2
624043321,11,7,4,2
624043322,1,0,1,1
624043323,8,5,3,1
624043351,1,0,1,1
624043352,2,1,1,1
624043361,64,33,31,27
624043363,50,12,38,1
624043364,92,43,49,37
624043373,143,68,75,61
624043374,243,134,109,123
624043383,26,14,12,13
624043384,36,16,20,19
624043394,8,3,5,4
624043472,64,25,39,27
624043481,48,20,28,25
624043482,5,2,3,4
624043491,6,2,4,3
624043492,26,14,12,15
624043512,7,4,3,2
624043573,7,2,5,4
624044303,65,33,32,27
624044304,19,10,9,11
624044401,43,20,23,23
624044402,132,67,65,55
624044403,9,5,4,4
624044411,114,53,61,47
624044423,25,13,12,12
624044424,22,11,11,9
624044522,123,55,68,52
624044531,30,14,16,11
624044533,66,29,37,29
624044643,5,3,2,2
624044742,6,4,2,4
624044743,17,7,10,4
624044744,2,0,2,1
624044753,14,6,8,6
624044754,65,31,34,25
624044763,47,20,27,20
624044851,2,1,1,1
624044854,51,39,12,38
624044861,51,25,26,26
624044862,20,10,10,7
624044863,59,27,32,27
624044864,190,87,103,83
624044873,14,5,9,8
624044874,7,3,4,4
624044952,12,6,6,6
624044962,57,25,32,26
624044964,24,11,13,15
624044971,40,19,21,16
624044972,5,2,3,4
624045973,298,128,170,129
624045974,78,35,43,34
624047562,45,19,26,15
624047563,95,47,48,37
624047564,25,14,11,8
624047571,24,14,10,7
624047572,11,5,6,6
624047574,8,4,4,2
624047583,136,64,72,42
624047584,90,49,41,28
624047593,13,5,8,5
624047594,35,15,20,12
624047654,28,13,15,12
624047661,44,21,23,16
624047663,10,4,6,3
624047691,148,61,87,51
624047692,29,14,15,10
624047744,2,2,0,1
624047751,1,0,1,1
624047752,75,35,40,32
624047753,140,65,75,44
624047754,10,5,5,4
624047834,111,49,62,43
624047841,12,7,5,5
624047842,177,91,86,67
624047843,203,96,107,79
624047844,25,14,11,11
624047851,79,23,56,8
624047913,2,1,1,1
624047914,164,73,91,63
624047922,105,46,59,37
624047923,135,63,72,50
624047924,42,19,23,17
624047931,245,115,130,85
624047932,75,35,40,25
624047941,3,1,2,2
624050042,59,27,32,21
624050053,6,4,2,3
624050151,42,18,24,18
624050152,5,3,2,3
624050153,5,3,2,2
624050154,172,84,88,71
624050163,7,4,3,2
624050252,1,1,0,1
624050461,5,3,2,3
624050593,81,21,60,11
624050594,2,2,0,2
624050652,65,28,37,29
624050654,15,7,8,6
624050661,23,6,17,13
624050663,25,13,12,12
624050664,19,7,12,9
624050673,33,18,15,11
624050681,73,34,39,32
624050682,345,145,200,142
624050683,14,6,8,5
624050684,6,2,4,3
624050691,229,105,124,99
624050692,328,137,191,151
624050693,186,85,101,79
624050694,275,116,159,129
624050791,52,26,26,19
624050792,308,134,174,129
624050794,141,66,75,61
624050892,17,6,11,9
624051044,29,13,16,13
624051091,76,36,40,35
624051092,64,26,38,38
624051141,2,1,1,1
624051142,26,10,16,11
624051143,15,5,10,8
624051214,36,17,19,21
624051223,25,9,16,10
624051232,7,5,2,4
624051233,106,52,54,43
624051241,23,11,12,11
624051311,14,8,6,8
624051312,19,7,12,6
624051314,62,30,32,22
624051322,13,6,7,7
624051323,59,31,28,27
624051324,31,17,14,11
624051331,52,22,30,19
624051402,5,2,3,3
624051404,37,13,24,17
624051411,70,30,40,28
624051412,100,40,60,32
624051413,49,23,26,16
624051414,26,10,16,15
624051421,10,4,6,5
624051501,5,2,3,2
624051502,33,12,21,15
624051503,113,49,64,45
624051504,37,17,20,16
624051512,32,13,19,13
624051514,2,1,1,1
624051521,37,17,20,17
624051601,178,80,98,80
624051602,22,11,11,7
624051603,284,140,144,111
624051604,12,5,7,3
624051701,4,2,2,2
624051803,9,5,4,3
624051901,56,28,28,24
624051903,1,1,0,1
624054061,68,52,16,4
624054062,361,219,142,15
624054174,55,24,31,24
624054181,20,12,8,13
624054183,519,235,284,246
624054184,19,8,11,10
624054264,2,1,1,1
624054272,246,117,129,100
624054273,70,30,40,31
624054274,55,28,27,22
624054281,246,110,136,114
624054362,25,12,13,12
624054363,5,2,3,2
624054364,9,4,5,4
624054371,3,1,2,2
624054452,3,1,2,1
624054491,3,1,2,2
624054492,16,8,8,7
624054494,6,4,2,2
624054582,2,1,1,2
624054692,45,18,27,17
624054694,173,76,97,70
624054784,3,1,2,1
624054792,502,218,284,210
624054793,13,6,7,4
624054794,160,77,83,54
624054884,11,4,7,4
624054891,21,9,12,9
624054892,86,41,45,26
624054893,23,11,12,10
624054894,85,31,54,16
624054983,4,2,2,2
624054991,18,7,11,6
624054992,78,40,38,31
624054993,4,1,3,2
624054994,20,8,12,9
624055062,220,98,122,98
624055064,39,18,21,18
624055071,1699,696,1003,656
624055072,18,7,11,11
624055073,793,340,453,388
624055074,739,319,420,343
624055151,6,3,3,3
624055153,20,8,12,10
624055154,98,51,47,46
624055162,126,63,63,64
624055163,238,103,135,96
624055164,680,307,373,287
624055171,1222,558,664,614
624055172,1893,774,1119,857
624055173,1099,434,665,572
624055174,1675,711,964,892
624055181,227,96,131,106
624055183,1541,638,903,782
624055184,41,21,20,17
624055252,379,153,226,188
624055254,20,10,10,7
624055261,1369,619,750,619
624055262,1340,601,739,678
624055263,1023,450,573,485
624055264,515,246,269,258
624055271,57,45,12,15
624055272,575,259,316,327
624055274,21,6,15,10
624055281,943,411,532,471
624055282,1264,558,706,680
624055283,509,213,296,240
624055284,1019,395,624,526
624055291,251,107,144,142
624055292,12,7,5,5
624055293,1198,539,659,635
624055294,1356,617,739,684
624055381,540,240,300,309
624055382,1897,808,1089,1048
624055383,466,222,244,269
624055384,1670,704,966,825
624055391,1178,494,684,626
624055392,2295,1001,1294,1112
624055393,1877,795,1082,992
624055394,1765,732,1033,938
624055481,465,212,253,242
624055482,2094,922,1172,1052
624055483,405,186,219,204
624055484,1593,694,899,863
624055491,2013,825,1188,818
624055492,632,251,381,357
624055493,1387,623,764,759
624055494,1277,657,620,744
624055574,53,24,29,25
624055581,688,297,391,275
624055582,1630,736,894,828
624055583,959,430,529,479
624055584,1535,697,838,721
624055591,1462,682,780,722
624055592,1637,746,891,892
624055593,1651,728,923,756
624055594,2118,899,1219,1037
624055603,4,1,3,3
624055672,618,299,319,336
624055673,81,32,49,38
624055674,1883,894,989,939
624055681,1803,910,893,852
624055682,752,360,392,378
624055683,1265,582,683,570
624055684,664,289,375,238
624055691,1085,478,607,524
624055692,1921,840,1081,885
624055693,1987,849,1138,908
624055694,2284,1000,1284,1105
624055701,288,132,156,118
624055703,779,358,421,291
624055704,178,84,94,67
624055713,27,13,14,10
624055762,260,120,140,110
624055763,410,196,214,176
624055764,1572,749,823,761
624055771,1290,685,605,787
624055772,1156,535,621,518
624055773,1862,891,971,899
624055774,455,236,219,271
624055781,1306,632,674,602
624055782,1368,650,718,635
624055783,442,210,232,159
624055784,1068,503,565,495
624055791,1885,852,1033,875
624055792,2202,997,1205,1108
624055793,1356,651,705,585
624055794,1900,844,1056,865
624055801,288,148,140,97
624055802,325,167,158,143
624055803,43,19,24,18
624055804,410,156,254,111
624055811,831,385,446,349
624055812,334,156,178,130
624055813,1432,665,767,520
624055814,896,420,476,343
624055821,11,5,6,5
624055823,458,208,250,189
624055824,526,258,268,213
624055833,777,384,393,332
624055834,915,431,484,384
624055843,1068,485,583,433
624055844,664,297,367,258
624055851,58,27,31,18
624055852,135,71,64,74
624055853,751,372,379,310
624055854,477,236,241,181
624055861,1111,510,601,457
624055862,1566,749,817,661
624055863,520,241,279,214
624055864,785,368,417,314
624055871,1409,676,733,575
624055872,17,7,10,8
624055873,162,81,81,66
624055874,454,232,222,236
624055881,686,349,337,274
624055882,1386,666,720,635
624055883,425,215,210,194
624055884,792,396,396,332
624055891,1338,590,748,608
624055892,1322,620,702,599
624055893,795,363,432,343
624055894,1343,649,694,599
624055901,67,32,35,26
624055902,40,19,21,16
624055903,18,8,10,7
624055904,64,30,34,23
624055911,311,145,166,119
624055912,871,427,444,294
624055913,63,30,33,19
624055914,118,54,64,41
624055921,1005,437,568,413
624055922,590,281,309,209
624055923,29,13,16,9
624055924,108,50,58,35
624055931,1042,498,544,401
624055932,1479,670,809,608
624055933,44,24,20,16
624055934,29,14,15,11
624055941,1796,816,980,718
624055942,1045,486,559,401
624055943,47,21,26,19
624055944,36,18,18,12
624055951,202,94,108,76
624055952,352,158,194,123
624055953,16,6,10,5
624055954,136,30,106,16
624055961,1232,615,617,454
624055962,690,328,362,253
624055963,1010,469,541,326
624055964,81,39,42,27
624055971,11,6,5,3
624055972,4,3,1,2
624055973,1,0,1,1
624055974,1,0,1,1
624055981,378,179,199,149
624055982,477,219,258,196
624055983,636,305,331,256
624055984,947,474,473,329
624055991,1217,571,646,466
624055992,1464,690,774,569
624055993,160,71,89,74
624055994,1469,714,755,565
624056092,14,8,6,6
624056093,85,38,47,32
624056094,53,27,26,24
624056153,65,36,29,21
624056154,234,110,124,89
624056161,149,73,76,55
624056162,400,181,219,143
624056163,655,325,330,247
624056164,422,202,220,152
624056171,198,88,110,78
624056172,228,106,122,50
624056173,107,25,82,16
624056181,114,59,55,44
624056182,298,129,169,111
624056183,5,2,3,2
624056184,8,4,4,3
624056191,232,101,131,100
624056192,48,27,21,1
624056193,7,3,4,4
624056203,387,186,201,249
624056204,124,60,64,60
624056213,112,48,64,47
624056214,97,45,52,38
624056223,167,75,92,71
624056224,132,52,80,76
624056233,218,89,129,102
624056234,420,196,224,171
624056241,295,148,147,118
624056242,576,253,323,229
624056243,346,161,185,130
624056244,65,28,37,24
624056251,310,149,161,122
624056252,53,24,29,23
624056254,9,3,6,2
624056264,7,2,5,3
624056272,17,8,9,7
624056273,20,11,9,6
624056281,3,2,1,1
624056282,52,23,29,21
624056284,35,16,19,9
624056291,2,1,1,1
624056293,2,1,1,1
624056294,1,1,0,1
624056301,1443,660,783,651
624056302,1788,1285,503,471
624056303,1663,752,911,761
624056304,2019,871,1148,984
624056311,548,305,243,261
624056312,1269,641,628,556
624056313,1043,550,493,497
624056314,188,89,99,83
624056321,1628,675,953,860
624056322,720,322,398,400
624056323,718,285,433,410
624056324,1332,601,731,473
624056331,978,405,573,553
624056332,250,105,145,119
624056333,1466,621,845,740
624056334,1331,658,673,570
624056341,46,22,24,17
624056342,337,146,191,178
624056343,452,234,218,188
624056344,1685,770,915,885
624056351,106,46,60,41
624056352,196,90,106,70
624056353,175,75,100,81
624056354,429,201,228,168
624056364,3,2,1,1
624056372,6,2,4,1
624056373,5,1,4,2
624056374,6,3,3,1
624056381,1,0,1,1
624056382,22,12,10,9
624056383,66,36,30,19
624056384,1,0,1,1
624056391,1,1,0,1
624056401,1577,656,921,885
624056402,1630,659,971,711
624056403,1396,542,854,858
624056404,1474,628,846,750
624056411,1392,585,807,717
624056412,2240,924,1316,921
624056413,1800,796,1004,891
624056414,1711,756,955,866
624056421,1223,516,707,611
624056422,1795,753,1042,837
624056423,1521,653,868,740
624056424,1706,816,890,830
624056431,1609,719,890,699
624056432,1654,774,880,741
624056433,1461,978,483,408
624056434,1508,719,789,638
624056441,1275,616,659,645
624056442,845,423,422,355
624056443,1770,771,999,635
624056444,594,286,308,271
624056451,499,216,283,240
624056452,4,1,3,2
624056453,687,323,364,277
624056454,276,113,163,86
624056462,32,15,17,8
624056464,4,2,2,2
624056473,12,5,7,4
624056474,14,6,8,5
624056481,14,6,8,6
624056482,7,3,4,2
624056483,63,33,30,25
624056484,11,6,5,5
624056501,1019,453,566,622
624056502,873,385,488,439
624056503,748,330,418,425
624056504,1024,443,581,481
624056511,1290,581,709,678
624056512,1413,623,790,686
624056513,1560,711,849,736
624056514,1201,561,640,536
624056521,1842,749,1093,917
624056522,1404,622,782,749
624056523,1366,592,774,613
624056524,1982,860,1122,908
624056531,1458,636,822,594
624056532,1035,475,560,424
624056533,1704,746,958,736
624056534,122,53,69,44
624056541,129,60,69,47
624056542,6,3,3,2
624056543,4,3,1,1
624056544,20,9,11,5
624056551,130,35,95,23
624056552,980,430,550,427
624056553,3,1,2,1
624056554,507,235,272,209
624056561,152,76,76,62
624056562,47,19,28,20
624056563,1029,488,541,406
624056564,11,4,7,3
624056571,14,4,10,6
624056572,1,0,1,1
624056581,6,3,3,4
624056582,148,69,79,52
624056584,9,3,6,5
624056593,60,26,34,23
624056594,42,16,26,14
624056601,1513,692,821,728
624056602,2104,988,1116,1092
624056603,1981,902,1079,1014
624056604,2358,1039,1319,1072
624056611,1427,636,791,676
624056612,1762,798,964,804
624056613,1839,813,1026,806
624056614,1558,676,882,687
624056621,1391,555,836,527
624056622,1776,817,959,708
624056623,1797,819,978,765
624056624,1790,832,958,748
624056631,1116,501,615,500
624056632,237,97,140,90
624056633,894,420,474,364
624056634,172,54,118,26
624056641,1,0,1,1
624056642,7,4,3,3
624056643,1,1,0,1
624056651,4,2,2,3
624056653,1,0,1,1
624056661,1097,484,613,461
624056662,79,34,45,28
624056663,107,44,63,45
624056664,648,264,384,190
624056673,103,48,55,40
624056674,128,28,100,11
624056691,2,1,1,2
624056692,23,15,8,10
624056701,1850,832,1018,960
624056702,2051,967,1084,1017
624056703,1464,736,728,787
624056704,1278,578,700,635
624056711,1432,636,796,641
624056712,1549,727,822,635
624056713,1876,854,1022,793
624056714,1243,558,685,516
624056721,1664,752,912,688
624056722,993,448,545,395
624056723,180,88,92,77
624056724,63,27,36,23
624056731,59,28,31,27
624056732,2,2,0,1
624056741,14,8,6,5
624056752,41,21,20,10
624056761,7,0,7,7
624056762,247,124,123,68
624056771,154,77,77,48
624056772,4,2,2,1
624056773,22,11,11,10
624056801,1591,758,833,849
624056802,1809,835,974,861
624056803,1997,908,1089,894
624056804,1721,793,928,776
624056811,1384,643,741,538
624056812,1207,568,639,481
624056813,295,146,149,142
624056814,78,32,46,33
624056821,467,219,248,184
624056822,5,2,3,3
624056823,7,3,4,2
624056824,78,39,39,6
624056831,4,2,2,1
624056833,12,7,5,3
624056834,2,0,2,1
624056842,11,4,7,5
624056843,26,13,13,8
624056844,73,33,40,28
624056851,252,121,131,101
624056853,21,12,9,12
624056871,5,2,3,2
624056872,15,7,8,6
624056874,5,2,3,2
624056901,1800,841,959,778
624056902,1365,647,718,594
624056903,1366,645,721,498
624056904,401,207,194,139
624056911,162,94,68,108
624056913,117,54,63,43
624056914,8,3,5,3
624056921,13,5,8,4
624056922,3,1,2,1
624056924,545,250,295,175
624056931,369,164,205,112
624056932,23,10,13,10
624056933,479,225,254,177
624056934,313,159,154,130
624056941,354,178,176,135
624056942,130,64,66,55
624056943,3,2,1,3
624056944,25,12,13,13
624056981,10,5,5,5
624056983,3,2,1,2
624056984,1,1,0,1
624057001,141,69,72,47
624057002,119,51,68,53
624057003,125,53,72,44
624057004,40,21,19,13
624057011,151,73,78,57
624057012,79,39,40,27
624057013,1,1,0,1
624057014,11,5,6,3
624057021,3,2,1,1
624057104,16,8,8,4
624057112,5,3,2,2
624057121,11,4,7,5
624057201,17,7,10,7
624057202,4,3,1,1
624057204,1,0,1,1
624057211,5,2,3,1
624057213,6,4,2,2
624057301,5,2,3,3
624057302,7,2,5,2
624057503,12,6,6,5
624057523,6,3,3,3
624057524,5,2,3,3
624057544,19,9,10,8
624057553,13,8,5,5
624057554,10,3,7,4
624057563,18,10,8,9
624057601,19,9,10,9
624057603,9,5,4,3
624057604,29,13,16,6
624057611,7,4,3,2
624057612,5,2,3,4
624057613,8,4,4,4
624057621,2,1,1,1
624057711,2,1,1,1
624057713,7,4,3,3
624060194,33,16,17,21
624060392,154,71,83,65
624060394,449,196,253,217
624060491,8,2,6,2
624060492,18,12,6,7
624061003,29,24,5,11
624061101,141,60,81,82
624061103,269,127,142,113
624061201,646,319,327,313
624061202,221,110,111,96
624061203,644,313,331,317
624061204,248,128,120,117
624061301,837,404,433,410
624061302,152,76,76,85
624061303,503,240,263,249
624061304,54,33,21,32
624061401,324,148,176,130
624061402,167,81,86,82
624061403,17,7,10,8
624061404,772,369,403,354
624061411,158,66,92,66
624061412,28,18,10,19
624061413,310,153,157,116
624061502,22,10,12,8
624061504,59,29,30,23
624061602,25,18,7,6
624061604,37,14,23,18
624061613,62,30,32,29
624061711,35,13,22,19
624061713,326,137,189,109
624061714,122,51,71,20
624061811,12,5,7,5
624061812,81,48,33,14
624061911,56,23,33,31
624061912,59,12,47,15
624061913,1,0,1,1
624061914,239,120,119,119
624061932,65,27,38,26
624061941,92,43,49,39
624061943,12,8,4,6
624061973,6,2,4,4
624061974,24,10,14,9
624061983,85,39,46,42
624061984,75,32,43,41
624061993,3,2,1,1
624062373,9,5,4,4
624062473,16,4,12,9
624062492,17,9,8,6
624062493,27,14,13,11
624062494,3,1,2,1
624062552,2,1,1,1
624062554,38,17,21,16
624062563,64,31,33,30
624062564,21,8,13,9
624062571,10,4,6,3
624062573,2,1,1,1
624062591,15,7,8,5
624062593,16,9,7,6
624062642,7,4,3,3
624062644,11,4,7,5
624062651,19,10,9,6
624062652,19,11,8,11
624062654,51,25,26,22
624062661,85,37,48,35
624062662,12,4,8,8
624062663,283,130,153,125
624062664,40,18,22,17
624062673,20,8,12,9
624062674,16,9,7,6
624062681,2,1,1,1
624062682,16,7,9,7
624062684,3,2,1,2
624062694,1,1,0,1
624062723,11,5,6,5
624062733,6,2,4,2
624062734,11,7,4,3
624062741,20,10,10,8
624062742,2,1,1,1
624062743,11,5,6,4
624062744,11,6,5,4
624062752,2,1,1,1
624062754,1,0,1,1
624062762,3,1,2,1
624062764,7,2,5,4
624062821,13,5,8,6
624062822,15,7,8,6
624062831,34,16,18,8
624062833,31,15,16,14
624062834,21,10,11,8
624062841,6,2,4,3
624062843,7,5,2,2
624062852,6,3,3,2
624062854,1,1,0,1
624062862,5,2,3,1
624062873,2,1,1,1
624062924,17,9,8,7
624062933,5,2,3,2
624062962,9,6,3,5
624062973,6,4,2,3
624062974,2,0,2,1
624063401,1,0,1,1
624064094,5,2,3,2
624064194,7,4,3,3
624064291,40,12,28,4
624064293,24,3,21,3
624064394,17,9,8,7
624064491,15,9,6,6
624064492,13,6,7,7
624064493,10,5,5,2
624064494,13,8,5,5
624064582,3,1,2,2
624064584,2,0,2,1
624064591,109,59,50,3
624064593,64,14,50,5
624064594,14,7,7,6
624064682,8,4,4,3
624064694,4,2,2,1
624064782,2,1,1,1
624064791,10,4,6,3
624064792,13,5,8,3
624064793,1,1,0,1
624064794,4,2,2,2
624064882,13,6,7,4
624064883,1,1,0,1
624064891,3,2,1,1
624064974,9,6,3,2
624064981,10,6,4,3
624065001,11,5,6,4
624065002,17,7,10,5
624065011,26,11,15,10
624065012,46,22,24,14
624065013,51,25,26,19
624065014,35,19,16,13
624065021,7,3,4,3
624065022,44,23,21,17
624065023,3,1,2,2
624065024,11,4,7,4
624065031,66,32,34,20
624065032,10,3,7,4
624065051,80,38,42,27
624065052,14,9,5,5
624065053,173,75,98,55
624065054,64,15,49,7
624065061,14,8,6,4
624065062,85,59,26,18
624065073,75,36,39,33
624065074,13,5,8,6
624065081,489,226,263,201
624065082,899,437,462,327
624065083,1026,480,546,407
624065084,475,225,250,201
624065091,635,223,412,5
624065092,321,140,181,107
624065093,77,39,38,27
624065094,68,34,34,23
624065101,6,2,4,2
624065102,76,31,45,25
624065103,145,73,72,48
624065104,133,58,75,45
624065111,35,20,15,12
624065112,7,3,4,2
624065113,3,2,1,1
624065121,15,6,9,5
624065122,52,22,30,20
624065124,155,65,90,56
624065132,4,2,2,1
624065133,3,2,1,2
624065134,3,1,2,2
624065141,33,15,18,10
624065142,23,10,13,8
624065143,185,85,100,51
624065144,21,8,13,6
624065151,55,26,29,17
624065152,7,4,3,3
624065153,38,18,20,11
624065154,2,1,1,1
624065161,16,10,6,5
624065162,49,21,28,16
624065163,22,11,11,6
624065164,18,11,7,6
624065171,687,343,344,289
624065172,459,210,249,203
624065173,634,283,351,205
624065174,1084,506,578,452
624065181,1146,535,611,436
624065182,30,16,14,12
624065183,1277,603,674,534
624065184,714,347,367,261
624065191,21,7,14,7
624065193,175,73,102,44
624065201,8,3,5,3
624065202,73,40,33,25
624065203,13,6,7,4
624065211,49,27,22,16
624065214,9,3,6,3
624065221,20,9,11,6
624065222,126,54,72,44
624065223,32,13,19,8
624065224,32,17,15,11
624065231,10,4,6,6
624065232,167,77,90,59
624065233,40,21,19,12
624065234,136,54,82,46
624065241,140,66,74,45
624065251,21,10,11,9
624065252,24,12,12,7
624065253,7,3,4,3
624065254,19,9,10,8
624065262,35,12,23,11
624065264,5,3,2,2
624065271,279,125,154,106
624065272,1053,493,560,458
624065273,115,52,63,39
624065274,991,464,527,395
624065281,1252,585,667,498
624065282,1048,511,537,342
624065283,861,382,479,348
624065284,13,5,8,6
624065291,174,97,77,62
624065292,56,31,25,20
624065293,4,2,2,2
624065294,47,18,29,17
624065311,1,0,1,1
624065312,2,1,1,1
624065314,29,15,14,11
624065322,29,18,11,14
624065324,27,14,13,9
624065332,48,22,26,18
624065333,38,16,22,11
624065334,53,27,26,17
624065341,11,4,7,5
624065343,4,1,3,2
624065344,41,16,25,8
624065351,23,12,11,6
624065352,16,8,8,4
624065353,10,6,4,3
624065354,7,6,1,3
624065362,173,33,140,8
624065363,40,20,20,10
624065364,74,30,44,20
624065371,460,207,253,179
624065372,1442,665,777,567
624065373,552,247,305,230
624065374,935,443,492,359
624065381,1245,577,668,480
624065382,37,18,19,15
624065383,191,79,112,67
624065384,153,74,79,52
624065401,41,20,21,14
624065402,20,10,10,8
624065403,99,47,52,47
624065404,3,1,2,1
624065411,6,2,4,1
624065412,28,13,15,9
624065414,179,81,98,64
624065421,5,2,3,1
624065422,57,26,31,20
624065423,305,116,189,73
624065424,36,14,22,11
624065431,66,32,34,15
624065432,26,12,14,6
624065433,21,13,8,8
624065434,11,4,7,4
624065441,51,21,30,17
624065442,42,23,19,14
624065444,3,2,1,1
624065461,17,8,9,7
624065462,215,93,122,88
624065463,4,1,3,2
624065464,330,157,173,138
624065471,892,409,483,335
624065472,268,123,145,102
624065473,248,113,135,96
624065474,144,69,75,57
624065481,30,13,17,12
624065483,35,15,20,7
624065484,6,4,2,2
624065501,7,4,3,3
624065502,179,95,84,59
624065503,1,0,1,1
624065504,760,374,386,256
624065511,48,23,25,17
624065512,999,466,533,343
624065513,546,251,295,221
624065514,473,223,250,191
624065521,62,29,33,23
624065522,6,4,2,2
624065523,10,3,7,2
624065524,43,18,25,14
624065531,19,9,10,5
624065532,12,7,5,5
624065533,18,8,10,8
624065534,25,14,11,8
624065541,5,3,2,2
624065542,30,11,19,9
624065543,37,18,19,13
624065544,51,23,28,16
624065551,45,21,24,14
624065552,80,39,41,32
624065553,512,241,271,205
624065554,388,174,214,151
624065561,71,30,41,29
624065562,101,47,54,33
624065563,160,77,83,56
624065564,27,15,12,8
624065571,39,19,20,17
624065572,52,22,30,16
624065573,34,13,21,11
624065601,29,15,14,1
624065602,445,221,224,150
624065604,343,174,169,125
624065611,584,269,315,240
624065612,302,152,150,126
624065613,456,219,237,198
624065621,59,29,30,21
624065622,5,2,3,1
624065623,61,30,31,23
624065624,20,9,11,8
624065631,28,15,13,7
624065632,18,13,5,7
624065633,42,20,22,16
624065634,7,2,5,3
624065641,13,8,5,5
624065642,123,55,68,58
624065643,1,0,1,1
624065644,387,186,201,155
624065651,727,346,381,268
624065652,964,458,506,354
624065653,1016,464,552,447
624065654,994,435,559,374
624065661,85,37,48,30
624065662,383,147,236,11
624065663,334,149,185,149
624065664,18,7,11,5
624065671,16,9,7,6
624065672,6,3,3,1
624065673,2,1,1,1
624065702,173,82,91,58
624065703,8,4,4,2
624065704,171,76,95,64
624065711,215,101,114,83
624065713,234,107,127,80
624065714,5,3,2,2
624065721,74,41,33,22
624065723,69,35,34,24
624065724,22,10,12,6
624065732,7,2,5,3
624065733,10,6,4,3
624065741,4,2,2,1
624065742,666,314,352,248
624065743,18,9,9,8
624065744,813,360,453,346
624065751,804,360,444,313
624065752,496,220,276,203
624065753,551,212,339,196
624065754,629,277,352,264
624065761,30,17,13,12
624065762,7,4,3,3
624065763,264,91,173,15
624065764,7,2,5,3
624065771,8,3,5,3
624065773,2,0,2,1
624065802,16,8,8,6
624065811,285,137,148,105
624065812,51,22,29,24
624065813,113,52,61,42
624065814,88,34,54,39
624065821,34,14,20,17
624065822,11,6,5,3
624065823,3,2,1,1
624065824,35,18,17,9
624065833,12,5,7,3
624065841,26,10,16,10
624065842,289,129,160,110
624065843,30,15,15,11
624065844,183,75,108,62
624065851,398,199,199,164
624065852,202,91,111,72
624065853,29,14,15,11
624065902,20,8,12,5
624065904,5,2,3,1
624065911,50,21,29,21
624065913,26,11,15,10
624065934,2,1,1,1
624065941,86,41,45,34
624065942,509,232,277,190
624065943,119,60,59,43
624065944,166,79,87,69
624065951,107,48,59,43
624065953,113,52,61,47
624066001,111,58,53,36
624066002,7,5,2,2
624066003,3,2,1,1
624066011,327,166,161,155
624066012,68,12,56,2
624066013,69,34,35,26
624066014,235,80,155,61
624066022,669,316,353,230
624066024,138,73,65,48
624066031,562,270,292,190
624066032,118,60,58,48
624066033,359,169,190,136
624066101,4,2,2,1
624066112,135,81,54,78
624066114,34,20,14,18
624066123,87,44,43,35
624066203,14,7,7,5
624066212,210,109,101,71
624066221,263,109,154,88
624066223,36,19,17,15
624066224,81,44,37,26
624066301,287,52,235,10
624066321,99,52,47,37
624066322,33,17,16,11
624067232,2,0,2,1
624067234,1,1,0,1
624067794,153,69,84,65
624067872,9,5,4,3
624067873,122,65,57,52
624067874,344,157,187,137
624067881,21,9,12,6
624067882,143,52,91,37
624067883,223,92,131,104
624067884,29,12,17,12
624067891,113,55,58,46
624067892,30,12,18,11
624067963,9,3,6,2
624067964,123,57,66,49
624067971,63,30,33,23
624067972,110,52,58,37
624067973,107,43,64,39
624070992,18,8,10,12
624070994,38,21,17,18
624071012,217,96,121,93
624071014,120,57,63,59
624071021,61,38,23,22
624071023,5,0,5,4
624071024,1,1,0,1
624071044,29,12,17,8
624071052,27,10,17,13
624071053,31,13,18,10
624071054,31,13,18,17
624071061,24,14,10,9
624071062,192,93,99,61
624071063,43,21,22,19
624071064,29,14,15,12
624071071,78,36,42,29
624071072,405,184,221,173
624071073,42,20,22,20
624071074,451,233,218,201
624071081,46,22,24,19
624071083,114,56,58,55
624071084,26,13,13,11
624071123,47,22,25,17
624071124,9,5,4,3
624071132,46,21,25,15
624071133,30,13,17,11
624071134,10,4,6,2
624071141,31,13,18,14
624071142,19,9,10,6
624071151,22,8,14,8
624071152,19,8,11,8
624071161,46,21,25,17
624071162,37,15,22,15
624071163,23,11,12,8
624071164,35,18,17,13
624071171,28,8,20,9
624071172,224,112,112,96
624071181,62,26,36,24
624071182,28,14,14,11
624071183,29,7,22,1
624071184,15,8,7,6
624071193,58,34,24,25
624071212,117,57,60,44
624071214,149,38,111,14
624071221,197,88,109,81
624071222,98,44,54,40
624071231,1,1,0,1
624071244,21,11,10,9
624071253,39,19,20,15
624071254,33,14,19,14
624071261,2,1,1,1
624071262,19,8,11,8
624071263,2,0,2,2
624071291,14,9,5,7
624071292,6,4,2,3
624071293,17,6,11,7
624071294,12,6,6,5
624071304,11,6,5,4
624071331,3,2,1,1
624071341,9,6,3,4
624071342,3,1,2,1
624071343,10,5,5,4
624071344,21,9,12,12
624071392,43,19,24,17
624071402,28,11,17,13
624071403,8,3,5,3
624071404,117,57,60,51
624071451,18,9,9,8
624071452,12,7,5,5
624071454,3,2,1,2
624071463,3,2,1,2
624071501,132,60,72,61
624071502,112,51,61,51
624071503,83,43,40,41
624071504,18,11,7,5
624071553,52,23,29,22
624071554,60,27,33,26
624071561,2,1,1,1
624071563,13,9,4,5
624071601,90,42,48,38
624071602,649,300,349,280
624071604,303,122,181,137
624071611,327,154,173,133
624071613,364,172,192,149
624071614,4,2,2,2
624071624,6,2,4,2
624071632,1,0,1,1
624071633,3,1,2,2
624071634,4,2,2,2
624071641,28,12,16,12
624071642,68,32,36,33
624071651,3,2,1,1
624071652,6,4,2,2
624071653,3,1,2,2
624071654,13,7,6,6
624071661,3,1,2,2
624071702,303,150,153,120
624071711,157,76,81,63
624071731,1,0,1,1
624071752,11,5,6,4
624071761,11,5,6,5
624071763,3,2,1,1
624071764,2,1,1,1
624071861,3,1,2,1
624071862,2,1,1,1
624071871,2,1,1,1
624071901,93,44,49,40
624071903,28,14,14,10
624071932,5,2,3,1
624071943,4,2,2,1
624071953,12,6,6,4
624071963,2,1,1,1
624071971,1,0,1,1
624072021,37,17,20,11
624072023,29,16,13,8
624072024,7,2,5,5
624072033,9,7,2,2
624072044,2,2,0,2
624072072,3,2,1,1
624072073,2,1,1,1
624072131,10,5,5,5
624072132,9,5,4,4
624072134,6,2,4,3
624072143,17,9,8,7
624072144,1,1,0,1
624072154,1,1,0,1
624072162,5,2,3,2
624072163,39,17,22,15
624072164,25,9,16,10
624072172,2,1,1,1
624072173,13,5,8,4
624072174,11,5,6,5
624072181,15,6,9,5
624072183,3,2,1,2
624072191,7,4,3,4
624072192,13,6,7,6
624072194,4,2,2,2
624072241,2,1,1,1
624072242,10,5,5,4
624072251,32,18,14,15
624072252,204,103,101,98
624072254,32,16,16,12
624072261,5,3,2,2
624072263,17,7,10,7
624072264,8,3,5,2
624072271,1,0,1,1
624072273,15,9,6,4
624072281,6,3,3,1
624072282,5,2,3,3
624072291,18,7,11,12
624072292,57,29,28,25
624072294,3,2,1,2
624072301,38,11,27,10
624072303,21,11,10,8
624072352,5,3,2,1
624072361,1,0,1,1
624072364,1,0,1,1
624072371,6,3,3,3
624072372,6,3,3,2
624072373,2,1,1,1
624072374,2,1,1,1
624072383,8,4,4,2
624072384,2,1,1,1
624072402,1,0,1,1
624072404,10,5,5,4
624072413,15,10,5,7
624072462,1,0,1,1
624072481,5,4,1,2
624072482,2,1,1,1
624072582,5,2,3,3
624072591,2,1,1,1
624072633,1,1,0,1
624072734,2,1,1,1
624072842,18,11,7,7
624072851,6,4,2,2
624072854,9,5,4,2
624073103,4,2,2,2
624073201,5,3,2,2
624073203,22,8,14,7
624073302,12,7,5,6
624073303,1,0,1,1
624074062,2,0,2,1
624074071,10,7,3,5
624074992,4,1,3,4
624074993,2,2,0,2
624074994,7,5,2,7
624075004,4,3,1,1
624075011,20,9,11,9
624075013,82,36,46,31
624075014,83,39,44,31
624075023,2,1,1,1
624075024,14,8,6,8
624075031,18,10,8,5
624075032,119,59,60,44
624075033,102,49,53,32
624075034,46,23,23,16
624075041,323,156,167,114
624075042,26,13,13,8
624075043,27,14,13,8
624075044,30,12,18,9
624075051,34,17,17,12
624075101,2,1,1,1
624075102,81,35,46,35
624075104,1,1,0,1
624075111,83,38,45,37
624075112,66,25,41,31
624075113,8,4,4,5
624075114,9,5,4,2
624075121,94,42,52,35
624075122,21,10,11,8
624075123,1,0,1,1
624075124,54,24,30,16
624075131,60,30,30,21
624075132,95,46,49,36
624075133,18,8,10,5
624075134,9,4,5,4
624075141,12,7,5,3
624075231,15,9,6,8
624075233,8,6,2,3
624075462,4,3,1,1
624075463,3,1,2,1
624075464,7,3,4,3
624075512,59,50,9,15
624075534,1,0,1,1
624075562,7,3,4,2
624075563,13,5,8,5
624075564,16,9,7,8
624075571,2,1,1,1
624075631,14,8,6,4
624075632,115,54,61,52
624075634,333,149,184,144
624075641,70,34,36,27
624075642,8,4,4,2
624075643,99,40,59,42
624075644,106,49,57,36
624075653,45,26,19,19
624075654,2,1,1,1
624075661,1,1,0,1
624075662,1,0,1,1
624075663,27,11,16,10
624075664,20,7,13,8
624075732,12,5,7,5
624075733,35,15,20,14
624075734,269,131,138,119
624075741,85,40,45,33
624075742,25,13,12,8
624075743,151,64,87,110
624075751,34,16,18,13
624075752,12,5,7,2
624075753,23,12,11,12
624075754,7,4,3,5
624075761,46,21,25,15
624075762,30,16,14,10
624075763,9,4,5,3
624075764,34,19,15,13
624075771,51,22,29,19
624075773,1,0,1,1
624075774,26,11,15,6
624075803,1,1,0,1
624075811,1,1,0,1
624075813,1,1,0,1
624075841,1,1,0,1
624075842,38,14,24,13
624075851,25,13,12,11
624075852,8,3,5,3
624075854,24,13,11,9
624075861,13,4,9,3
624075863,82,37,45,28
624075871,16,7,9,8
624075872,4,2,2,3
624075873,10,3,7,3
624075874,11,5,6,4
624075881,1,1,0,1
624075883,6,4,2,2
624075884,3,2,1,1
624075894,4,3,1,1
624075901,53,25,28,19
624075902,21,9,12,9
624075903,5,4,1,1
624075904,19,10,9,8
624075951,12,6,6,3
624075972,13,5,8,5
624075982,19,8,11,6
624075983,54,25,29,20
624075991,3,2,1,3
624077061,52,25,27,22
624077062,58,29,29,23
624077063,78,40,38,32
624077151,3,2,1,1
624077153,135,54,81,61
624077154,190,90,100,76
624077161,112,54,58,44
624077163,72,34,38,22
624077242,60,30,30,16
624077244,59,29,30,25
624077251,85,44,41,35
624077252,161,76,85,61
624077261,4,2,2,1
624077331,2,1,1,1
624077342,55,25,30,23
624077343,17,9,8,9
624077432,69,31,38,23
624077441,12,4,8,9
624077442,15,9,6,7
624077443,121,51,70,47
624077532,79,38,41,26
624077533,40,20,20,12
624077534,99,53,46,32
624077541,47,21,26,18
624077624,25,12,13,6
624077631,94,49,45,27
624077722,109,48,61,34
624077724,38,20,18,10
624077814,10,3,7,3
624077821,8,4,4,4
624077911,33,13,20,13
624077912,42,23,19,14
624077913,12,7,5,3
624100554,4,1,3,3
624100694,78,35,43,26
624101073,2,1,1,1
624101084,8,4,4,2
624101093,2,1,1,1
624101162,45,26,19,17
624101164,100,50,50,39
624101171,6,3,3,3
624101173,10,6,4,2
624101174,6,2,4,1
624101181,5,2,3,1
624101182,13,7,6,5
624101183,3,1,2,1
624101191,12,6,6,5
624101241,39,18,21,16
624101243,23,9,14,6
624101252,13,7,6,4
624101261,89,43,46,32
624101262,193,97,96,67
624101263,96,48,48,39
624101264,100,40,60,43
624101271,26,12,14,11
624101361,13,5,8,5
624101362,5,1,4,2
624101364,4,2,2,1
624101382,4,2,2,2
624101383,2,1,1,1
624101422,2,1,1,2
624101431,6,4,2,2
624101432,12,5,7,6
624101434,3,2,1,2
624101462,62,31,31,20
624101464,33,18,15,10
624101471,9,6,3,2
624101472,88,47,41,31
624101473,112,53,59,43
624101474,43,22,21,14
624101481,31,14,17,14
624101512,50,26,24,18
624101514,64,33,31,22
624101533,2,1,1,1
624101552,3,1,2,1
624101554,92,44,48,42
624101561,122,62,60,36
624101562,87,38,49,28
624101563,97,39,58,36
624101603,31,14,17,10
624101613,8,2,6,4
624101622,28,11,17,14
624101623,47,21,26,18
624101634,28,11,17,14
624101643,9,6,3,3
624101644,313,144,169,115
624101651,115,46,69,50
624101652,131,64,67,50
624101653,139,65,74,56
624101702,48,21,27,11
624101721,88,40,48,30
624101722,103,48,55,32
624101723,260,122,138,90
624101724,654,294,360,254
624101733,88,36,52,36
624101734,358,168,190,137
624101741,94,43,51,36
624101742,296,135,161,113
624101743,241,112,129,89
624101821,28,11,17,14
624101822,518,242,276,222
624101823,117,47,70,46
624101824,393,162,231,170
624101831,524,234,290,216
624101832,641,284,357,270
624101833,568,265,303,238
624101834,410,192,218,167
624101841,79,31,48,28
624101922,63,30,33,22
624101923,65,31,34,21
624101924,284,129,155,106
624101931,280,126,154,122
624101932,22,11,11,10
624101933,106,49,57,44
624102054,4,4,0,2
624102064,4,2,2,1
624102082,4,2,2,1
624102091,73,38,35,26
624102093,22,8,14,8
624102151,8,3,5,1
624102152,2,1,1,1
624102161,3,2,1,1
624102163,19,10,9,4
624102252,11,5,6,4
624102261,73,40,33,23
624102262,4,1,3,3
624102263,31,15,16,8
624102264,129,59,70,44
624102271,21,9,12,8
624102272,16,8,8,5
624102273,74,41,33,29
624102274,58,34,24,18
624102283,44,22,22,13
624102372,147,77,70,40
624102381,26,14,12,7
624103314,1,0,1,1
624103412,54,25,29,21
624103421,6,5,1,2
624103451,25,13,12,8
624103452,149,69,80,55
624103454,232,120,112,78
624103523,37,18,19,10
624103621,55,25,30,20
624103622,107,49,58,30
624103624,57,24,33,17
624103754,231,124,107,40
624103852,26,14,12,13
624103854,52,24,28,17
624103952,53,35,18,22
624110392,17,6,11,10
624110394,12,5,7,6
624110491,60,13,47,3
624110492,6,2,4,3
624110493,134,61,73,57
624110494,11,6,5,5
624110573,81,38,43,29
624110574,44,23,21,22
624110582,92,47,45,34
624110583,99,47,52,40
624110584,55,27,28,23
624110663,32,16,16,9
624110664,80,35,45,38
624110671,135,66,69,54
624110672,75,38,37,31
624110681,4,3,1,1
624110714,14,8,6,4
624110724,79,40,39,27
624110733,29,16,13,8
624110761,1,1,0,1
624110801,43,20,23,18
624111014,6,4,2,1
624111021,96,53,43,31
624111022,16,7,9,7
624111023,69,33,36,18
624111104,1,1,0,1
624111202,14,5,9,6
624111203,34,17,17,15
624111301,31,13,18,13
624140503,40,19,21,21
624140504,2,1,1,1
624140601,31,14,17,17
624140602,123,53,70,52
624140604,173,86,87,73
624140612,17,8,9,6
624140613,182,77,105,75
624140614,78,33,45,35
624140623,49,27,22,18
624140702,60,29,31,23
624140722,135,59,76,53
624140724,3,1,2,2
624140731,38,20,18,15
624140734,26,14,12,9
624140743,53,25,28,23
624140832,5,2,3,3
624140834,4,2,2,2
624140841,153,66,87,57
624140853,6,3,3,3
624140854,11,7,4,5
624140952,397,189,208,149
624140954,114,54,60,38
624140961,15,9,6,5
624140963,91,42,49,38
624150052,10,4,6,4
624150061,180,84,96,66
624150063,131,68,63,55
624150152,31,15,16,11
624150154,112,55,57,52
624150161,215,103,112,98
624150162,69,29,40,31
624150163,46,22,24,20
624150171,17,9,8,7
624150173,43,19,24,15
624150261,4,2,2,2
624150372,56,28,28,24
624150383,33,14,19,13
624150472,2,0,2,1
624150481,143,52,91,56
624150482,167,78,89,72
624150483,123,62,61,52
624150484,22,11,11,10
624150491,8,3,5,4
624150493,50,21,29,23
624150494,81,38,43,31
624150581,8,2,6,6
624150893,3,2,1,1
624150984,1,1,0,1
624151402,55,28,27,22
624151403,65,29,36,25
624151411,183,92,91,78
624151412,206,85,121,89
624151414,179,77,102,82
624151421,152,76,76,63
624151422,2,0,2,1
624151423,76,20,56,11
624151433,22,15,7,5
624151512,12,7,5,6
624151531,74,34,40,26
624151532,16,7,9,5
624151534,44,22,22,16
624151543,41,20,21,19
624151742,4,1,3,1
624151744,1,0,1,1
624151824,2,0,2,2
624151831,5,2,3,3
624151832,37,18,19,14
624151833,30,14,16,11
624151841,24,12,12,11
624151902,6,4,2,1
624151911,57,25,32,26
624151912,42,20,22,20
624151913,125,53,72,47
624151914,220,100,120,99
624151921,68,31,37,27
624151922,10,6,4,4
624160393,106,52,54,48
624160394,36,18,18,14
624160553,25,11,14,8
624160554,19,7,12,9
624160564,64,29,35,18
624160571,11,5,6,4
624160572,8,3,5,5
624160573,10,4,6,4
624160581,3,1,2,1
624160603,19,10,9,8
624160604,134,65,69,52
624160611,5,3,2,1
624160612,31,14,17,12
624160613,40,13,27,14
624160614,249,116,133,96
624160623,9,4,5,2
624160641,59,29,30,16
624160643,98,49,49,34
624160644,74,33,41,25
624160651,137,60,77,44
624160652,215,107,108,72
624160653,40,18,22,15
624160661,25,14,11,8
624160701,38,18,20,13
624160702,222,113,109,78
624160703,191,86,105,72
624160704,22,11,11,6
624160711,137,64,73,44
624160712,2,1,1,2
624160721,119,52,67,43
624160722,74,34,40,28
624160731,49,26,23,13
624160732,3,2,1,1
624161002,5,2,3,2
624161011,127,60,67,55
624161012,62,32,30,22
624161013,203,88,115,74
624161111,63,26,37,23
624371192,9,5,4,2
624371193,113,56,57,28
624371194,7,5,2,2
624371291,271,140,131,83
624371292,9,5,4,2
624371293,74,40,34,25
624371372,7,2,5,2
624371374,63,33,30,17
624371391,9,4,5,2
624371454,3,2,1,1
624371463,15,7,8,3
624371464,49,25,24,17
624371471,65,28,37,17
624371472,10,4,6,3
624371491,9,2,7,1
624371493,7,4,3,3
624371552,22,11,11,7
624371553,50,25,25,18
624371554,9,5,4,3
624371562,15,7,8,6
624371574,42,42,0,2
624371641,4,3,1,2
624371642,48,22,26,16
624371643,20,8,12,6
624371644,4,2,2,2
624371651,9,5,4,3
624371672,24,24,0,1
624371732,26,14,12,5
624371733,31,14,17,10
624371734,11,7,4,5
624371741,2,1,1,1
624371824,5,3,2,2
624371831,65,32,33,22
624371833,38,18,20,10
624371922,26,15,11,8
624371924,69,33,36,27
624371933,51,23,28,18
624371934,3,1,2,1
624371991,6,3,3,2
624371992,6,3,3,1
633903654,102,51,51,47
633903663,19,8,11,7
633903752,292,139,153,147
633903753,11,5,6,7
633903754,323,142,181,127
633903761,18,7,11,12
633903763,82,42,40,35
633903844,3,2,1,1
633903851,14,6,8,7
633903852,117,63,54,51
633903853,11,5,6,4
633903861,58,26,32,27
633903863,17,7,10,5
633903864,1,0,1,1
633903874,48,23,25,23
633903883,1,1,0,1
633903884,4,2,2,1
633903961,15,10,5,6
633903962,2,1,1,1
633903963,39,19,20,16
633903982,10,2,8,8
633903991,28,15,13,12
633903993,12,5,7,8
633913042,7,4,3,2
633913051,4,2,2,1
633913062,7,3,4,4
633913141,3,1,2,2
633913854,31,31,0,2
633913951,33,33,0,1
633913952,26,26,0,1
633914511,12,4,8,6
633914513,8,5,3,3
633914612,9,5,4,4
633914613,14,8,6,4
633914614,8,3,5,3
633914711,23,10,13,9
633914713,48,21,27,20
633914714,14,8,6,9
633914813,20,8,12,10
633914814,13,6,7,8
633914904,65,33,32,31
633914911,39,21,18,20
633914913,134,79,55,72
633917494,105,47,58,51
633917543,21,10,11,7
633917544,34,13,21,19
633917553,6,2,4,3
633917554,42,20,22,17
633917563,43,23,20,19
633917564,48,19,29,21
633917572,21,10,11,8
633917573,35,17,18,17
633917574,87,42,45,36
633917581,81,35,46,39
633917582,87,39,48,34
633917583,222,99,123,82
633917584,210,103,107,92
633917591,67,30,37,32
633917592,59,27,32,31
633917593,36,14,22,20
633917632,39,20,19,17
633917633,13,8,5,6
633917634,51,23,28,29
633917641,36,15,21,18
633917642,81,40,41,39
633917731,41,18,23,17
633917732,6,2,4,3
633917733,22,13,9,8
633917831,1,0,1,1
633923022,6,3,3,4
633923024,12,7,5,5
633923031,21,13,8,14
633924002,17,8,9,8
633924003,87,45,42,50
633924004,279,134,145,128
633924011,84,34,50,38
633924013,171,83,88,83
633924101,2,2,0,2
633924111,33,15,18,18
633924114,31,16,15,17
633924212,59,29,30,21
633924214,26,12,14,12
633924223,7,5,2,4
633924321,39,15,24,14
633924324,90,43,47,40
633924422,14,7,7,5
633924431,156,82,74,57
633924434,5,3,2,3
633924532,1,1,0,1
633924534,6,5,1,5
633924622,2,1,1,1
633924623,5,2,3,2
633924712,5,3,2,2
633924831,32,15,17,15
633924832,10,7,3,6
633924834,5,3,2,2
633924842,67,31,36,32
633924843,8,4,4,3
633924844,1,1,0,1
633924941,7,3,4,5
633926594,7,2,5,3
633926653,33,15,18,17
633926654,28,13,15,15
633926663,84,36,48,46
633926664,197,82,115,95
633926672,28,10,18,14
633926673,40,18,22,23
633926674,38,14,24,22
633926681,5,3,2,3
633926682,17,5,12,11
633926691,42,20,22,27
633926693,70,34,36,32
633926694,4,2,2,2
633926734,7,3,4,3
633926744,142,69,73,73
633926751,330,162,168,149
633926752,407,168,239,185
633926753,8,2,6,3
633926761,88,35,53,45
633926763,15,9,6,4
633926792,6,3,3,3
633926794,22,10,12,10
633926831,2,1,1,1
633926832,12,5,7,7
633926833,15,7,8,9
633927112,3,2,1,2
633927114,3,1,2,2
633927211,19,9,10,10
633927214,5,1,4,2
633927303,3,1,2,2
633927403,3,1,2,2
633927404,6,3,3,3
633927501,7,4,3,4
633927503,3,2,1,1
633927701,1,1,0,1
633927703,61,18,43,12
633927811,8,4,4,5
633936324,50,22,28,25
633936894,4,1,3,1
633936982,2,1,1,1
633937474,4,2,2,1
633937483,7,3,4,2
633937522,4,2,2,1
633937523,2,1,1,1
633937533,2,1,1,1
633937564,9,5,4,2
633937572,4,2,2,2
633937621,5,2,3,1
633937623,11,5,6,3
633937662,2,1,1,1
633937663,5,3,2,1
633937664,5,2,3,1
633937673,3,2,1,1
633937722,16,9,7,5
633937724,14,5,9,5
633937761,9,6,3,3
633937762,3,2,1,1
633937763,9,4,5,2
633937822,3,1,2,2
633937844,17,8,9,6
633937851,4,3,1,1
633937852,3,2,1,2
633937892,13,7,6,4
633937894,1,1,0,1
633937922,7,3,4,2
633937923,2,1,1,1
633937924,24,12,12,7
633937933,9,4,5,4
633937941,2,1,1,1
633937943,5,2,3,1
633937944,2,1,1,1
633946091,1,1,0,1
633946233,8,4,4,3
633946234,68,27,41,25
633946243,27,10,17,14
633946341,8,4,4,3
633946354,2,1,1,1
633946361,2,1,1,1
633946442,4,2,2,2
633946451,1,0,1,1
633946453,10,3,7,5
633946551,26,12,14,12
633946553,18,5,13,13
633946564,11,5,6,2
633946573,3,2,1,1
633946574,4,3,1,1
633946583,2,1,1,1
633946594,16,9,7,6
633946652,3,1,2,2
633946661,20,11,9,10
633946672,5,2,3,2
633946874,12,4,8,4
633946882,14,6,8,4
633946883,11,5,6,5
633946884,3,2,1,2
633946891,2,1,1,1
633946892,1,0,1,1
633946893,2,1,1,1
633946894,5,2,3,2
633946972,2,2,0,2
633946981,3,1,2,1
633946982,7,3,4,2
633946992,274,139,135,112
633946993,133,70,63,63
633946994,415,207,208,199
633947002,2,1,1,1
633947003,4,1,3,2
633947011,3,1,2,2
633947023,2,1,1,1
633947024,8,5,3,3
633947031,5,2,3,2
633947033,7,4,3,3
633947034,4,2,2,3
633947041,2,1,1,1
633947042,2,1,1,1
633947092,6,3,3,3
633947103,15,7,8,3
633947114,4,3,1,1
633947121,7,5,2,2
633947122,4,2,2,2
633947123,2,1,1,1
633947124,19,9,10,7
633947131,7,3,4,3
633947134,2,1,1,2
633947141,1,0,1,1
633947143,4,2,2,1
633947174,5,3,2,1
633947221,40,22,18,18
633947222,22,9,13,14
633947223,4,2,2,2
633947224,51,23,28,24
633947231,2,1,1,2
633947233,5,2,3,2
633947322,68,30,38,35
633947323,29,15,14,10
633947324,25,13,12,7
633947372,9,4,5,3
633947374,5,2,3,2
633947411,6,4,2,3
633947412,36,14,22,14
633947413,12,6,6,5
633947421,7,4,3,3
633947423,2,1,1,1
633947431,2,1,1,1
633947472,8,3,5,2
633947483,7,3,4,2
633947501,1,0,1,1
633947504,13,6,7,3
633947511,1,1,0,1
633947512,8,5,3,2
633947513,10,4,6,4
633947514,12,5,7,3
633947523,2,1,1,1
633947581,3,2,1,1
633947583,10,6,4,2
633947611,3,1,2,1
633947634,8,4,4,2
633947642,6,3,3,1
633947681,12,6,6,4
633947683,6,2,4,3
633947684,3,2,1,1
633947724,5,3,2,2
633947754,4,2,2,1
633947764,7,4,3,2
633947773,2,1,1,1
633947781,28,17,11,8
633947782,7,2,5,4
633947784,13,6,7,4
633947792,10,6,4,3
633947794,5,2,3,2
633947801,3,2,1,1
633947802,12,7,5,4
633947803,1,0,1,1
633947804,6,3,3,3
633947811,6,4,2,1
633947812,16,8,8,7
633947813,2,1,1,2
633947814,13,5,8,5
633947821,3,1,2,2
633947823,12,5,7,3
633947824,9,5,4,3
633947831,9,5,4,3
633947834,5,3,2,1
633947843,4,3,1,2
633947852,6,2,4,2
633947853,7,3,4,2
633947854,18,10,8,9
633947861,18,9,9,6
633947862,4,2,2,2
633947863,12,6,6,3
633947864,9,3,6,1
633947871,4,2,2,1
633947873,2,0,2,1
633947874,3,1,2,1
633947882,11,4,7,4
633947884,31,15,16,11
633947891,3,1,2,1
633947894,12,6,6,5
633947901,603,284,319,266
633947902,116,55,61,52
633947903,602,273,329,230
633947904,264,127,137,116
633947911,2,1,1,1
633947912,2,1,1,1
633947913,2,1,1,1
633947914,7,4,3,3
633947921,11,6,5,3
633947922,4,2,2,2
633947923,4,2,2,2
633947924,21,10,11,6
633947933,8,4,4,2
633947944,28,17,11,11
633947951,6,3,3,3
633947954,5,2,3,1
633947961,4,2,2,2
633947962,2,1,1,1
633947963,3,2,1,1
633947964,8,4,4,3
633947971,5,2,3,3
633947973,14,8,6,3
633947974,10,3,7,2
633947982,17,8,9,6
633947991,16,8,8,7
633947992,16,6,10,4
633947993,4,2,2,2
633947994,2,2,0,2
633956081,2,1,1,1
633956082,14,8,6,8
633956084,9,5,4,4
633956091,195,96,99,116
633956092,260,121,139,130
633956093,13,6,7,3
633956094,134,51,83,26
633956172,11,6,5,4
633956181,2,1,1,1
633956182,2,0,2,2
633956191,1,0,1,1
633956192,1,0,1,1
633956283,10,4,6,5
633956284,12,7,5,3
633956293,8,5,3,2
633956294,3,1,2,2
633956374,91,46,45,46
633956381,65,30,35,26
633956382,7,4,3,2
633956383,373,176,197,180
633956391,9,6,3,6
633956394,7,3,4,3
633956472,131,60,71,60
633956474,223,111,112,89
633956481,314,138,176,154
633956482,15,7,8,9
633956483,174,87,87,78
633956484,164,76,88,80
633956491,11,6,5,2
633956494,1,0,1,1
633956581,18,7,11,8
633956582,16,6,10,6
633956674,11,8,3,5
633956681,3,2,1,1
633956683,4,2,2,1
633956691,50,15,35,3
633956693,4,2,2,2
633956772,42,20,22,13
633956774,10,4,6,6
633956791,5,2,3,3
633956794,7,4,3,3
633956872,15,6,9,8
633956891,4,2,2,2
633956972,6,2,4,3
633956992,8,4,4,2
633956994,3,2,1,2
633957001,276,128,148,111
633957002,92,37,55,33
633957003,4,2,2,4
633957004,7,4,3,3
633957013,5,4,1,2
633957021,9,6,3,2
633957022,17,9,8,5
633957023,6,3,3,2
633957031,10,3,7,2
633957032,9,3,6,4
633957033,20,9,11,6
633957034,11,6,5,3
633957041,15,9,6,4
633957044,1,0,1,1
633957051,6,3,3,1
633957052,7,4,3,3
633957054,12,6,6,6
633957061,11,8,3,2
633957062,6,3,3,3
633957063,11,4,7,3
633957064,11,7,4,3
633957073,18,10,8,4
633957074,4,2,2,1
633957081,4,3,1,1
633957082,9,4,5,3
633957083,11,6,5,2
633957084,10,4,6,3
633957091,8,5,3,2
633957092,9,6,3,2
633957093,2,1,1,1
633957094,34,15,19,10
633957101,4,3,1,3
633957111,8,2,6,2
633957113,17,7,10,6
633957122,27,14,13,7
633957132,10,6,4,2
633957133,10,4,6,3
633957134,28,12,16,9
633957141,7,2,5,3
633957142,18,7,11,6
633957143,43,23,20,25
633957144,149,62,87,70
633957151,7,3,4,4
633957152,6,4,2,2
633957153,21,8,13,12
633957154,4,2,2,1
633957162,3,1,2,1
633957163,17,9,8,5
633957164,14,6,8,4
633957172,3,1,2,1
633957173,2,1,1,1
633957181,5,4,1,1
633957182,4,2,2,1
633957183,3,1,2,2
633957184,1,1,0,1
633957191,1,0,1,1
633957193,6,2,4,1
633957194,37,15,22,13
633957201,3,1,2,1
633957203,13,5,8,4
633957213,6,3,3,2
633957214,6,4,2,2
633957242,1,0,1,1
633957244,3,1,2,1
633957252,2,1,1,1
633957261,11,5,6,3
633957262,20,11,9,6
633957263,8,4,4,2
633957264,12,6,6,3
633957271,9,4,5,3
633957274,14,6,8,5
633957281,22,11,11,9
633957283,5,2,3,1
633957291,3,2,1,2
633957292,19,11,8,6
633957293,5,4,1,1
633957312,8,5,3,3
633957313,2,1,1,1
633957321,7,2,5,3
633957323,13,6,7,4
633957361,6,2,4,2
633957362,9,5,4,2
633957363,8,4,4,2
633957371,11,7,4,4
633957372,3,1,2,1
633957374,15,6,9,4
633957381,11,4,7,4
633957382,1,1,0,1
633957383,8,4,4,2
633957384,5,3,2,1
633957391,108,71,37,7
633957393,4,2,2,2
633957394,5,3,2,1
633957421,4,2,2,2
633957424,4,2,2,2
633957444,8,5,3,2
633957461,4,1,3,1
633957481,2,1,1,1
633957483,6,4,2,2
633957484,11,6,5,2
633957491,14,7,7,5
633957492,9,4,5,2
633957493,14,8,6,3
633957501,6,3,3,2
633957504,6,2,4,2
633957521,3,1,2,1
633957523,3,2,1,1
633957532,4,2,2,1
633957541,4,2,2,1
633957591,6,3,3,2
633957621,2,1,1,1
633957624,11,7,4,3
633957631,4,2,2,1
633957643,2,1,1,1
633957674,3,1,2,1
633957681,3,1,2,1
633957684,7,3,4,1
633957703,23,13,10,6
633957762,3,1,2,2
633957764,18,7,11,6
633957773,5,2,3,2
633957782,1,0,1,1
633957783,12,6,6,4
633957801,4,2,2,1
633957803,6,3,3,1
633957812,6,4,2,2
633957862,3,1,2,2
633957864,4,3,1,2
633957872,5,3,2,2
633957874,1,1,0,1
633957882,4,2,2,2
633957883,1,0,1,1
633957912,2,1,1,1
633957913,4,2,2,1
633957914,16,7,9,4
633957931,2,2,0,2
633957933,3,1,2,1
633957942,3,1,2,1
633957964,11,7,4,4
633957972,6,3,3,1
633957973,1,1,0,1
633966072,37,16,21,16
633966094,5,3,2,1
633966174,16,10,6,7
633966272,27,12,15,13
633966372,33,17,16,13
633966374,10,7,3,5
633966471,5,3,2,2
633966473,39,20,19,16
633966664,5,2,3,3
633966762,7,3,4,4
633966764,9,3,6,3
633967002,7,4,3,3
633967004,6,3,3,1
633967013,11,5,6,2
633967201,4,3,1,1
633967202,4,1,3,2
633967212,2,1,1,1
633967221,2,1,1,1
633976161,46,21,25,22
633976163,22,11,11,8
634000084,32,15,17,13
634000092,192,83,109,79
634000094,8,5,3,3
634000181,11,4,7,4
634000182,137,59,78,64
634000184,48,10,38,1
634000281,43,19,24,19
634000283,58,24,34,29
634000374,35,16,19,14
634000381,9,4,5,5
634000464,34,14,20,11
634000471,28,12,16,14
634000473,151,67,84,58
634000561,3,2,1,1
634000562,90,40,50,37
634000563,93,44,49,40
634000564,194,92,102,85
634000661,54,28,26,23
634000754,34,15,19,18
634000844,14,10,4,6
634000851,42,18,24,17
634000852,212,96,116,104
634000853,297,135,162,135
634000854,43,22,21,21
634000863,40,21,19,12
634000942,60,28,32,33
634000944,54,25,29,27
634000951,1,1,0,1
634000962,11,6,5,5
634001001,5,2,3,3
634001052,12,6,6,3
634004091,3,2,1,1
634004093,7,2,5,4
634004094,29,13,16,11
634004194,3,2,1,2
634004291,3,3,0,3
634004293,8,2,6,3
634004294,14,9,5,4
634004364,15,8,7,3
634004382,11,4,7,7
634004384,23,12,11,10
634004391,3,1,2,1
634004392,6,3,3,3
634004393,7,3,4,3
634004462,6,2,4,2
634004471,2,1,1,1
634004472,2,1,1,1
634004474,7,3,4,2
634004481,32,22,10,21
634004482,85,46,39,42
634004483,16,11,5,7
634004484,51,25,26,21
634004491,17,9,8,7
634004493,21,9,12,9
634004494,6,4,2,2
634004572,14,5,9,4
634004573,10,6,4,3
634004574,4,3,1,1
634004581,10,5,5,4
634004582,2,2,0,2
634004583,4,3,1,3
634004584,7,4,3,3
634004592,8,5,3,3
634004593,8,5,3,4
634004664,5,3,2,3
634004672,3,2,1,3
634004674,5,2,3,2
634004682,6,3,3,3
634004683,2,2,0,1
634004684,14,8,6,7
634004691,8,5,3,3
634004693,7,5,2,4
634004771,10,5,5,4
634004772,3,2,1,1
634004773,1,1,0,1
634004774,6,2,4,2
634004783,13,8,5,6
634004864,3,2,1,2
634004872,2,0,2,1
634004881,5,2,3,3
634004883,2,0,2,1
634004952,2,1,1,1
634004954,4,2,2,2
634004962,2,1,1,1
634004963,9,3,6,2
634004964,5,2,3,2
634004971,6,4,2,3
634004973,3,1,2,2
634004974,4,2,2,1
634004983,13,6,7,4
634004984,2,1,1,1
634005001,8,5,3,3
634005002,96,43,53,41
634005003,32,13,19,13
634005004,14,5,9,8
634005011,17,8,9,10
634005022,7,3,4,4
634005024,19,8,11,7
634005033,2,1,1,1
634005074,2,1,1,1
634005081,14,5,9,5
634005082,3,1,2,2
634005084,11,5,6,4
634005093,1,1,0,1
634005101,5,2,3,4
634005102,2,1,1,1
634005103,3,2,1,2
634005111,8,4,4,4
634005112,13,6,7,9
634005113,18,10,8,8
634005114,15,10,5,7
634005122,1,0,1,1
634005171,9,4,5,4
634005172,13,6,7,5
634005173,5,1,4,2
634005174,19,7,12,11
634005182,11,7,4,5
634005183,40,17,23,16
634005201,13,6,7,9
634005202,11,4,7,7
634005203,8,4,4,3
634005204,6,3,3,3
634005211,5,2,3,2
634005212,29,16,13,13
634005214,4,1,3,1
634005221,8,4,4,6
634005271,1,1,0,1
634005282,2,1,1,1
634005284,1,1,0,1
634005301,15,9,6,6
634005303,3,2,1,2
634005304,71,11,60,2
634006093,27,16,11,9
634006094,28,13,15,8
634006174,11,4,7,5
634006182,7,3,4,1
634006183,13,6,7,3
634006191,5,3,2,2
634006263,3,2,1,2
634006264,325,174,151,38
634006271,30,18,12,8
634006272,83,42,41,25
634006273,41,20,21,18
634006353,59,28,31,25
634006354,287,137,150,110
634006361,43,23,20,13
634006362,87,38,49,39
634006363,46,19,27,25
634006434,10,5,5,4
634006441,15,6,9,6
634006442,194,99,95,69
634006443,4,2,2,1
634006444,317,147,170,116
634006451,401,182,219,165
634006452,133,69,64,49
634006453,380,181,199,112
634006454,5,2,3,2
634006541,17,7,10,5
634006542,502,236,266,199
634006543,73,36,37,17
634006544,263,134,129,82
634006551,79,43,36,26
634006553,1,1,0,1
634006632,7,2,5,2
634006641,146,57,89,38
634006642,138,67,71,44
634006643,142,75,67,45
634006712,8,4,4,4
634006714,62,32,30,33
634006724,7,4,3,3
634006732,17,8,9,4
634006733,71,37,34,34
634006734,14,5,9,8
634006741,122,59,63,35
634006743,10,7,3,5
634006811,13,7,6,5
634006812,39,20,19,18
634006813,13,7,6,8
634006814,7,4,3,4
634006821,26,13,13,13
634006822,41,19,22,19
634006823,66,32,34,32
634006824,50,24,26,23
634006831,6,3,3,3
634006833,29,17,12,9
634006834,73,37,36,20
634006841,3,2,1,1
634006843,7,3,4,3
634006912,37,19,18,20
634006914,16,9,7,9
634006921,34,15,19,20
634006922,8,3,5,5
634006923,48,23,25,24
634006931,4,1,3,1
634006932,22,11,11,11
634006941,47,46,1,2
634007001,45,20,25,14
634007002,17,9,8,3
634007003,4,2,2,1
634010041,103,41,62,48
634010042,15,9,6,5
634010043,122,64,58,49
634010141,67,37,30,30
634010314,12,4,8,5
634010321,6,2,4,2
634010402,6,4,2,3
634010403,35,17,18,18
634010404,103,56,47,46
634010411,32,12,20,13
634010412,30,16,14,19
634010413,39,21,18,18
634010501,104,52,52,44
634010503,62,14,48,4
634010601,5,3,2,2
634010833,2,1,1,1
634012392,4,2,2,2
634012394,4,2,2,2
634012492,23,9,14,9
634012493,9,3,6,5
634012494,4,2,2,4
634012524,3,2,1,2
634012594,2,0,2,2
634012692,6,3,3,2
634012733,2,1,1,1
634012833,6,1,5,1
634012943,6,4,2,1
634013254,19,10,9,5
634013342,2,0,2,1
634013343,18,10,8,7
634013344,9,3,6,4
634013352,16,8,8,7
634013353,8,3,5,3
634013354,11,6,5,3
634013361,8,3,5,2
634013403,6,2,4,4
634013432,3,1,2,1
634013441,23,12,11,7
634013442,8,3,5,3
634013443,12,6,6,2
634013444,26,12,14,11
634013451,5,3,2,2
634013452,13,6,7,6
634013453,28,13,15,8
634013454,66,29,37,21
634013461,4,2,2,2
634013463,15,8,7,4
634013551,18,9,9,6
634013552,6,2,4,2
634013561,5,2,3,3
634013601,4,2,2,4
634013701,7,3,4,3
634013703,4,1,3,1
634013841,2,1,1,1
634013874,2,1,1,2
634013881,11,6,5,3
634013882,13,5,8,5
634013883,10,5,5,5
634013884,25,13,12,8
634013911,4,2,2,2
634013964,24,14,10,6
634013972,104,47,57,34
634014043,2,1,1,1
634014052,8,5,3,3
634014053,2,1,1,1
634014054,54,28,26,16
634014061,37,20,17,12
634014063,125,62,63,54
634014064,22,13,9,11
634014071,1,1,0,1
634014072,14,6,8,4
634014073,23,12,11,7
634014081,24,10,14,6
634014083,38,19,19,9
634014144,17,9,8,5
634014152,189,101,88,69
634014154,76,36,40,38
634014161,63,29,34,32
634014162,64,35,29,23
634014163,382,165,217,132
634014164,333,170,163,142
634014171,30,11,19,10
634014172,6,3,3,3
634014173,65,32,33,26
634014181,28,15,13,11
634014183,4,2,2,2
634014184,6,2,4,2
634014193,11,5,6,4
634014232,7,2,5,2
634014242,24,11,13,10
634014243,33,20,13,12
634014244,347,161,186,151
634014251,960,353,607,350
634014252,356,152,204,170
634014253,573,277,296,266
634014254,744,335,409,346
634014261,464,228,236,190
634014262,606,283,323,256
634014263,545,243,302,221
634014264,612,286,326,249
634014271,541,262,279,232
634014272,108,58,50,40
634014273,410,185,225,185
634014274,384,183,201,171
634014281,32,13,19,14
634014282,57,31,26,21
634014283,231,101,130,91
634014284,35,17,18,12
634014291,46,22,24,16
634014332,36,19,17,11
634014333,96,47,49,37
634014334,37,16,21,18
634014341,300,153,147,128
634014342,254,126,128,98
634014351,321,148,173,148
634014352,86,41,45,43
634014361,27,11,16,12
634014371,90,37,53,42
634014372,206,97,109,85
634014381,161,61,100,86
634014382,292,140,152,134
634014384,76,33,43,35
634014391,66,27,39,22
634014393,268,116,152,102
634014394,249,117,132,89
634014422,7,5,2,3
634014431,19,9,10,12
634014492,18,10,8,6
634014502,7,4,3,4
634014504,45,23,22,16
634014511,39,16,23,17
634014513,6,4,2,4
634014601,17,8,9,5
634014602,28,14,14,15
634014603,45,22,23,13
634014701,20,8,12,10
634015283,6,3,3,2
634015294,9,4,5,3
634015303,66,36,30,21
634015311,2,1,1,1
634015312,9,6,3,1
634015321,14,5,9,4
634015391,1,1,0,1
634015392,18,9,9,5
634015401,152,74,78,56
634015402,122,64,58,43
634015404,28,12,16,14
634015411,30,14,16,9
634015412,21,7,14,10
634015413,106,56,50,43
634015414,286,137,149,109
634015421,25,13,12,11
634015423,222,92,130,97
634015424,145,69,76,50
634015432,55,9,46,3
634015433,331,149,182,120
634015434,149,73,76,60
634015443,151,75,76,46
634015444,209,106,103,72
634015453,98,50,48,36
634015454,77,46,31,23
634015463,3,1,2,1
634015474,6,2,4,3
634015482,24,13,11,7
634015483,3,2,1,1
634015484,107,51,56,33
634015491,20,10,10,6
634015492,1,0,1,1
634015512,25,14,11,8
634015521,126,56,70,49
634015522,302,150,152,110
634015531,376,161,215,123
634015532,222,105,117,90
634015541,160,74,86,47
634015542,13,4,9,10
634015551,161,78,83,58
634015552,468,239,229,145
634015554,58,27,31,21
634015561,102,53,49,31
634015563,143,76,67,42
634015572,2,1,1,1
634015581,3,2,1,1
634016012,2,1,1,1
634016203,5,3,2,1
634016302,3,2,1,2
634016303,7,4,3,3
634021491,4,1,3,2
634021492,4,2,2,2
634021493,7,4,3,2
634021592,5,2,3,2
634021681,4,3,1,1
634021683,3,1,2,1
634021684,1,1,0,1
634021691,2,1,1,1
634021692,7,4,3,3
634021693,5,4,1,2
634021741,4,4,0,4
634021784,24,15,9,5
634021791,6,3,3,2
634021793,3,1,2,1
634021872,3,2,1,1
634021882,2,1,1,1
634021883,3,1,2,2
634021884,6,3,3,2
634021893,5,2,3,2
634021894,10,5,5,4
634021982,10,5,5,3
634021984,9,4,5,5
634021992,4,2,2,1
634021993,1,0,1,1
634021994,10,4,6,3
634022051,3,1,2,1
634022063,3,1,2,1
634022064,4,2,2,2
634022071,4,2,2,1
634022072,6,3,3,1
634022073,3,2,1,1
634022083,6,4,2,2
634022181,6,3,3,2
634022182,7,4,3,2
634022282,6,2,4,1
634022292,10,4,6,3
634022293,7,3,4,2
634022391,2,1,1,1
634022501,3,1,2,1
634022503,4,2,2,1
634022544,2,1,1,1
634022573,2,1,1,1
634022574,3,1,2,2
634022583,11,5,6,4
634022584,1,1,0,1
634022593,3,2,1,2
634022594,6,2,4,2
634022601,4,3,1,1
634022603,4,4,0,2
634022604,9,6,3,2
634022611,4,2,2,2
634022612,9,3,6,2
634022613,8,4,4,3
634022614,12,7,5,5
634022621,4,2,2,2
634022624,2,1,1,1
634022642,3,2,1,1
634022643,3,1,2,1
634022652,1,1,0,1
634022654,2,1,1,1
634022663,3,2,1,1
634022664,4,2,2,2
634022671,4,1,3,2
634022672,1,1,0,1
634022673,18,9,9,9
634022674,49,22,27,20
634022681,28,17,11,7
634022683,44,18,26,15
634022684,26,13,13,8
634022691,7,4,3,2
634022692,4,2,2,2
634022693,25,14,11,11
634022694,28,12,16,9
634022701,11,6,5,3
634022702,8,5,3,3
634022703,3,2,1,1
634022712,1,1,0,1
634022721,1,1,0,1
634022722,3,2,1,1
634022723,4,2,2,1
634022724,1,1,0,1
634022733,5,4,1,1
634022743,7,4,3,4
634022752,5,3,2,2
634022753,17,6,11,5
634022754,55,20,35,19
634022761,6,2,4,3
634022762,37,17,20,17
634022763,79,31,48,40
634022764,8,3,5,2
634022771,77,37,40,27
634022772,15,5,10,4
634022801,5,2,3,2
634022802,8,4,4,2
634022804,73,27,46,3
634022812,6,3,3,1
634022821,24,13,11,6
634022823,2,1,1,1
634022824,34,18,16,16
634022831,4,3,1,2
634022834,29,15,14,12
634022841,47,26,21,14
634022842,3,2,1,2
634022843,84,40,44,27
634022851,10,5,5,6
634022852,13,12,1,13
634022904,3,2,1,3
634022913,257,116,141,116
634022914,503,238,265,234
634022921,79,72,7,2
634022922,3,1,2,2
634022923,193,93,100,102
634022924,254,126,128,107
634022931,48,23,25,20
634022932,2,1,1,1
634022933,76,39,37,42
634023012,16,8,8,6
634023061,9,5,4,2
634023062,5,2,3,2
634023063,61,30,31,21
634023064,13,6,7,5
634023112,15,8,7,3
634023123,6,1,5,3
634023124,36,16,20,10
634023132,2,2,0,1
634023133,14,8,6,3
634023134,6,3,3,2
634023141,1,0,1,1
634023151,1,0,1,1
634023152,36,21,15,13
634023161,89,48,41,38
634023162,52,25,27,18
634023203,1,1,0,1
634023231,88,40,48,42
634023232,192,94,98,72
634023234,423,199,224,180
634023241,9,5,4,6
634023242,3,0,3,3
634023243,483,221,262,151
634023244,114,60,54,37
634023301,1,0,1,1
634023313,16,5,11,3
634023314,13,5,8,3
634023322,5,3,2,3
634023324,2,1,1,1
634023331,2,1,1,1
634023332,191,96,95,50
634023334,9,5,4,5
634023401,5,3,2,2
634023402,50,25,25,9
634023414,6,2,4,2
634023501,11,5,6,5
634023503,190,95,95,79
634023504,3,1,2,2
634023511,47,24,23,15
634023513,137,68,69,32
634023514,165,72,93,47
634023601,127,63,64,51
634023603,9,5,4,4
634023604,30,15,15,12
634023611,15,0,15,15
634030294,3,1,2,2
634030492,2,1,1,1
634030591,3,2,1,2
634030592,3,2,1,1
634030703,5,2,3,2
634030712,2,1,1,1
634030801,2,1,1,1
634030804,6,3,3,2
634031081,6,3,3,2
634031082,6,3,3,2
634031083,2,1,1,1
634031084,3,2,1,1
634031091,15,6,9,5
634031092,4,2,2,1
634031093,2,0,2,1
634031094,14,6,8,4
634031162,6,3,3,2
634031173,2,1,1,1
634031181,7,3,4,3
634031183,4,2,2,1
634031184,15,8,7,5
634031192,5,2,3,2
634031193,32,9,23,6
634031194,30,14,16,10
634031251,3,1,2,1
634031253,2,1,1,1
634031254,2,1,1,2
634031271,1,1,0,1
634031281,24,13,11,8
634031293,22,11,11,6
634031294,3,2,1,1
634031313,8,4,4,2
634031332,1,0,1,1
634031341,1,0,1,1
634031391,16,8,8,6
634031392,12,7,5,3
634031394,4,2,2,2
634031403,8,2,6,2
634031404,1,0,1,1
634031413,8,4,4,2
634031414,2,1,1,1
634031423,14,6,8,7
634031424,10,5,5,4
634031591,9,4,5,4
634031592,13,7,6,3
634031692,2,1,1,1
634032001,225,131,94,107
634032002,942,442,500,398
634032003,111,56,55,44
634032004,419,172,247,153
634032011,982,514,468,393
634032012,607,295,312,306
634032013,655,309,346,314
634032014,919,428,491,412
634032021,800,384,416,328
634032022,364,189,175,187
634032023,774,381,393,366
634032024,262,141,121,104
634032031,3,2,1,2
634032101,2,1,1,1
634032102,65,32,33,27
634032103,15,6,9,4
634032104,14,8,6,7
634032111,280,136,144,107
634032112,786,381,405,357
634032113,503,253,250,199
634032114,6,6,0,6
634032121,372,181,191,151
634032122,115,58,57,49
634032123,213,102,111,90
634032124,3,3,0,1
634032202,5,5,0,5
634032203,4,4,0,4
634032211,43,19,24,15
634032212,11,6,5,4
634032213,1,1,0,1
634032312,67,37,30,22
634032314,82,37,45,20
634032321,35,17,18,10
634032402,5,3,2,1
634032403,12,6,6,3
634032404,14,5,9,4
634032412,8,6,2,4
634032414,14,3,11,9
634032501,11,5,6,3
634032614,69,33,36,23
634032701,3,1,2,1
634032703,10,3,7,3
634032704,6,2,4,1
634032712,32,13,19,15
634032713,6,3,3,1
634032714,37,17,20,12
634032721,4,3,1,1
634032801,23,11,12,6
634032802,2,1,1,1
634032803,7,3,4,3
634032804,5,2,3,1
634032812,14,9,5,7
634032821,20,12,8,10
634032902,6,4,2,2
634032923,1,0,1,1
634037674,13,8,5,5
634037683,18,8,10,8
634037694,199,87,112,96
634037764,45,18,27,23
634037771,52,20,32,26
634037772,1098,481,617,600
634037773,415,193,222,220
634037774,1098,477,621,601
634037781,274,127,147,135
634037782,145,55,90,89
634037783,431,211,220,188
634037784,498,168,330,259
634037791,614,281,333,297
634037792,1347,607,740,663
634037793,1217,526,691,586
634037794,233,100,133,120
634037854,212,91,121,96
634037862,184,91,93,99
634037863,207,92,115,91
634037864,144,72,72,71
634037871,595,264,331,342
634037872,683,284,399,373
634037873,788,338,450,398
634037874,123,52,71,72
634037881,194,134,60,149
634037882,21,11,10,14
634037891,170,84,86,72
634037892,736,355,381,260
634037894,719,459,260,403
634037944,243,110,133,115
634037952,91,42,49,43
634037953,487,215,272,206
634037954,316,137,179,126
634037961,585,268,317,281
634037962,344,167,177,152
634037963,661,310,351,277
634037964,878,419,459,431
634037971,557,254,303,295
634037973,121,48,73,57
634037992,723,348,375,289
634037993,113,44,69,54
634037994,396,180,216,182
634040244,8,4,4,2
634040314,5,2,3,2
634040324,3,1,2,1
634040331,3,2,1,1
634040334,15,6,9,4
634040341,6,3,3,1
634040342,2,1,1,1
634040403,7,4,3,2
634040412,17,7,10,7
634040424,5,2,3,1
634040433,4,2,2,2
634040501,4,3,1,2
634040502,10,5,5,3
634040511,6,5,1,3
634040512,2,1,1,1
634040513,3,1,2,1
634040514,12,7,5,3
634040521,4,2,2,1
634040522,10,4,6,3
634040523,5,3,2,2
634040524,13,7,6,4
634040531,15,10,5,4
634040533,6,3,3,3
634040543,11,4,7,3
634040593,2,1,1,1
634040602,8,4,4,2
634040603,7,4,3,2
634040604,2,1,1,1
634040613,3,1,2,1
634040623,1,1,0,1
634040624,4,3,1,2
634040632,6,2,4,1
634040633,6,3,3,1
634040634,5,3,2,2
634040641,6,2,4,1
634040674,3,1,2,2
634040684,8,5,3,2
634040691,3,2,1,1
634040694,6,3,3,3
634040701,10,5,5,3
634040702,4,2,2,1
634040703,14,5,9,3
634040704,4,2,2,2
634040711,20,12,8,5
634040712,18,7,11,6
634040714,7,3,4,3
634040721,4,2,2,2
634040724,7,3,4,2
634040781,8,4,4,3
634040782,2,1,1,1
634040793,2,1,1,1
634040802,4,2,2,1
634040803,18,9,9,5
634040811,1,0,1,1
634040821,1,1,0,1
634040822,2,1,1,1
634040833,2,1,1,1
634040863,20,8,12,7
634040882,2,1,1,1
634040883,4,2,2,2
634040884,6,2,4,2
634040893,2,1,1,1
634040901,2,1,1,1
634040902,1,0,1,1
634040903,2,1,1,1
634040904,18,8,10,7
634040912,16,8,8,5
634040913,5,2,3,2
634040914,2,1,1,1
634040921,8,5,3,2
634040922,3,1,2,2
634040923,16,8,8,5
634040924,13,4,9,4
634040932,16,5,11,5
634040933,9,3,6,2
634040934,5,3,2,3
634040941,2,1,1,1
634040942,11,5,6,2
634040943,22,10,12,4
634040951,11,4,7,4
634040952,20,10,10,8
634040961,2,0,2,2
634040962,4,0,4,4
634040964,10,3,7,4
634040973,2,0,2,2
634040981,6,4,2,1
634040983,9,2,7,2
634041601,2,0,2,1
634041603,1,1,0,1
634041701,6,3,3,3
634041804,5,2,3,1
634041813,3,1,2,2
634041902,3,2,1,2
634042001,3,2,1,1
634042024,2,1,1,1
634042122,7,3,4,3
634042223,5,2,3,2
634042224,8,2,6,3
634042322,12,8,4,7
634042331,9,2,7,3
634042333,94,43,51,37
634042423,3,2,1,1
634042424,4,2,2,2
634042431,134,63,71,66
634042433,22,9,13,13
634042533,1,0,1,1
634042622,5,3,2,1
634042731,5,2,3,2
634042732,3,2,1,2
634042734,2,1,1,1
634042834,8,4,4,4
634042843,10,4,6,3
634042844,7,4,3,3
634042943,6,3,3,3
634047042,1159,517,642,412
634047051,737,335,402,291
634047052,483,230,253,221
634047053,197,93,104,82
634047054,1106,542,564,450
634047061,272,145,127,131
634047062,515,244,271,239
634047063,430,198,232,180
634047064,3,1,2,1
634047091,21,8,13,10
634047092,74,27,47,39
634047143,1,1,0,1
634047152,5,3,2,3
634047161,94,71,23,67
634047284,9,5,4,4
634047292,6,3,3,3
634047293,96,47,49,50
634047294,50,25,25,22
634047363,10,4,6,5
634047371,29,13,16,12
634047372,53,28,25,20
634047373,362,157,205,177
634047374,28,12,16,12
634047381,292,143,149,138
634047382,780,397,383,346
634047383,297,147,150,129
634047384,577,267,310,265
634047391,818,388,430,331
634047392,134,54,80,51
634047393,714,336,378,276
634047394,596,269,327,256
634047433,1,1,0,1
634047434,57,28,29,20
634047442,147,70,77,63
634047443,125,55,70,61
634047444,649,310,339,275
634047451,5,2,3,3
634047452,27,12,15,12
634047453,663,365,298,298
634047454,2,1,1,1
634047461,412,185,227,185
634047462,5,3,2,1
634047463,51,26,25,22
634047464,220,106,114,91
634047471,33,12,21,13
634047472,10,5,5,3
634047473,4,2,2,2
634047474,21,11,10,11
634047481,169,76,93,69
634047482,601,268,333,280
634047483,58,28,30,25
634047484,277,121,156,133
634047491,105,51,54,44
634047492,446,210,236,195
634047493,215,101,114,91
634047494,545,255,290,226
634047522,6,3,3,3
634047524,30,13,17,16
634047531,11,5,6,5
634047532,4,1,3,2
634047533,14,5,9,4
634047534,23,11,12,11
634047541,287,141,146,112
634047542,1246,588,658,619
634047543,134,67,67,45
634047544,489,235,254,226
634047551,1355,592,763,659
634047552,294,138,156,141
634047553,998,471,527,358
634047554,1444,652,792,541
634047561,6,2,4,2
634047562,51,29,22,21
634047563,69,34,35,30
634047572,46,27,19,19
634047574,30,16,14,11
634047581,212,99,113,85
634047582,230,99,131,99
634047583,207,94,113,95
634047584,276,131,145,122
634047591,62,28,34,28
634047592,356,165,191,127
634047593,110,51,59,53
634047594,142,69,73,60
634047622,211,98,113,95
634047624,6,3,3,3
634047631,37,19,18,17
634047632,16,8,8,6
634047633,76,36,40,37
634047634,22,13,9,9
634047641,106,52,54,47
634047642,252,116,136,109
634047643,4,2,2,1
634047644,9,5,4,3
634047651,230,122,108,112
634047652,151,74,77,55
634047663,1,0,1,1
634047664,3,2,1,1
634047682,29,15,14,13
634047683,8,2,6,3
634047691,23,11,12,9
634047693,5,3,2,2
634047722,166,82,84,68
634047724,58,31,27,22
634047731,52,25,27,19
634047733,6,1,5,4
634047734,28,14,14,13
634047742,4,2,2,2
634047744,11,5,6,5
634047754,2,1,1,1
634047764,2,1,1,1
634047772,14,8,6,5
634047774,5,2,3,2
634047781,11,7,4,3
634047782,22,11,11,10
634047783,2,0,2,2
634047821,15,4,11,6
634047822,89,44,45,43
634047823,7,4,3,2
634047824,9,5,4,2
634047831,14,7,7,5
634047832,3,1,2,2
634047833,25,13,12,7
634047834,5,3,2,2
634047841,12,7,5,5
634047842,4,2,2,2
634047843,12,7,5,4
634047851,3,2,1,1
634047872,4,2,2,3
634047921,17,8,9,8
634047922,12,5,7,6
634047923,17,7,10,8
634047924,5,3,2,3
634047931,28,13,15,11
634047932,8,6,2,2
634047933,29,14,15,14
634047934,15,6,9,7
634047942,1,0,1,1
634050001,6,3,3,1
634050002,15,7,8,3
634050003,340,176,164,139
634050004,301,148,153,134
634050011,15,7,8,4
634050013,427,199,228,182
634050014,85,41,44,27
634050021,2,1,1,1
634050023,15,6,9,3
634050024,1,0,1,1
634050031,4,2,2,1
634050034,4,2,2,1
634050043,9,5,4,2
634050044,13,5,8,4
634050051,78,33,45,29
634050052,56,22,34,25
634050053,57,13,44,4
634050054,30,13,17,13
634050061,18,9,9,5
634050062,3,1,2,2
634050063,1,1,0,1
634050071,5,3,2,2
634050072,2,1,1,1
634050081,6,3,3,3
634050084,5,3,2,1
634050093,4,2,2,1
634050101,230,107,123,107
634050102,785,374,411,341
634050103,63,32,31,27
634050104,396,157,239,146
634050111,506,236,270,210
634050112,581,304,277,240
634050113,151,69,82,59
634050114,78,38,40,33
634050121,17,8,9,9
634050122,2,1,1,1
634050132,13,7,6,5
634050141,13,5,8,4
634050144,24,9,15,6
634050153,2,1,1,1
634050201,7,4,3,3
634050202,41,19,22,19
634050203,1,1,0,1
634050211,12,7,5,4
634050222,1,1,0,1
634050223,5,1,4,2
634050251,6,3,3,1
634050253,5,2,3,2
634050301,4,2,2,3
634050303,1,1,0,1
634050344,5,3,2,2
634050351,4,2,2,2
634050354,2,1,1,1
634050432,1,0,1,1
634050454,8,6,2,3
634050541,4,1,3,1
634051011,6,3,3,3
634051012,3,1,2,2
634051024,1,0,1,1
634051124,4,2,2,2
634051222,10,4,6,5
634051224,7,5,2,4
634051233,12,5,7,3
634051331,27,10,17,13
634051332,5,2,3,3
634051541,6,3,3,1
634051651,2,1,1,1
634051652,4,2,2,1
634051663,5,2,3,4
634051742,2,1,1,1
634051761,36,22,14,15
634051764,5,3,2,2
634051773,3,1,2,2
634051871,2,1,1,1
634051872,1,1,0,1
634052041,2,1,1,1
634052042,2,1,1,1
634052044,6,3,3,1
634052142,7,3,4,3
634052244,3,1,2,2
634052251,12,6,6,4
634052252,190,95,95,100
634052253,41,17,24,20
634052254,95,46,49,44
634052263,32,15,17,24
634052341,3,0,3,2
634052361,15,0,15,15
634052463,4,2,2,2
634052512,11,4,7,3
634052521,4,2,2,2
634052564,2,0,2,1
634052671,2,1,1,1
634052672,5,3,2,4
634052673,2,1,1,2
634052674,2,2,0,1
634052772,76,37,39,40
634052781,40,17,23,13
634052783,33,15,18,17
634052873,6,4,2,2
634052874,20,7,13,2
634052881,6,3,3,1
634052883,3,1,2,2
634052962,2,1,1,1
634052971,4,2,2,1
634052972,12,5,7,4
634052973,5,2,3,2
634052981,97,23,74,9
634052982,17,9,8,6
634052983,10,4,6,5
634052984,41,21,20,17
634052991,63,31,32,20
634052993,134,66,68,58
634056494,32,14,18,12
634056583,13,7,6,6
634056584,97,47,50,44
634056592,605,279,326,256
634056593,620,310,310,279
634056594,1235,551,684,550
634056672,241,106,135,106
634056673,31,13,18,11
634056674,475,230,245,192
634056681,851,401,450,363
634056682,637,293,344,298
634056683,1293,601,692,605
634056684,659,291,368,323
634056691,984,449,535,495
634056692,857,403,454,385
634056693,565,265,300,299
634056694,661,307,354,345
634056761,4,2,2,2
634056771,2,1,1,1
634056772,70,33,37,27
634056773,25,13,12,10
634056774,10,5,5,4
634056781,1095,513,582,519
634056782,458,237,221,198
634056783,101,42,59,51
634056784,77,28,49,30
634056791,1007,443,564,489
634056792,1072,466,606,487
634056793,529,234,295,232
634056794,1100,499,601,498
634056854,4,2,2,2
634056861,2,1,1,1
634056862,83,37,46,39
634056863,14,7,7,4
634056864,417,204,213,184
634056871,244,123,121,118
634056872,8,4,4,5
634056873,573,258,315,250
634056874,42,21,21,14
634056883,14,6,8,6
634056891,18,9,9,14
634056892,329,151,178,146
634056894,64,32,32,24
634056942,27,3,24,24
634056943,4,3,1,2
634056944,25,1,24,23
634056951,13,8,5,6
634056952,4,1,3,2
634056953,16,7,9,7
634056961,32,15,17,11
634056962,92,40,52,42
634056964,21,11,10,9
634056971,62,29,33,28
634056972,12,4,8,5
634056973,170,78,92,78
634056974,30,13,17,11
634056983,15,7,8,4
634056991,2,1,1,2
634056992,21,11,10,10
634056994,10,6,4,4
634057014,44,20,24,18
634057021,24,12,12,11
634057022,18,8,10,8
634057023,79,33,46,35
634057024,86,42,44,37
634057031,16,5,11,6
634057032,17,7,10,4
634057033,15,9,6,7
634057034,6,3,3,2
634057041,17,9,8,6
634057062,1,1,0,1
634057112,167,74,93,75
634057113,7,4,3,2
634057114,142,63,79,69
634057121,258,119,139,108
634057122,48,23,25,23
634057123,68,35,33,26
634057124,101,53,48,41
634057131,18,11,7,7
634057132,11,5,6,3
634057133,434,212,222,181
634057134,148,76,72,64
634057141,8,4,4,4
634057211,7,3,4,3
634057212,8,4,4,2
634057213,15,6,9,9
634057214,30,15,15,10
634057221,28,11,17,17
634057222,27,14,13,11
634057223,17,8,9,7
634057224,11,4,7,5
634057231,4,1,3,3
634057232,37,16,21,14
634057233,11,4,7,3
634057241,5,2,3,3
634057302,8,3,5,4
634057304,17,6,11,5
634057311,14,6,8,5
634057312,46,21,25,22
634057313,12,4,8,4
634057314,42,19,23,20
634057321,21,11,10,8
634057322,15,7,8,3
634057323,38,15,23,12
634057324,8,5,3,3
634057332,2,1,1,1
634057401,121,53,68,56
634057402,615,286,329,240
634057403,795,396,399,325
634057404,1143,555,588,431
634057411,82,37,45,30
634057412,56,24,32,20
634057413,108,58,50,44
634057414,9,3,6,4
634057421,16,8,8,6
634057422,10,5,5,3
634057423,28,16,12,13
634057424,16,8,8,6
634057431,8,4,4,3
634057432,1,1,0,1
634057501,1315,623,692,522
634057502,550,263,287,247
634057503,1413,615,798,654
634057504,292,101,191,18
634057511,9,5,4,2
634057512,18,10,8,6
634057513,74,36,38,32
634057514,46,24,22,12
634057521,46,21,25,15
634057523,13,7,6,4
634057601,427,193,234,186
634057602,100,47,53,44
634057603,215,97,118,99
634057604,134,78,56,24
634057611,76,39,37,32
634057612,14,5,9,3
634057613,175,109,66,30
634057614,26,12,14,10
634057624,16,10,6,9
634057701,1110,511,599,463
634057702,394,153,241,112
634057703,433,198,235,180
634057704,304,146,158,109
634057711,48,18,30,14
634057712,2,1,1,1
634057713,12,7,5,4
634057722,220,162,58,4
634057801,167,82,85,66
634057802,68,32,36,23
634057803,10,5,5,6
634057804,61,17,44,16
634057811,97,30,67,4
634057812,176,80,96,3
634057814,13,4,9,5
634057821,11,5,6,5
634057823,10,5,5,3
634057902,32,14,18,12
634057903,19,11,8,6
634057911,23,11,12,9
634057912,12,5,7,4
634057913,65,34,31,28
634057914,9,3,6,4
634061991,3,2,1,3
634062074,6,2,4,3
634062081,2,1,1,1
634062082,1,0,1,1
634062083,16,8,8,6
634062084,6,4,2,3
634062091,408,188,220,222
634062092,134,57,77,71
634062093,794,468,326,201
634062094,172,72,100,100
634062174,9,4,5,4
634062181,25,12,13,9
634062182,64,29,35,25
634062183,2,1,1,1
634062184,15,8,7,6
634062191,132,65,67,73
634062192,519,222,297,242
634062193,37,26,11,22
634062194,610,288,322,287
634062281,14,7,7,4
634062283,11,4,7,3
634062284,21,10,11,8
634062292,158,71,87,75
634062293,6,3,3,3
634062294,42,17,25,20
634062382,6,2,4,2
634062392,40,22,18,20
634062472,2,1,1,1
634062481,2,1,1,1
634062482,6,1,5,3
634062483,1,1,0,1
634062491,2,1,1,1
634062492,5,3,2,2
634062581,6,3,3,3
634062583,1,0,1,1
634062593,10,4,6,2
634062664,6,3,3,3
634062673,5,3,2,2
634062844,6,4,2,1
634062852,3,2,1,1
634062853,2,1,1,1
634062854,31,14,17,18
634062861,1,0,1,1
634062942,4,2,2,3
634062951,13,7,6,11
634062952,24,9,15,12
634062953,4,3,1,3
634063003,14,6,8,5
634063101,269,125,144,130
634063103,324,153,171,171
634063104,18,9,9,7
634063201,325,150,175,161
634063202,272,137,135,100
634063203,119,55,64,54
634063204,28,13,15,12
634063213,38,17,21,14
634063302,4,3,1,4
634063303,3,2,1,2
634063304,10,6,4,4
634063311,6,3,3,3
634063312,1,0,1,1
634063402,4,2,2,2
634063413,5,2,3,2
634063414,2,1,1,1
634063512,3,1,2,2
634063513,13,5,8,5
634063524,4,2,2,1
634063533,1,1,0,1
634063611,9,4,5,2
634063622,7,3,4,2
634063631,2,1,1,1
634063633,10,5,5,5
634063712,5,2,3,2
634063722,1,0,1,1
634063723,8,4,4,4
634063731,9,5,4,3
634063733,8,4,4,3
634063853,16,8,8,5
634063944,5,1,4,3
634063952,4,0,4,4
634063953,2,0,2,2
634063963,2,0,2,2
634063964,19,6,13,13
634064972,183,84,99,82
634064973,124,61,63,60
634064974,7,3,4,4
634064981,19,7,12,11
634065694,4,2,2,2
634065791,1,0,1,1
634065792,158,40,118,16
634065794,4,2,2,2
634065882,2,1,1,1
634065884,2,1,1,1
634065892,2,1,1,1
634065894,50,23,27,1
634065962,42,17,25,20
634065964,241,110,131,91
634065971,60,26,34,28
634065972,64,30,34,28
634065973,411,180,231,135
634065974,240,101,139,127
634065981,5,2,3,3
634065983,21,7,14,10
634065984,2,1,1,1
634066022,28,12,16,11
634066024,50,26,24,16
634066033,20,11,9,8
634066034,17,7,10,6
634066041,6,2,4,3
634066042,3,1,2,2
634066043,28,13,15,11
634066044,76,30,46,35
634066051,17,7,10,6
634066053,6,3,3,1
634066062,9,4,5,3
634066071,46,23,23,19
634066072,20,11,9,6
634066074,56,30,26,20
634066081,30,12,18,7
634066083,24,12,12,7
634066092,15,7,8,4
634066094,9,4,5,3
634066121,36,18,18,13
634066122,323,142,181,104
634066123,23,11,12,12
634066124,126,57,69,49
634066131,121,54,67,51
634066132,13,6,7,5
634066133,487,228,259,189
634066134,17,6,11,9
634066141,8,3,5,3
634066142,14,6,8,6
634066151,7,3,4,3
634066172,17,6,11,7
634066181,41,19,22,15
634066182,17,10,7,6
634066183,15,7,8,5
634066184,21,10,11,8
634066212,4,2,2,3
634066214,19,9,10,13
634066221,73,37,36,28
634066222,81,33,48,40
634066223,1,1,0,1
634066224,23,12,11,10
634066231,138,49,89,77
634066232,102,41,61,42
634066234,27,12,15,14
634066282,25,12,13,10
634066284,3,1,2,1
634066312,10,4,6,3
634066323,71,30,41,21
634066412,24,12,12,12
634066414,309,139,170,141
634066421,56,23,33,20
634066422,32,17,15,17
634066423,498,230,268,221
634066424,82,37,45,32
634066431,3,0,3,1
634066432,5,2,3,2
634066433,58,32,26,22
634066434,1,0,1,1
634066484,16,8,8,7
634066504,36,16,20,16
634066511,93,44,49,37
634066512,786,348,438,380
634066513,602,274,328,287
634066514,513,229,284,240
634066521,401,194,207,186
634066522,125,63,62,52
634066523,518,242,276,214
634066524,290,139,151,128
634066531,141,71,70,68
634066533,20,11,9,11
634066601,1,1,0,1
634066602,414,190,224,182
634066603,45,22,23,19
634066604,2,2,0,2
634066611,450,200,250,208
634066612,568,255,313,160
634066613,130,60,70,58
634066614,83,38,45,33
634066621,21,11,10,9
634066622,3,1,2,2
634066631,15,8,7,8
634066683,48,22,26,18
634066684,21,10,11,9
634066693,10,3,7,4
634066701,108,47,61,57
634066703,6,2,4,3
634066723,7,4,3,3
634066724,16,8,8,6
634066733,5,3,2,3
634066741,20,12,8,14
634066743,13,5,8,4
634066744,62,32,30,28
634066751,9,6,3,8
634066752,151,68,83,78
634066753,94,45,49,45
634066754,348,168,180,225
634066761,68,28,40,40
634066763,147,71,76,119
634066764,80,56,24,66
634066771,123,54,69,57
634066772,11,6,5,4
634066773,35,19,16,15
634066774,36,17,19,11
634066781,1,0,1,1
634066801,2,1,1,1
634066822,34,9,25,25
634066824,3,0,3,3
634066831,13,5,8,10
634066832,81,35,46,41
634066841,210,88,122,103
634067001,13,7,6,6
634067002,16,8,8,5
634067003,10,4,6,2
634067004,9,6,3,5
634067011,25,13,12,11
634067012,3,1,2,1
634067013,6,2,4,2
634067021,10,5,5,3
634067101,15,5,10,6
634067102,21,11,10,8
634067103,11,6,5,4
634067104,11,7,4,3
634067111,4,3,1,2
634067112,9,3,6,3
634067113,7,4,3,3
634067114,3,1,2,2
634067123,1,0,1,1
634067133,7,3,4,2
634067202,17,8,9,5
634067204,8,5,3,2
634067213,5,3,2,1
634067221,6,2,4,3
634067222,4,2,2,2
634067231,3,1,2,1
634067241,2,1,1,1
634067304,10,5,5,4
634067314,10,4,6,3
634067323,13,3,10,4
634067401,3,2,1,1
634067404,8,3,5,2
634067414,4,2,2,1
634067421,6,3,3,3
634067502,23,12,11,8
634067503,158,69,89,62
634067504,72,30,42,34
634067511,6,3,3,3
634067512,5,3,2,1
634067521,6,5,1,5
634067523,3,3,0,3
634067541,2,1,1,1
634067601,256,118,138,130
634067602,181,86,95,82
634067604,162,83,79,71
634067611,99,38,61,26
634067612,3,2,1,1
634067613,159,71,88,56
634067614,109,47,62,34
634067622,6,2,4,3
634067631,1,1,0,1
634067633,2,1,1,1
634067634,9,3,6,2
634067684,4,1,3,1
634067693,7,3,4,3
634067701,4,2,2,2
634067702,27,13,14,11
634067704,12,7,5,7
634067711,106,46,60,57
634067712,47,18,29,25
634067721,29,15,14,10
634067722,10,6,4,3
634067723,2,1,1,1
634067724,19,10,9,6
634067732,19,12,7,6
634067733,5,2,3,4
634067734,22,10,12,5
634067741,4,2,2,1
634067753,4,3,1,1
634067782,4,2,2,2
634067784,2,1,1,1
634067823,5,1,4,2
634067834,1,0,1,1
634067841,8,5,3,2
634067843,4,2,2,1
634067844,5,2,3,3
634067864,87,42,45,35
634067872,8,3,5,2
634067873,92,17,75,2
634067874,16,7,9,4
634067883,8,3,5,2
634067884,20,8,12,5
634067922,2,1,1,1
634067923,2,1,1,1
634067924,1,0,1,1
634067942,4,2,2,2
634067944,4,2,2,1
634067951,16,9,7,7
634067952,6,4,2,3
634067961,127,65,62,52
634067962,149,73,76,68
634067963,12,3,9,6
634067964,18,10,8,6
634067971,184,74,110,9
634067972,9,6,3,3
634067973,14,6,8,7
634067982,2,1,1,1
634067983,7,4,3,2
634067984,5,3,2,2
634067993,9,3,6,4
634070731,2,1,1,1
634071063,3,2,1,3
634072041,3,1,2,2
634072042,1,0,1,1
634072044,4,2,2,2
634072141,5,3,2,2
634072143,4,1,3,1
634072144,2,1,1,1
634072354,9,4,5,3
634072373,7,3,4,2
634072451,5,3,2,2
634072454,3,1,2,1
634072461,4,2,2,1
634072484,5,2,3,2
634072551,2,1,1,1
634072562,6,3,3,4
634072573,7,4,3,2
634072581,2,1,1,1
634072593,3,1,2,1
634072641,1,1,0,1
634072673,4,2,2,2
634072683,4,2,2,2
634072691,1,0,1,1
634072693,8,5,3,4
634072734,3,2,1,1
634072741,2,1,1,1
634072744,12,4,8,4
634072771,1,0,1,1
634072772,3,1,2,2
634072782,4,2,2,2
634072791,5,2,3,3
634072792,2,2,0,2
634072832,4,2,2,1
634072833,2,1,1,1
634072841,2,1,1,1
634072844,10,5,5,6
634072862,7,3,4,2
634072864,6,4,2,2
634072893,3,2,1,2
634072894,1,1,0,1
634072922,3,2,1,1
634072924,2,1,1,1
634072931,4,2,2,1
634072933,3,1,2,2
634072934,65,38,27,30
634072941,17,9,8,6
634072942,627,276,351,86
634072943,164,74,90,75
634072944,407,187,220,217
634072951,123,64,59,56
634072952,3,2,1,2
634072953,47,24,23,21
634072981,2,1,1,1
634072983,2,1,1,1
634072984,1,0,1,1
634072991,4,2,2,1
634073042,4,0,4,4
634073062,15,7,8,9
634073063,2,0,2,2
634073064,40,20,20,19
634073071,137,60,77,67
634073072,1,0,1,1
634073074,116,59,57,46
634073161,2,1,1,1
634073162,4,3,1,3
634073382,2,1,1,1
634073383,2,1,1,1
634073432,1,1,0,1
634073472,1,0,1,1
634073544,6,2,4,2
634073563,1,1,0,1
634073603,3,1,2,1
634073604,5,2,3,2
634073613,3,1,2,2
634073632,3,2,1,1
634073641,3,2,1,2
634073642,2,1,1,1
634073651,9,5,4,4
634073652,2,1,1,1
634073653,4,3,1,2
634073654,2,1,1,1
634073673,3,2,1,2
634073701,1,0,1,1
634073771,6,5,1,3
634073772,1,0,1,1
634073781,4,2,2,1
634073791,2,1,1,1
634073823,7,3,4,4
634073824,2,0,2,1
634073872,2,1,1,1
634073912,9,4,5,5
634073913,2,1,1,1
634073914,8,5,3,2
634073921,3,2,1,1
634073922,6,4,2,2
634073933,3,1,2,1
634073934,3,1,2,3
634073943,2,1,1,1
634074071,8,3,5,4
634074161,5,4,1,2
634074162,2,1,1,2
634074164,1,0,1,1
634074173,3,2,1,1
634074192,2,1,1,1
634074194,8,5,3,2
634074262,17,9,8,7
634074263,1,0,1,1
634074264,2,1,1,1
634074271,4,2,2,2
634074292,11,5,6,3
634074492,7,4,3,2
634074493,4,2,2,2
634074582,6,2,4,4
634074971,7,4,3,3
634075002,67,33,34,31
634075004,171,59,112,34
634075011,40,16,24,22
634075013,49,22,27,35
634075014,65,33,32,34
634075044,4,2,2,2
634075052,14,5,9,7
634075053,50,23,27,21
634075054,2,1,1,1
634075061,382,188,194,185
634075062,411,214,197,200
634075063,60,22,38,15
634075064,22,11,11,12
634075071,328,158,170,185
634075072,299,148,151,127
634075073,37,19,18,14
634075074,70,30,40,30
634075081,6,4,2,4
634075082,8,3,5,3
634075102,8,3,5,2
634075104,14,9,5,3
634075111,102,46,56,52
634075112,21,10,11,13
634075113,7,3,4,3
634075114,3,1,2,2
634075123,4,1,3,2
634075124,1,0,1,1
634075134,6,2,4,3
634075153,7,3,4,3
634075161,10,9,1,10
634075164,3,1,2,2
634075172,91,48,43,39
634075173,5,3,2,2
634075174,8,6,2,2
634075201,5,3,2,2
634075202,9,4,5,4
634075203,3,2,1,1
634075204,5,3,2,2
634075211,2,1,1,1
634075221,15,7,8,7
634075222,104,21,83,17
634075223,2,1,1,1
634075224,1,1,0,1
634075233,4,2,2,1
634075251,3,2,1,1
634075253,4,2,2,1
634075271,7,3,4,3
634075272,3,1,2,1
634075274,6,3,3,2
634075283,3,1,2,1
634075301,18,8,10,4
634075303,5,2,3,1
634075304,1,0,1,1
634075322,3,2,1,1
634075381,1,0,1,1
634075384,4,1,3,1
634075393,4,2,2,1
634075434,3,2,1,2
634075472,14,7,7,6
634075474,7,3,4,5
634075481,23,8,15,9
634075492,14,6,8,5
634075524,8,6,2,4
634075532,5,3,2,2
634075533,8,3,5,2
634075552,1,0,1,1
634075583,4,2,2,1
634075622,6,3,3,1
634075631,2,1,1,1
634075633,1,0,1,1
634075663,5,2,3,2
634075681,9,6,3,2
634075684,69,39,30,12
634075741,6,2,4,1
634075761,3,2,1,2
634075764,4,2,2,2
634075782,72,28,44,37
634075784,13,6,7,6
634075793,10,7,3,4
634075862,2,2,0,2
634075873,4,2,2,2
634075891,56,32,24,3
634075894,6,3,3,1
634075912,7,3,4,2
634075934,2,1,1,1
634075971,3,2,1,2
634075974,13,9,4,6
634076032,17,0,17,2
634076033,7,4,3,3
634076121,4,2,2,2
634076124,94,43,51,38
634076131,23,12,11,8
634076133,2,1,1,1
634076221,2,1,1,1
634076222,6,3,3,4
634076223,7,4,3,3
634076224,8,3,5,4
634076231,2,1,1,1
634076233,10,6,4,3
634076314,3,1,2,2
634076324,14,9,5,5
634076331,4,2,2,1
634076332,2,0,2,2
634076341,3,2,1,1
634076402,12,8,4,5
634076403,8,4,4,5
634076411,3,2,1,2
634076421,5,3,2,2
634076431,8,4,4,2
634076433,22,12,10,8
634076511,4,2,2,2
634076513,6,4,2,4
634076521,2,1,1,1
634076522,25,15,10,12
634076523,10,5,5,3
634076524,11,6,5,4
634076531,4,3,1,3
634076532,2,1,1,1
634076533,2,2,0,2
634076534,2,1,1,1
634076542,17,7,10,8
634076544,31,17,14,7
634076551,9,3,6,4
634076602,2,2,0,2
634076603,4,2,2,1
634076604,2,1,1,1
634076611,1,1,0,1
634076614,12,7,5,4
634076621,8,5,3,3
634076622,9,6,3,3
634076623,16,9,7,3
634076624,3,2,1,1
634076631,4,2,2,1
634076632,8,4,4,2
634076633,2,1,1,1
634076634,3,2,1,1
634076641,13,8,5,3
634076643,1,1,0,1
634076651,25,11,14,12
634076652,11,5,6,5
634076653,24,13,11,11
634076654,34,15,19,13
634076702,3,1,2,1
634076703,2,1,1,1
634076711,2,1,1,1
634076721,7,4,3,2
634076722,8,4,4,3
634076724,2,1,1,1
634076732,6,4,2,1
634076733,6,4,2,1
634076734,5,3,2,2
634076743,6,2,4,2
634076744,7,3,4,2
634076751,8,4,4,5
634076752,20,13,7,9
634076753,2,1,1,1
634076754,4,2,2,2
634076761,162,74,88,75
634076762,2,1,1,1
634076763,270,135,135,134
634076764,191,86,105,94
634076772,25,12,13,12
634076774,22,10,12,8
634076781,22,11,11,9
634076782,21,11,10,8
634076783,7,4,3,5
634076784,3,1,2,2
634076793,10,3,7,2
634076831,8,4,4,2
634076833,6,3,3,2
634076841,5,3,2,2
634076842,4,1,3,2
634076843,32,17,15,10
634076844,6,2,4,1
634076852,2,1,1,1
634076854,2,1,1,1
634076861,34,18,16,15
634076862,110,55,55,23
634076863,55,18,37,41
634076864,194,96,98,6
634076881,6,3,3,3
634076884,2,1,1,1
634076911,3,1,2,2
634076913,5,1,4,1
634076922,2,1,1,1
634076931,5,2,3,1
634076933,5,2,3,3
634076941,1,1,0,1
634076942,5,2,3,2
634076943,4,2,2,2
634076944,3,0,3,3
634076951,19,10,9,4
634076952,6,3,3,3
634076953,4,2,2,2
634076954,1,0,1,1
634076963,12,7,5,3
634076964,9,4,5,3
634076972,4,2,2,1
634076973,2,1,1,1
634076983,3,1,2,1
634076991,10,6,4,4
634077022,14,6,8,3
634077031,2,1,1,1
634077034,11,5,6,5
634077092,4,3,1,2
634077132,3,1,2,2
634077141,6,3,3,2
634077332,5,2,3,2
634077333,37,17,20,17
634077334,18,9,9,9
634077431,207,112,95,32
634077432,5,3,2,2
634077434,3,1,2,3
634077521,4,2,2,1
634077613,18,5,13,11
634077614,3,1,2,2
634130603,312,136,176,145
634130701,456,214,242,199
634130702,4,2,2,2
634130703,441,210,231,193
634130801,275,130,145,131
634130803,257,114,143,121
634130804,112,46,66,62
634130901,184,86,98,85
634130902,258,112,146,124
634130903,464,213,251,229
634130904,1032,491,541,502
634130911,68,30,38,33
634130913,378,176,202,188
634140001,57,27,30,34
634140002,312,145,167,154
634140011,737,357,380,354
634140012,679,353,326,328
634140013,67,40,27,39
634140014,1477,625,852,955
634140022,73,34,39,21
634140023,588,279,309,278
634140024,71,38,33,29
634140102,1,1,0,1
634140104,49,24,25,26
634140112,1616,743,873,846
634140113,497,242,255,279
634140114,695,343,352,366
634140121,533,264,269,343
634140122,445,214,231,200
634140123,1194,581,613,590
634140124,441,219,222,233
634140133,104,51,53,49
634140201,79,40,39,37
634140202,551,260,291,251
634140203,377,158,219,112
634140204,792,371,421,342
634140211,1126,507,619,615
634140212,1527,796,731,755
634140213,1157,539,618,535
634140214,1029,482,547,442
634140221,1060,509,551,560
634140222,1422,687,735,651
634140223,1047,476,571,510
634140224,1213,591,622,565
634140231,1037,516,521,531
634140232,470,223,247,219
634140233,820,403,417,332
634140234,1145,530,615,462
634140243,427,193,234,192
634140301,667,354,313,278
634140302,80,38,42,36
634140303,378,182,196,130
634140304,911,444,467,365
634140311,436,182,254,236
634140312,1306,585,721,598
634140313,268,122,146,110
634140314,491,237,254,222
634140321,925,434,491,369
634140322,1967,1032,935,1058
634140323,639,310,329,213
634140324,1125,541,584,542
634140331,1641,857,784,787
634140332,1257,619,638,581
634140333,1261,619,642,615
634140334,1298,610,688,585
634140341,895,421,474,379
634140342,13,9,4,3
634140343,1008,484,524,404
634140344,447,200,247,207
634140401,377,177,200,153
634140402,685,324,361,217
634140403,99,43,56,40
634140404,1076,534,542,366
634140411,855,419,436,289
634140412,198,97,101,64
634140413,714,365,349,266
634140414,44,22,22,23
634140421,1197,594,603,539
634140422,1104,541,563,531
634140423,888,473,415,441
634140424,1333,834,499,855
634140431,479,242,237,241
634140432,607,295,312,267
634140433,330,171,159,179
634140434,218,111,107,102
634140441,1562,728,834,655
634140442,1052,494,558,460
634140443,859,413,446,344
634140444,1178,594,584,499
634140451,91,41,50,37
634140453,698,335,363,317
634140454,7,3,4,4
634140501,105,52,53,40
634140502,54,27,27,21
634140503,143,65,78,51
634140504,123,67,56,48
634140511,116,52,64,30
634140513,90,49,41,35
634140521,483,231,252,277
634140522,1183,784,399,865
634140523,307,178,129,187
634140524,1393,1144,249,1235
634140531,316,177,139,163
634140533,39,25,14,28
634140541,50,24,26,26
634140542,954,438,516,426
634140544,142,67,75,53
634140551,1511,720,791,665
634140552,548,267,281,247
634140553,1212,600,612,495
634140554,905,440,465,373
634140563,20,10,10,6
634140612,9,2,7,5
634140621,47,17,30,17
634140622,855,664,191,342
634140623,4,2,2,2
634140624,28,15,13,11
634140644,20,9,11,8
634140651,1270,613,657,490
634140652,627,313,314,269
634140653,581,285,296,202
634140654,144,58,86,36
634140661,263,128,135,107
634140663,582,269,313,243
634140664,223,93,130,91
634140741,7,4,3,3
634140742,6,2,4,1
634140744,2,1,1,1
634140751,14,8,6,5
634140753,3,1,2,1
634140761,124,30,94,2
634140762,255,129,126,107
634140764,71,65,6,3
634140771,32,23,9,21
634140773,242,134,108,91
634140842,6,3,3,4
634140862,149,73,76,56
634140864,606,294,312,223
634140871,612,300,312,236
634140872,402,214,188,158
634140873,1112,514,598,447
634140874,654,309,345,290
634140883,345,164,181,151
634140884,89,41,48,40
634140962,450,223,227,154
634140963,1,1,0,1
634140964,213,110,103,110
634140971,1198,655,543,416
634140972,1235,556,679,560
634140973,947,439,508,398
634140974,966,432,534,417
634140981,997,457,540,445
634140982,778,369,409,380
634140983,1098,502,596,511
634140984,623,285,338,277
634140991,102,52,50,35
634140993,479,229,250,208
634140994,11,4,7,3
634150062,196,97,99,77
634150071,51,23,28,25
634150072,1119,534,585,444
634150073,8,4,4,4
634150074,1095,504,591,396
634150081,1017,455,562,436
634150082,790,371,419,311
634150083,360,180,180,135
634150084,160,76,84,63
634150091,603,241,362,202
634150092,864,391,473,398
634150093,901,563,338,309
634150094,31,15,16,13
634150152,2,1,1,1
634150171,8,5,3,4
634150172,18,8,10,6
634150182,163,76,87,71
634150191,18,8,10,5
634150192,19,7,12,8
634150193,12,6,6,6
634150251,16,9,7,1
634150252,49,11,38,2
634150372,5,3,2,2
634150374,5,3,2,2
634150384,11,6,5,2
634150393,1,1,0,1
634150484,3,1,2,1
634150491,5,3,2,3
634150492,7,3,4,3
634150494,5,2,3,2
634150532,1,1,0,1
634150533,7,5,2,4
634150574,13,7,6,5
634150582,3,1,2,1
634150593,1,1,0,1
634150622,17,11,6,5
634150682,3,2,1,1
634150692,19,8,11,4
634151003,9,5,4,3
634151101,16,7,9,5
634151102,5,2,3,2
634151104,67,31,36,27
634151113,51,26,25,28
634151204,15,8,7,4
634151211,114,56,58,45
634151213,5,2,3,1
634151223,1,0,1,1
634151224,11,4,7,5
634151303,4,2,2,1
634151312,4,2,2,1
634151313,5,3,2,3
634151321,29,14,15,13
634151322,247,115,132,107
634151324,4,3,1,1
634151333,55,30,25,34
634151334,355,166,189,181
634151343,36,19,17,11
634151403,3,1,2,2
634151411,5,2,3,2
634151413,4,1,3,2
634151422,25,13,12,10
634151423,1,0,1,1
634151431,373,166,207,153
634151432,830,389,441,379
634151433,106,46,60,44
634151434,830,377,453,382
634151441,513,242,271,251
634151442,24,12,12,12
634151443,614,261,353,310
634151444,46,27,19,28
634151452,5,2,3,2
634151453,42,18,24,14
634151463,68,34,34,29
634151464,270,122,148,110
634151503,5,2,3,2
634151521,2,1,1,2
634151522,2,1,1,1
634151533,562,304,258,40
634151534,111,29,82,14
634151541,193,86,107,90
634151542,12,6,6,5
634151543,24,10,14,11
634151552,4,1,3,2
634151553,6,2,4,1
634151561,27,13,14,12
634151562,276,130,146,121
634151563,16,8,8,7
634151564,1,0,1,1
634151571,237,110,127,103
634151573,303,143,160,136
634151574,40,16,24,24
634151612,7,5,2,4
634151614,22,12,10,10
634151621,22,11,11,13
634151622,37,11,26,23
634151623,2,1,1,1
634151624,94,50,44,45
634151642,2,1,1,1
634151651,1,0,1,1
634151661,8,4,4,3
634151671,51,24,27,16
634151672,155,68,87,72
634151674,42,19,23,24
634151681,88,45,43,45
634151683,281,157,124,29
634151684,57,27,30,30
634151712,125,51,74,65
634151721,6,3,3,2
634151731,105,17,88,5
634151732,1,1,0,1
634151781,18,10,8,10
634151782,98,41,57,54
634151791,123,57,66,69
634151793,42,21,21,22
634151794,115,54,61,38
634151803,5,3,2,1
634151812,95,40,55,53
634151813,60,9,51,52
634151814,140,59,81,76
634151891,23,10,13,13
634151892,80,28,52,40
634151893,13,5,8,8
634151894,147,67,80,72
634151901,30,15,15,14
634151911,387,189,198,265
634151912,55,25,30,32
634151913,148,69,79,116
634151914,25,13,12,11
634151992,7,2,5,6
634152801,69,32,37,32
634152803,215,97,118,99
634152804,58,28,30,27
634152901,94,45,49,43
634152902,308,138,170,125
634152904,46,18,28,25
634152911,22,8,14,10
634152913,270,136,134,108
634160282,58,20,38,36
634160704,5,2,3,2
634160802,17,9,8,5
634160804,16,7,9,4
634160823,7,3,4,2
634160913,3,1,2,1
634160914,6,3,3,3
634160923,1,0,1,1
634161011,1,1,0,1
634161294,40,28,12,1
634161372,6,3,3,3
634161374,3,2,1,3
634161384,14,8,6,6
634161391,15,10,5,7
634161392,12,6,6,4
634161393,7,0,7,7
634161462,2,0,2,2
634161472,2,0,2,2
634161473,5,0,5,5
634161474,2,0,2,2
634161571,2,0,2,2
634161581,2,0,2,2
634162011,28,15,13,14
634162012,33,16,17,14
634162013,18,9,9,7
634162014,7,3,4,2
634162023,23,22,1,22
634162024,386,187,199,159
634162033,105,56,49,45
634162111,6,3,3,1
634162112,65,32,33,36
634162113,1,0,1,1
634162114,134,54,80,76
634162121,37,14,23,17
634162122,43,19,24,18
634162123,12,7,5,6
634162131,215,106,109,107
634162132,28,14,14,11
634162133,23,11,12,12
634162134,246,118,128,107
634162143,38,19,19,19
634162202,2,0,2,2
634162212,53,27,26,24
634162213,5,4,1,4
634162214,13,7,6,7
634162223,3,2,1,2
634162232,137,73,64,46
634162233,66,30,36,38
634162234,158,82,76,68
634162241,504,229,275,187
634162242,121,53,68,57
634162243,545,253,292,239
634162244,228,102,126,89
634162253,39,20,19,19
634162311,6,3,3,2
634162312,9,6,3,3
634162313,21,8,13,12
634162314,15,7,8,8
634162322,59,26,33,29
634162323,117,49,68,63
634162324,47,20,27,26
634162331,470,214,256,214
634162332,186,93,93,90
634162333,119,58,61,54
634162341,194,91,103,80
634162342,172,88,84,68
634162343,2,1,1,1
634162344,2,1,1,1
634162351,134,61,73,53
634162352,30,18,12,14
634162353,27,13,14,10
634162354,62,31,31,25
634162363,6,3,3,2
634162412,14,7,7,6
634162413,9,5,4,3
634162421,121,56,65,60
634162422,146,71,75,71
634162423,6,3,3,3
634162424,23,12,11,11
634162432,38,16,22,21
634162434,86,37,49,46
634162441,120,54,66,63
634162442,53,25,28,24
634162443,113,53,60,75
634162444,11,5,6,4
634162452,2,1,1,1
634162454,2,1,1,1
634162461,5,3,2,2
634162463,11,4,7,3
634162464,4,2,2,3
634162473,4,2,2,2
634162541,29,12,17,14
634162542,23,12,11,13
634162552,11,5,6,7
634162561,66,33,33,33
634162572,62,31,31,24
634162573,10,4,6,4
634162574,198,82,116,74
634162581,57,24,33,28
634162583,677,333,344,319
634162584,463,233,230,197
634162593,3,1,2,2
634162622,2,1,1,1
634162631,7,4,3,1
634162643,11,6,5,5
634162652,1,1,0,1
634162654,3,2,1,2
634162661,2,1,1,1
634162663,2,1,1,1
634162671,479,224,255,229
634162672,1074,489,585,443
634162673,98,48,50,45
634162674,590,282,308,245
634162681,384,180,204,164
634162682,560,237,323,230
634162683,983,458,525,430
634162684,319,152,167,129
634162691,467,229,238,199
634162692,31,15,16,17
634162693,430,204,226,167
634162694,528,248,280,239
634162751,1,1,0,1
634162752,5,3,2,1
634162762,3,2,1,1
634162771,16,7,9,8
634162772,431,212,219,236
634162773,4,2,2,1
634162774,5,3,2,2
634162781,236,124,112,91
634162782,73,39,34,30
634162791,45,23,22,23
634162792,204,103,101,98
634162861,5,4,1,2
634162863,2,1,1,1
634162871,9,5,4,5
634162872,85,83,2,4
634162873,4,3,1,1
634162953,63,19,44,1
634162962,8,4,4,3
634163701,10,6,4,8
634163703,33,18,15,12
634163704,90,39,51,45
634163711,5,2,3,3
634163713,38,20,18,18
634163811,6,1,5,5
634163821,47,16,31,20
634163822,28,12,16,10
634163823,144,66,78,50
634163824,132,62,70,59
634163833,3,2,1,1
634163911,3,1,2,1
634163921,15,7,8,6
634163922,6,3,3,3
634163931,175,82,93,76
634163932,19,8,11,8
634163933,40,16,24,22
634163934,14,5,9,8
634163941,5,2,3,3
634163943,1,1,0,1
634167192,101,51,50,8
634167294,9,5,4,4
634167392,13,7,6,4
634167394,9,5,4,3
634167481,5,3,2,2
634167483,7,3,4,3
634167492,7,5,2,3
634167493,22,13,9,5
634167552,7,4,3,2
634167553,14,6,8,3
634167554,81,37,44,24
634167573,4,2,2,2
634167574,1,0,1,1
634167591,16,9,7,7
634167593,6,4,2,2
634167594,5,2,3,2
634167642,4,2,2,2
634167644,2,1,1,1
634167651,68,31,37,22
634167652,10,5,5,5
634167653,3,0,3,2
634167661,7,3,4,2
634167664,1,1,0,1
634167671,9,6,3,2
634167672,4,2,2,1
634167674,5,2,3,1
634167683,8,2,6,2
634167691,10,4,6,2
634167692,9,5,4,2
634167752,25,15,10,9
634167754,54,27,27,27
634167761,4,3,1,2
634167762,8,4,4,3
634167763,34,19,15,12
634167764,15,8,7,7
634167771,4,1,3,1
634167772,5,1,4,3
634167781,17,10,7,4
634167793,16,8,8,5
634167794,13,8,5,8
634167831,6,3,3,2
634167832,1,0,1,1
634167833,38,17,21,16
634167834,504,212,292,202
634167841,51,21,30,32
634167842,3,2,1,1
634167843,329,149,180,166
634167844,204,95,109,103
634167851,2,1,1,1
634167852,46,21,25,14
634167854,51,23,28,15
634167861,26,11,15,9
634167863,33,17,16,13
634167864,32,21,11,10
634167872,7,3,4,4
634167873,7,4,3,3
634167874,2,1,1,1
634167881,20,9,11,5
634167883,4,2,2,1
634167891,1,1,0,1
634167892,6,3,3,1
634167893,10,2,8,5
634167894,2,2,0,2
634167922,3,2,1,2
634167923,11,5,6,6
634167924,50,25,25,22
634167931,249,119,130,110
634167932,491,227,264,229
634167933,214,149,65,53
634167934,756,381,375,308
634167941,460,223,237,229
634167942,105,58,47,51
634167943,475,224,251,204
634167944,33,17,16,14
634167952,15,8,7,6
634167961,26,13,13,9
634167962,17,9,8,6
634167964,21,12,9,9
634167971,4,2,2,2
634167972,7,4,3,3
634167973,15,9,6,7
634167974,4,2,2,1
634167981,31,13,18,9
634167982,14,7,7,5
634167983,12,6,6,4
634167984,1,0,1,1
634167991,21,9,12,7
634167994,10,6,4,4
634170001,2,1,1,1
634170002,2,1,1,1
634170012,12,6,6,6
634170014,8,4,4,3
634170021,8,3,5,5
634170023,20,9,11,11
634170131,3,1,2,1
634170133,4,2,2,3
634170222,2,1,1,1
634170231,4,2,2,1
634170233,2,2,0,1
634170314,30,15,15,10
634170353,4,2,2,2
634170414,170,85,85,44
634170423,18,14,4,18
634170434,4,2,2,2
634170442,6,4,2,4
634170444,7,3,4,2
634170453,5,2,3,4
634170454,2,1,1,1
634170512,108,54,54,56
634170521,18,0,18,18
634170541,50,27,23,1
634170542,1,0,1,1
634170543,2,0,2,1
634170544,3,1,2,2
634170622,20,10,10,11
634170631,56,32,24,3
634170633,321,112,209,68
634170634,68,38,30,37
634170651,2,1,1,1
634170732,128,54,74,32
634170743,6,3,3,2
634170744,35,26,9,1
634170753,6,4,2,6
634170754,6,3,3,2
634170771,4,2,2,2
634170841,2,1,1,1
634170842,2,0,2,1
634170851,11,6,5,4
634170861,4,2,2,2
634170862,11,6,5,4
634170873,2,0,2,2
634170941,3,1,2,1
634170944,4,2,2,2
634170954,11,5,6,5
634170974,3,1,2,2
634172051,11,6,5,4
634172141,7,3,4,3
634172224,3,2,1,1
634172232,2,1,1,1
634172244,26,26,0,1
634172251,3,3,0,1
634172314,1,1,0,1
634172321,3,3,0,2
634172323,4,2,2,2
634172412,2,1,1,1
634173022,88,69,19,2
634173023,5,3,2,2
634173024,2,1,1,1
634173031,14,8,6,7
634173033,2,1,1,1
634173042,3,2,1,1
634173043,7,4,3,2
634173044,21,11,10,9
634173053,37,15,22,9
634173054,11,4,7,6
634173063,2,2,0,1
634173114,4,1,3,2
634173121,2,1,1,1
634173122,7,4,3,3
634173141,79,27,52,1
634173142,14,6,8,6
634173143,770,316,454,15
634173144,52,13,39,2
634173151,12,5,7,5
634173152,1,1,0,1
634173153,3,1,2,1
634173163,50,45,5,1
634173172,2,1,1,1
634173174,19,8,11,10
634173183,32,13,19,14
634173184,52,30,22,18
634173213,8,5,3,4
634173214,1,1,0,1
634173242,7,4,3,3
634173253,2,1,1,1
634173261,2,1,1,1
634173262,6,3,3,2
634173263,4,2,2,2
634173264,5,3,2,2
634173271,275,155,120,103
634173272,292,139,153,110
634173273,29,10,19,6
634173274,301,143,158,114
634173281,735,354,381,306
634173282,577,303,274,260
634173283,686,373,313,297
634173284,787,398,389,330
634173291,171,80,91,72
634173292,25,11,14,16
634173293,657,337,320,252
634173294,382,203,179,139
634173334,5,3,2,3
634173344,1,0,1,1
634173361,9,4,5,5
634173372,35,18,17,12
634173381,806,390,416,310
634173382,868,416,452,372
634173383,131,61,70,49
634173384,890,433,457,364
634173391,912,442,470,386
634173392,779,382,397,295
634173393,707,294,413,334
634173394,535,256,279,217
634173431,12,7,5,5
634173432,15,6,9,7
634173434,3,2,1,1
634173441,4,3,1,3
634173482,69,23,46,7
634173491,40,16,24,23
634173492,521,260,261,255
634173493,14,8,6,7
634173494,327,241,86,29
634173582,127,60,67,53
634173591,109,55,54,49
634173592,105,104,1,2
634173593,2,1,1,1
634173682,15,7,8,4
634173683,8,5,3,2
634173684,5,1,4,2
634174203,50,29,21,15
634174301,820,402,418,297
634174302,335,145,190,95
634174303,794,367,427,286
634174304,820,398,422,317
634174311,295,135,160,122
634174312,29,16,13,13
634174313,1408,680,728,574
634174314,846,406,440,328
634174323,204,102,102,80
634174324,75,41,34,31
634174333,194,99,95,86
634174334,27,18,9,14
634174401,1479,705,774,580
634174402,1462,685,777,574
634174403,409,199,210,139
634174404,1149,558,591,447
634174411,1028,490,538,415
634174412,1037,476,561,409
634174413,1646,741,905,586
634174414,1085,501,584,466
634174421,1633,764,869,612
634174422,795,414,381,350
634174423,1056,508,548,443
634174424,1246,569,677,541
634174431,1232,633,599,590
634174432,797,409,388,378
634174433,1277,593,684,580
634174434,1220,598,622,584
634174441,180,97,83,99
634174442,285,142,143,126
634174443,1123,516,607,496
634174444,1137,549,588,505
634174451,19,8,11,7
634174453,507,262,245,245
634174454,537,267,270,283
634174463,288,142,146,132
634174464,230,106,124,102
634174473,27,13,14,12
634174504,2,1,1,1
634174511,707,345,362,264
634174512,1187,574,613,489
634174513,284,147,137,108
634174521,1672,770,902,735
634174522,1847,861,986,813
634174523,777,364,413,341
634174524,1455,734,721,875
634174531,839,423,416,392
634174532,1355,664,691,579
634174533,1292,620,672,543
634174534,1172,557,615,484
634174541,1343,605,738,521
634174542,1209,584,625,639
634174543,971,445,526,426
634174544,1124,528,596,478
634174551,1251,595,656,590
634174552,2657,1147,1510,1208
634174553,1889,881,1008,875
634174554,1783,788,995,760
634174561,3621,1518,2103,1891
634174562,600,274,326,311
634174563,1002,432,570,522
634174564,44,23,21,21
634174571,1044,494,550,527
634174572,997,493,504,573
634174573,500,245,255,310
634174574,834,369,465,451
634174581,849,419,430,441
634174582,503,247,256,241
634174583,911,365,546,513
634174584,1198,537,661,678
634174591,152,76,76,57
634174593,822,348,474,428
634174602,9,5,4,5
634174611,11,5,6,5
634174612,138,63,75,52
634174614,63,31,32,26
634174621,476,227,249,192
634174622,222,110,112,66
634174623,40,21,19,16
634174624,989,488,501,321
634174631,108,56,52,44
634174632,642,314,328,246
634174633,143,74,69,47
634174634,270,128,142,91
634174641,1114,544,570,481
634174642,718,325,393,320
634174643,829,415,414,301
634174644,345,184,161,122
634174651,1220,577,643,550
634174652,1310,641,669,641
634174653,1006,470,536,461
634174654,1215,534,681,601
634174661,280,123,157,137
634174662,45,44,1,43
634174663,1341,643,698,642
634174664,244,124,120,99
634174671,1,1,0,1
634174672,859,463,396,346
634174673,30,14,16,15
634174674,386,199,187,220
634174681,266,74,192,151
634174682,531,280,251,264
634174683,1106,582,524,555
634174684,441,214,227,220
634174691,1067,511,556,511
634174692,12,8,4,10
634174693,1166,617,549,647
634174694,10,4,6,5
634174722,24,11,13,7
634174731,4,2,2,2
634174732,1181,566,615,508
634174733,19,9,10,8
634174734,1089,519,570,412
634174741,1216,614,602,459
634174743,199,90,109,74
634174752,283,96,187,163
634174761,663,294,369,254
634174762,33,14,19,17
634174771,694,335,359,375
634174772,1100,527,573,561
634174773,46,25,21,25
634174774,1083,513,570,514
634174781,1665,849,816,890
634174782,1710,865,845,839
634174783,1693,878,815,918
634174784,1481,782,699,787
634174791,1422,718,704,741
634174792,125,69,56,78
634174793,1181,609,572,647
634174794,1500,771,729,665
634174832,67,29,38,26
634174841,3,1,2,1
634174872,93,49,44,34
634174881,462,253,209,171
634174882,1817,821,996,878
634174883,387,201,186,164
634174884,1760,834,926,863
634174891,1234,608,626,621
634174892,1605,754,851,734
634174893,1312,624,688,584
634174894,1474,687,787,543
634174981,182,87,95,66
634174982,953,504,449,482
634174984,177,96,81,61
634174991,1609,817,792,727
634174992,1027,544,483,500
634174993,1189,660,529,637
634174994,1125,622,503,533
634175483,4,2,2,2
634175484,4,2,2,2
634175571,100,57,43,48
634175572,456,213,243,208
634175573,4,3,1,3
634175574,125,70,55,64
634175581,528,273,255,240
634175582,295,142,153,131
634175583,251,135,116,95
634175584,414,202,212,154
634175604,4,4,0,4
634175653,3,2,1,1
634175672,11,7,4,6
634175674,65,27,38,25
634175681,51,25,26,24
634175682,12,7,5,6
634175683,4,1,3,1
634175703,264,130,134,119
634175704,9,6,3,8
634175714,1,1,0,1
634175801,848,411,437,336
634175802,745,361,384,290
634175803,1398,690,708,591
634175804,1347,648,699,572
634175811,68,33,35,18
634175813,273,146,127,127
634175901,1030,525,505,443
634175902,2058,1032,1026,858
634175903,18,15,3,15
634175904,259,133,126,112
634175911,277,138,139,137
634175912,7,4,3,3
634175913,43,25,18,15
634175914,2,1,1,2
634175921,6,3,3,2
634175922,1,1,0,1
634175924,397,227,170,197
634175933,884,448,436,356
634175934,458,246,212,204
634175943,37,25,12,18
634175944,530,287,243,234
634175952,41,22,19,12
634175953,738,390,348,331
634175954,1615,762,853,642
634175961,289,151,138,128
634175963,478,239,239,207
634176193,6,4,2,3
634176264,30,16,14,12
634176271,23,16,7,13
634176291,8,4,4,2
634176374,3,2,1,2
634176381,3,1,2,2
634176382,5,3,2,2
634176391,8,5,3,5
634176472,4,2,2,2
634176474,8,4,4,3
634176481,4,3,1,2
634176483,3,1,2,1
634176572,21,11,10,9
634176574,63,30,33,22
634176581,4,2,2,2
634176583,4,2,2,2
634176592,2,1,1,1
634176594,1,1,0,1
634176671,3,1,2,1
634176672,5,3,2,2
634176673,15,8,7,3
634176674,172,91,81,75
634176682,5,3,2,2
634176683,8,4,4,3
634176762,17,8,9,7
634176764,7,4,3,1
634176771,3,1,2,1
634176772,226,112,114,91
634176774,75,32,43,27
634176781,46,24,22,17
634176782,14,7,7,5
634176783,8,5,3,3
634176784,1,1,0,1
634176791,6,3,3,1
634176792,4,2,2,2
634176793,6,2,4,3
634176794,11,4,7,3
634176862,15,6,9,4
634176864,19,7,12,8
634176874,6,2,4,2
634176881,20,7,13,7
634176882,2,1,1,1
634176883,18,10,8,6
634176884,10,5,5,3
634176893,6,3,3,2
634176961,7,3,4,3
634176962,8,4,4,2
634176963,1,0,1,1
634176972,24,13,11,9
634176974,18,11,7,7
634176982,18,9,9,5
634176983,15,6,9,4
634176984,6,4,2,2
634177004,6,5,1,6
634177012,9,3,6,3
634177014,17,8,9,5
634177021,9,7,2,7
634177024,2,0,2,1
634177031,35,15,20,12
634177032,54,26,28,21
634177033,10,5,5,2
634177034,15,9,6,4
634177041,15,6,9,10
634177042,2,1,1,1
634177044,14,7,7,7
634177051,1,0,1,1
634177053,15,7,8,4
634177054,11,5,6,5
634177061,2,1,1,1
634177062,14,8,6,5
634177064,7,5,2,2
634177071,3,2,1,1
634177072,28,15,13,8
634177081,3,2,1,2
634177082,1,1,0,1
634177084,4,2,2,2
634177092,15,6,9,5
634177094,26,13,13,7
634177102,12,7,5,4
634177103,1,0,1,1
634177104,5,2,3,2
634177111,7,3,4,3
634177113,10,5,5,3
634177114,13,10,3,4
634177121,9,4,5,2
634177123,16,9,7,7
634177124,21,12,9,7
634177131,10,4,6,2
634177132,29,14,15,10
634177133,15,5,10,6
634177134,12,5,7,2
634177141,4,1,3,2
634177142,7,3,4,2
634177143,22,11,11,8
634177152,9,4,5,3
634177163,41,22,19,11
634177164,3,1,2,2
634177171,2,1,1,1
634177172,19,8,11,6
634177191,3,2,1,1
634177192,2,1,1,1
634177193,7,3,4,2
634177211,2,1,1,1
634177212,11,6,5,5
634177214,7,4,3,5
634177221,29,14,15,8
634177222,13,4,9,4
634177223,12,4,8,4
634177224,6,3,3,2
634177231,3,0,3,1
634177232,14,5,9,6
634177233,16,7,9,14
634177234,7,4,3,7
634177241,2,1,1,2
634177243,6,4,2,6
634177251,27,13,14,10
634177252,24,11,13,7
634177254,38,18,20,11
634177261,1,1,0,1
634177284,4,1,3,1
634177291,4,2,2,2
634177293,1,0,1,1
634177321,1,0,1,1
634177322,2,0,2,2
634177323,12,5,7,4
634177324,17,8,9,5
634177331,1,0,1,1
634177332,19,7,12,1
634177333,15,8,7,5
634177334,12,4,8,3
634177342,10,5,5,4
634177343,19,7,12,6
634177344,13,6,7,4
634177351,12,8,4,3
634177352,18,9,9,5
634177354,12,5,7,5
634177361,1,0,1,1
634177363,11,6,5,5
634177382,3,2,1,2
634177432,19,9,10,7
634177434,11,5,6,4
634177441,4,3,1,2
634177442,10,5,5,5
634177444,3,1,2,1
634177462,5,4,1,3
634177532,6,3,3,2
634177534,12,7,5,5
634177602,7,2,5,1
634177613,3,2,1,2
634177632,14,7,7,5
634177643,12,7,5,3
634177703,15,8,7,4
634177711,18,10,8,6
634177714,2,1,1,1
634177721,6,3,3,1
634177723,2,1,1,1
634177733,2,1,1,1
634177741,3,1,2,1
634177742,20,8,12,3
634177751,8,4,4,3
634177752,5,3,2,2
634177801,8,3,5,2
634177804,7,3,4,2
634177811,13,6,7,4
634177812,4,1,3,3
634177813,2,1,1,1
634177814,9,5,4,4
634177821,22,8,14,5
634177822,7,4,3,2
634177823,2,1,1,1
634177824,6,4,2,3
634177831,5,2,3,1
634177832,6,3,3,2
634177833,2,0,2,1
634177834,6,3,3,3
634177841,11,6,5,3
634177842,4,1,3,1
634177844,22,12,10,4
634177902,10,3,7,2
634177911,18,8,10,8
634177912,11,6,5,4
634177913,14,5,9,4
634177914,9,4,5,3
634177921,11,6,5,3
634177922,5,2,3,2
634177923,9,2,7,3
634177924,18,10,8,5
634177931,8,3,5,4
634177933,2,1,1,1
634177951,1,1,0,1
634216654,65,29,36,26
634216683,3,1,2,1
634216691,62,28,34,26
634216692,186,78,108,68
634216693,52,23,29,17
634216742,17,10,7,9
634216743,17,6,11,6
634216744,11,5,6,4
634216751,40,18,22,15
634216752,13,6,7,7
634216761,45,23,22,18
634216762,423,216,207,177
634216763,7,5,2,4
634216764,40,26,14,29
634216771,60,28,32,26
634216773,10,5,5,5
634216774,4,3,1,3
634216781,7,2,5,2
634216783,45,24,21,14
634216791,13,9,4,4
634216793,3,2,1,2
634216794,5,3,2,3
634216824,54,30,24,21
634216832,36,17,19,13
634216833,243,109,134,136
634216834,3,1,2,2
634216841,24,12,12,10
634216844,2,0,2,1
634216861,2,1,1,1
634216862,7,6,1,7
634216864,10,5,5,5
634216871,1,1,0,1
634216872,1,1,0,1
634216873,14,6,8,6
634216881,4,2,2,3
634216882,1,0,1,1
634216912,96,46,50,48
634216913,2,1,1,1
634216914,203,96,107,97
634216921,345,154,191,168
634216922,156,69,87,71
634216923,161,85,76,76
634216924,206,99,107,84
634216931,683,284,399,315
634216932,115,54,61,66
634216933,272,133,139,131
634216934,140,70,70,64
634216962,33,16,17,10
634216964,24,14,10,7
634216971,17,11,6,8
634216972,4,2,2,2
634216973,21,13,8,6
634216974,13,8,5,6
634217192,18,8,10,7
634217193,10,5,5,3
634217274,18,7,11,10
634217281,16,5,11,6
634217282,27,12,15,14
634217283,5,3,2,1
634217291,59,27,32,18
634217372,54,26,28,17
634217373,8,3,5,5
634217434,66,30,36,30
634217453,48,21,27,21
634217454,32,18,14,17
634217462,14,8,6,6
634217463,13,5,8,8
634217464,104,44,60,42
634217471,16,8,8,8
634217513,5,2,3,3
634217514,8,5,3,2
634217523,54,31,23,21
634217524,61,26,35,25
634217531,228,89,139,71
634217532,84,45,39,40
634217533,160,74,86,77
634217534,66,29,37,40
634217541,346,177,169,160
634217542,310,146,164,138
634217543,220,96,124,89
634217544,338,161,177,162
634217551,349,164,185,162
634217552,11,5,6,5
634217553,533,256,277,241
634217554,74,34,40,28
634217561,1,1,0,1
634217562,1,0,1,1
634217571,5,2,3,1
634217573,10,3,7,6
634217601,71,37,34,29
634217602,53,27,26,26
634217604,4,2,2,2
634217611,18,9,9,9
634217621,95,44,51,38
634217622,258,132,126,130
634217623,18,7,11,5
634217624,78,41,37,29
634217633,5,2,3,3
634217642,44,23,21,19
634217651,241,122,119,109
634217652,24,12,12,11
634217653,35,14,21,13
634217654,30,15,15,8
634217661,2,1,1,1
634217663,3,1,2,1
634217722,5,3,2,1
634217731,8,4,4,3
634217733,13,5,8,5
634217742,2,1,1,2
634217751,6,3,3,2
634217752,10,3,7,3
634217753,4,2,2,3
634217754,13,7,6,6
634217783,3,2,1,1
634217801,4,4,0,4
634217803,26,14,12,8
634217804,2,2,0,2
634217822,6,2,4,2
634217824,7,2,5,2
634217831,3,2,1,2
634217852,3,1,2,2
634217854,9,4,5,3
634217861,1,1,0,1
634217863,7,5,2,4
634217922,3,2,1,1
634217943,2,0,2,1
634217952,6,3,3,2
634217954,20,9,11,7
634217961,11,6,5,4
634217963,13,6,7,6
634224694,1,1,0,1
634224784,2,1,1,1
634224791,60,26,34,26
634224792,110,52,58,47
634224943,119,60,59,54
634224944,181,85,96,71
634224953,436,196,240,151
634224961,55,31,24,15
634224962,3,1,2,2
634224963,31,18,13,18
634224964,24,12,12,7
634224992,6,2,4,3
634225181,2,1,1,1
634225182,157,74,83,61
634225183,21,9,12,9
634225191,36,16,20,19
634225192,87,46,41,35
634225252,42,18,24,19
634225254,167,87,80,63
634225261,31,16,15,14
634225272,3,1,2,2
634225273,44,21,23,1
634225281,10,5,5,3
634225283,16,11,5,9
634225324,41,20,21,17
634225331,94,48,46,37
634225332,20,12,8,6
634225333,64,25,39,27
634225341,56,25,31,27
634225342,3,2,1,2
634225343,288,119,169,132
634225344,65,33,32,27
634225351,4,2,2,2
634225352,2,2,0,2
634225353,11,6,5,4
634225354,84,26,58,6
634225363,7,4,3,5
634225382,4,2,2,1
634225383,8,5,3,1
634225384,14,8,6,5
634225394,7,4,3,2
634225421,3,2,1,1
634225422,95,43,52,35
634225423,51,24,27,16
634225424,6,2,4,3
634225441,7,4,3,2
634225442,51,23,28,24
634225444,93,39,54,37
634225451,33,17,16,13
634225452,34,17,17,13
634225453,199,92,107,79
634225461,3,2,1,2
634225463,30,13,17,10
634225464,3,1,2,2
634225482,15,6,9,4
634225483,1,1,0,1
634225484,4,3,1,2
634225491,16,7,9,6
634225492,8,3,5,4
634225493,18,9,9,8
634225494,5,3,2,1
634225513,15,8,7,4
634225542,12,6,6,4
634225544,2,0,2,1
634225551,96,46,50,33
634225552,13,6,7,6
634225553,44,21,23,17
634225561,11,6,5,4
634225562,2,2,0,2
634225563,15,7,8,8
634225564,12,7,5,5
634225573,6,3,3,2
634225591,3,1,2,1
634225592,18,9,9,7
634225594,6,3,3,2
634225603,68,34,34,25
634225613,3,1,2,1
634225633,4,1,3,2
634225651,4,1,3,3
634225652,16,8,8,9
634225661,9,4,5,3
634225662,6,4,2,2
634225663,3,2,1,1
634225664,2,1,1,1
634225671,3,2,1,3
634225674,10,6,4,6
634225692,2,0,2,2
634225694,2,1,1,1
634225701,26,14,12,6
634225702,22,9,13,2
634225703,7,4,3,3
634225704,2,1,1,1
634225711,13,7,6,3
634225712,12,4,8,3
634225713,3,2,1,2
634225714,2,1,1,1
634225721,12,7,5,4
634225724,2,1,1,1
634225762,17,8,9,7
634225763,2,1,1,1
634225764,9,5,4,3
634225771,7,4,3,2
634225772,25,10,15,10
634225773,13,6,7,3
634225774,13,7,6,6
634225781,17,7,10,5
634225783,24,10,14,11
634225784,6,3,3,3
634225801,22,12,10,11
634225802,7,3,4,3
634225812,15,7,8,7
634225813,12,4,8,4
634225814,1,1,0,1
634225872,2,2,0,2
634225874,13,6,7,4
634225881,1,1,0,1
634225882,16,9,7,8
634225883,1,0,1,1
634225891,19,11,8,6
634225893,9,5,4,4
634225894,14,7,7,8
634225901,11,4,7,6
634225902,10,6,4,3
634225903,118,54,64,52
634225904,168,88,80,72
634225911,2,1,1,1
634225913,12,5,7,4
634225914,7,3,4,2
634225921,5,3,2,1
634225922,11,7,4,4
634225924,5,3,2,2
634225931,2,1,1,1
634225933,3,1,2,3
634225943,8,3,5,2
634225944,5,2,3,1
634225981,1,1,0,1
634225982,57,29,28,22
634225992,2,1,1,2
634225993,4,2,2,1
634225994,9,4,5,2
634226004,21,10,11,14
634226011,37,28,9,15
634226012,109,60,49,49
634226013,187,89,98,90
634226014,44,23,21,18
634226021,373,184,189,166
634226022,103,48,55,40
634226031,28,16,12,15
634226032,613,256,357,235
634226034,10,3,7,5
634226041,9,3,6,4
634226043,38,19,19,15
634226072,13,6,7,4
634226074,12,7,5,4
634226081,2,2,0,2
634226082,9,4,5,3
634226084,24,15,9,7
634226101,85,37,48,36
634226102,710,327,383,357
634226103,13,4,9,4
634226104,488,257,231,223
634226111,717,344,373,315
634226112,2,1,1,1
634226113,916,482,434,455
634226114,134,65,69,48
634226123,2,1,1,1
634226172,10,4,6,6
634226174,61,35,26,9
634226182,17,9,8,6
634226183,14,8,6,5
634226191,10,5,5,2
634226193,40,21,19,18
634226194,15,8,7,7
634226202,121,55,66,45
634226204,43,20,23,18
634226211,418,230,188,228
634226212,128,63,65,52
634226213,538,256,282,231
634226214,123,59,64,49
634226221,29,13,16,9
634226223,18,9,9,6
634226281,7,5,2,5
634226283,5,2,3,2
634226284,3,1,2,1
634226291,5,2,3,2
634226292,14,7,7,9
634226293,14,6,8,6
634226294,13,7,6,6
634226302,14,6,8,7
634226303,3,3,0,1
634226304,1,1,0,1
634226311,21,12,9,10
634226312,54,31,23,21
634226314,12,7,5,5
634226321,114,54,60,44
634226322,9,5,4,4
634226323,15,6,9,5
634226324,2,1,1,1
634226333,8,4,4,4
634226334,1,0,1,1
634226341,5,3,2,2
634226381,47,36,11,31
634226382,23,13,10,12
634226383,91,52,39,30
634226384,31,30,1,31
634226391,1,1,0,1
634226392,7,4,3,2
634226393,6,3,3,2
634226394,3,1,2,1
634226421,21,11,10,7
634226422,7,3,4,2
634226423,71,43,28,10
634226424,24,12,12,9
634226431,17,7,10,4
634226482,66,48,18,50
634226491,3,3,0,3
634226492,46,27,19,28
634226493,57,40,17,31
634226494,48,36,12,39
634226501,1,1,0,1
634226502,1,0,1,1
634226503,5,3,2,1
634226504,6,3,3,3
634226522,1,1,0,1
634226524,2,1,1,1
634226533,39,19,20,13
634226534,12,8,4,5
634226602,2,1,1,1
634226603,1,0,1,1
634226611,4,2,2,1
634226613,15,10,5,4
634226614,1,1,0,1
634226632,7,5,2,3
634226641,11,3,8,4
634226642,13,7,6,4
634226643,16,9,7,5
634226653,9,4,5,2
634226654,2,2,0,2
634226701,9,4,5,4
634226741,5,1,4,1
634226742,13,6,7,3
634226761,4,2,2,2
634226762,4,2,2,1
634226802,2,1,1,1
634226851,16,7,9,5
634226852,2,1,1,2
634226901,2,2,0,2
634226903,28,13,15,13
634226904,37,18,19,10
634226972,4,3,1,2
634226974,1,1,0,1
634227022,3,2,1,1
634227024,6,3,3,3
634227043,1,1,0,1
634227052,9,4,5,3
634227061,16,7,9,7
634227062,5,4,1,1
634227064,10,3,7,3
634227123,3,1,2,1
634227131,1,1,0,1
634227153,8,3,5,3
634227162,3,1,2,1
634227163,3,3,0,3
634227171,5,2,3,1
634227172,11,5,6,3
634227201,6,2,4,1
634227203,15,9,6,4
634227301,1,1,0,1
634227302,5,3,2,2
634227303,10,6,4,4
634227304,7,5,2,2
634227402,22,11,11,7
634227411,5,3,2,4
634227413,19,9,10,6
634227513,8,3,5,2
634227663,14,7,7,6
634227664,3,1,2,2
634227673,7,4,3,4
634227684,3,2,1,1
634227734,3,2,1,2
634227743,1,1,0,1
634227751,1,1,0,1
634227764,5,2,3,3
634227834,7,4,3,2
634227844,2,1,1,2
634227861,9,5,4,5
634227891,2,1,1,2
634227942,2,2,0,2
634232894,12,6,6,6
634232992,155,85,70,68
634232993,227,116,111,96
634232994,67,32,35,43
634233194,9,5,4,2
634233282,37,15,22,14
634233283,31,15,16,8
634233284,90,42,48,32
634233291,35,12,23,17
634233292,37,20,17,16
634233372,34,13,21,11
634233374,21,10,11,8
634233381,17,10,7,8
634233382,5,2,3,1
634233383,1,0,1,1
634233464,46,26,20,16
634233471,3,2,1,2
634233561,91,50,41,35
634233562,10,7,3,5
634233563,176,91,85,79
634233573,7,4,3,3
634233583,5,2,3,1
634233584,7,3,4,2
634233652,52,23,29,23
634233653,103,96,7,5
634233654,14,6,8,6
634233661,151,71,80,68
634233662,12,4,8,5
634233663,41,20,21,16
634233664,12,7,5,8
634233673,1,1,0,1
634233721,2,1,1,1
634233722,25,12,13,11
634233723,20,10,10,9
634233732,3,1,2,1
634233741,6,4,2,3
634233751,20,20,0,7
634233753,12,7,5,4
634233761,2,1,1,1
634233762,1,0,1,1
634233764,5,2,3,2
634233773,22,12,10,8
634233803,10,4,6,7
634233804,27,15,12,14
634233822,2,2,0,2
634233854,8,4,4,3
634233863,3,3,0,3
634233871,16,9,7,7
634233872,11,5,6,2
634233883,4,2,2,3
634233884,12,6,6,4
634233901,26,17,9,14
634233902,10,6,4,5
634233952,16,9,7,6
634233961,2,1,1,1
634233982,7,3,4,5
634233993,11,3,8,6
634234024,59,28,31,21
634234031,116,57,59,42
634234032,188,87,101,71
634234033,15,6,9,5
634234041,140,73,67,49
634234042,132,61,71,56
634234044,33,17,16,13
634234051,165,93,72,80
634234052,4,1,3,4
634234054,5,2,3,2
634234063,14,5,9,9
634234064,7,5,2,2
634234071,11,6,5,4
634234113,4,2,2,2
634234144,107,43,64,42
634234152,1,0,1,1
634234161,9,4,5,3
634234162,17,9,8,6
634234173,6,3,3,2
634234183,6,2,4,2
634234184,14,8,6,7
634234191,7,2,5,2
634234192,7,6,1,2
634234201,40,20,20,16
634234202,4,3,1,1
634234213,2,1,1,1
634234264,3,1,2,2
634234271,7,4,3,2
634234272,10,5,5,4
634234273,18,11,7,6
634234274,20,9,11,6
634234281,4,2,2,2
634234282,15,6,9,7
634234283,10,3,7,5
634234284,17,10,7,6
634234291,3,1,2,1
634234293,44,25,19,16
634234294,1,0,1,1
634234302,14,8,6,4
634234304,13,4,9,4
634234311,12,6,6,6
634234313,2,0,2,2
634234314,26,12,14,9
634234323,12,5,7,4
634234324,2,1,1,1
634234334,8,6,2,4
634234361,3,1,2,1
634234371,4,2,2,1
634234372,6,3,3,3
634234373,6,3,3,3
634234374,10,4,6,3
634234381,39,17,22,17
634234382,32,15,17,13
634234383,23,8,15,9
634234384,30,13,17,12
634234391,42,17,25,14
634234393,22,12,10,10
634234412,18,8,10,5
634234414,18,8,10,6
634234421,3,1,2,1
634234422,3,1,2,1
634234431,14,7,7,5
634234432,12,6,6,3
634234434,17,8,9,5
634234472,8,6,2,2
634234474,3,2,1,2
634234482,19,8,11,9
634234483,6,2,4,2
634234484,23,11,12,10
634234492,17,12,5,4
634234493,4,1,3,2
634234494,4,2,2,2
634234512,3,2,1,2
634234514,1,1,0,1
634234532,2,1,1,1
634234541,1,0,1,1
634234543,3,1,2,1
634234571,12,6,6,5
634234573,2,1,1,1
634234582,24,12,12,7
634234584,3,1,2,1
634234591,27,14,13,8
634234593,8,3,5,2
634234594,9,3,6,4
634234612,7,5,2,5
634234614,2,2,0,2
634234642,2,1,1,1
634234644,3,1,2,2
634234671,2,2,0,2
634234691,28,10,18,9
634234692,4,1,3,1
634234693,2,1,1,1
634234694,15,7,8,6
634234712,4,2,2,2
634234723,5,5,0,5
634234742,1,1,0,1
634234744,6,3,3,2
634234792,2,1,1,1
634234822,2,2,0,2
634234904,2,1,1,1
634234933,2,0,2,2
634235001,24,13,11,12
634235002,94,46,48,41
634235003,14,8,6,6
634235004,32,16,16,12
634235013,10,6,4,5
634235023,2,1,1,1
634235031,2,1,1,1
634235032,5,2,3,2
634235041,8,4,4,3
634235051,2,1,1,1
634235091,5,1,4,3
634235092,1,1,0,1
634235094,4,2,2,4
634235101,1,1,0,1
634235111,12,6,6,5
634235112,15,5,10,4
634235114,24,12,12,6
634235123,18,10,8,6
634235124,2,1,1,1
634235133,4,3,1,1
634235134,2,1,1,1
634235144,7,4,3,3
634235153,2,1,1,1
634235163,3,1,2,1
634235192,11,6,5,2
634235194,6,3,3,4
634235212,9,4,5,4
634235214,3,1,2,1
634235221,15,7,8,5
634235222,17,8,9,9
634235223,33,16,17,10
634235224,9,4,5,5
634235231,27,14,13,9
634235232,14,8,6,5
634235233,4,1,3,1
634235241,12,5,7,5
634235242,52,26,26,19
634235243,6,2,4,4
634235244,176,80,96,78
634235251,18,8,10,8
634235252,5,2,3,3
634235253,109,50,59,45
634235254,17,9,8,6
634235261,5,3,2,2
634235271,5,3,2,2
634235273,2,1,1,1
634235294,4,2,2,2
634235321,3,2,1,1
634235331,7,3,4,2
634235332,18,8,10,4
634235341,34,14,20,12
634235342,3,1,2,2
634235343,21,9,12,7
634235352,6,3,3,3
634235354,3,3,0,3
634235361,3,1,2,2
634235363,10,3,7,5
634235364,9,3,6,4
634235421,9,5,4,2
634235424,10,5,5,3
634235432,6,2,4,2
634235441,9,3,6,3
634235443,5,2,3,2
634235444,9,4,5,4
634235452,5,2,3,3
634235461,2,1,1,2
634235462,8,3,5,3
634235463,4,2,2,2
634235464,5,1,4,3
634235471,8,5,3,2
634235481,8,5,3,3
634235512,3,1,2,1
634235522,4,1,3,2
634235541,4,1,3,1
634235562,18,7,11,6
634235564,8,4,4,2
634235662,17,8,9,8
634235664,5,3,2,3
634235673,5,2,3,4
634235771,5,2,3,2
634235772,10,5,5,4
634235773,4,2,2,1
634235774,9,4,5,4
634235783,15,5,10,4
634235802,3,2,1,1
634235813,1,1,0,1
634235862,5,2,3,1
634235864,13,5,8,4
634235881,2,1,1,1
634235883,1,1,0,1
634235981,1,0,1,1
634236001,5,3,2,3
634236002,8,5,3,3
634236003,1,0,1,1
634236004,7,4,3,6
634236013,5,1,4,1
634236071,1,1,0,1
634236101,1,1,0,1
634236102,23,8,15,9
634236104,9,3,6,3
634236113,2,2,0,2
634236202,1,0,1,1
634236211,13,8,5,7
634236212,23,11,12,8
634236213,28,11,17,13
634236214,15,9,6,7
634236301,16,11,5,9
634236303,9,4,5,3
634236304,8,4,4,4
634236311,33,17,16,11
634236312,17,8,9,11
634236322,23,13,10,9
634236324,1,1,0,1
634236402,7,4,3,5
634236404,13,7,6,7
634236411,11,4,7,5
634236412,16,9,7,5
634236414,2,2,0,1
634236512,16,6,10,5
634236513,7,3,4,2
634236514,9,4,5,4
634236522,4,2,2,1
634236621,2,0,2,1
634241992,28,15,13,10
634241993,27,12,15,8
634241994,4,1,3,2
634242074,34,14,20,16
634242082,317,161,156,145
634242083,84,46,38,38
634242084,177,104,73,97
634242091,466,223,243,258
634242092,1098,533,565,528
634242093,758,349,409,379
634242094,1096,504,592,539
634242171,14,8,6,6
634242172,186,90,96,78
634242174,24,13,11,9
634242181,795,377,418,360
634242182,382,185,197,190
634242183,721,335,386,310
634242184,834,392,442,416
634242191,618,311,307,327
634242192,655,312,343,313
634242193,955,491,464,494
634242194,676,321,355,314
634242252,24,12,12,9
634242253,239,97,142,131
634242254,225,105,120,87
634242263,6,2,4,2
634242281,589,258,331,294
634242282,110,53,57,53
634242283,27,15,12,10
634242284,68,32,36,27
634242291,693,317,376,216
634242292,595,281,314,243
634242293,625,296,329,247
634242294,200,94,106,74
634242341,11,6,5,5
634242342,420,206,214,183
634242344,154,76,78,71
634242351,355,163,192,148
634242352,428,199,229,179
634242353,648,283,365,245
634242354,106,51,55,44
634242361,88,45,43,37
634242373,35,19,16,12
634242382,2,2,0,2
634242383,6,4,2,3
634242391,159,81,78,55
634242392,76,38,38,32
634242393,1,1,0,1
634242424,13,10,3,12
634242434,14,6,8,6
634242442,56,25,31,26
634242444,20,10,10,8
634242451,236,122,114,92
634242452,2,0,2,1
634242453,3,1,2,1
634242461,6,4,2,3
634242463,16,6,10,4
634242471,37,20,17,15
634242473,11,6,5,8
634242474,4,2,2,2
634242514,45,22,23,18
634242521,146,69,77,70
634242522,65,34,31,29
634242523,245,112,133,114
634242541,11,3,8,3
634242543,1,0,1,1
634242551,28,12,16,11
634242552,46,23,23,19
634242553,4,2,2,2
634242563,7,5,2,3
634242574,5,3,2,3
634242581,21,9,12,6
634242583,14,9,5,6
634242592,12,6,6,6
634242593,7,4,3,3
634242612,40,15,25,15
634242614,18,9,9,8
634242621,67,40,27,11
634242622,6,1,5,3
634242623,7,7,0,3
634242651,1,1,0,1
634242652,26,14,12,9
634242662,13,7,6,4
634242663,6,4,2,5
634242664,15,7,8,5
634242673,11,6,5,3
634242674,27,12,15,6
634242682,9,6,3,3
634242683,27,15,12,7
634242694,27,13,14,5
634242702,3,2,1,1
634242704,26,11,15,12
634242711,5,3,2,3
634242713,5,3,2,2
634242762,8,4,4,4
634242771,11,5,6,6
634242782,14,6,8,6
634242783,17,7,10,5
634242794,61,28,33,25
634242802,2,1,1,1
634242803,5,3,2,4
634242884,12,7,5,4
634242893,16,10,6,8
634242901,27,17,10,13
634242902,14,9,5,8
634242903,2,1,1,1
634242911,1,0,1,1
634242913,3,1,2,1
634242914,5,3,2,2
634242982,5,3,2,2
634243001,27,12,15,14
634243003,491,205,286,189
634243014,23,13,10,10
634243023,7,5,2,4
634243061,15,7,8,6
634243091,16,7,9,5
634243092,10,4,6,3
634243093,4,2,2,2
634243094,25,13,12,6
634243101,1070,475,595,404
634243102,58,26,32,24
634243103,801,392,409,344
634243104,191,91,100,93
634243113,7,3,4,5
634243122,7,4,3,4
634243131,12,6,6,4
634243132,8,5,3,4
634243192,12,6,6,4
634243193,1,1,0,1
634243194,10,6,4,5
634243201,352,170,182,150
634243202,186,86,100,73
634243203,45,19,26,18
634243204,249,117,132,102
634243211,92,46,46,39
634243213,34,17,17,12
634243214,17,6,11,6
634243242,8,4,4,2
634243291,7,2,5,3
634243292,3,0,3,2
634243293,4,1,3,3
634243301,30,14,16,12
634243302,17,8,9,5
634243304,7,3,4,3
634243311,78,36,42,31
634243312,42,17,25,17
634243314,57,38,19,11
634243323,30,16,14,15
634243324,29,17,12,9
634243333,6,2,4,2
634243391,4,2,2,2
634243394,15,6,9,3
634243402,2,2,0,1
634243411,5,2,3,1
634243421,5,3,2,2
634243422,60,29,31,26
634243423,2,1,1,1
634243424,13,7,6,5
634243431,80,36,44,28
634243432,32,17,15,9
634243433,40,18,22,14
634243434,41,22,19,16
634243453,17,9,8,6
634243454,3,2,1,2
634243463,2,1,1,1
634243503,3,3,0,3
634243504,9,5,4,3
634243522,24,15,9,12
634243532,9,6,3,5
634243533,2,1,1,2
634243534,28,14,14,1
634243541,15,9,6,8
634243543,59,31,28,21
634243544,1,0,1,1
634243552,13,10,3,4
634243553,12,5,7,3
634243561,32,14,18,12
634243562,8,4,4,3
634243564,29,14,15,12
634243571,12,8,4,5
634243573,5,3,2,2
634243574,3,2,1,1
634243583,8,4,4,2
634243603,34,17,17,14
634243611,4,2,2,3
634243631,21,12,9,10
634243632,11,5,6,5
634243634,4,2,2,3
634243643,50,27,23,17
634243652,143,81,62,62
634243653,3,2,1,1
634243661,4,2,2,2
634243663,5,2,3,2
634243664,2,1,1,1
634243671,38,19,19,9
634243672,3,1,2,1
634243673,6,4,2,2
634243674,27,14,13,6
634243681,14,8,6,5
634243683,10,6,4,4
634243693,13,8,5,4
634243701,8,4,4,3
634243702,7,4,3,2
634243703,3,1,2,1
634243704,2,1,1,1
634243713,12,6,6,4
634243714,17,9,8,6
634243732,4,3,1,2
634243741,8,5,3,2
634243742,5,2,3,2
634243743,4,4,0,4
634243744,2,2,0,2
634243751,47,29,18,24
634243752,23,12,11,8
634243761,32,26,6,6
634243762,12,7,5,7
634243772,6,3,3,2
634243781,4,2,2,2
634243784,7,4,3,2
634243791,6,3,3,4
634243792,18,10,8,7
634243793,3,2,1,1
634243794,21,11,10,6
634243801,7,3,4,2
634243804,9,4,5,4
634243812,7,4,3,3
634243813,23,9,14,8
634243821,7,3,4,3
634243823,22,11,11,7
634243842,2,2,0,2
634243854,6,4,2,2
634243874,26,17,9,11
634243881,1,1,0,1
634243883,47,27,20,22
634243891,13,7,6,4
634243892,12,7,5,2
634243901,3,2,1,2
634243902,8,3,5,2
634243904,11,3,8,4
634243911,4,1,3,2
634243912,20,9,11,6
634243921,11,7,4,2
634243924,28,12,16,7
634243941,4,2,2,2
634243963,2,1,1,1
634243964,2,1,1,1
634243981,47,20,27,22
634243982,2,1,1,2
634243992,12,5,7,4
634243993,13,7,6,4
634244001,14,7,7,5
634244002,9,5,4,4
634244004,7,2,5,3
634244011,10,3,7,3
634244014,2,1,1,1
634244023,6,3,3,2
634244302,10,4,6,2
634244303,8,5,3,4
634244613,14,9,5,4
634244614,5,2,3,2
634244701,2,1,1,1
634244702,8,4,4,3
634244703,9,6,3,5
634244713,5,3,2,4
634244714,2,2,0,2
634244802,6,3,3,4
634244811,11,6,5,4
634244812,11,6,5,4
634244814,4,2,2,2
634244821,7,4,3,2
634244823,4,2,2,2
634244901,11,6,5,6
634244904,1,0,1,1
634244912,1,0,1,1
634244913,1,1,0,1
634244914,1,1,0,1
634244921,6,4,2,2
634244924,2,1,1,1
634245081,17,9,8,6
634245181,10,4,6,2
634245183,6,3,3,1
634245281,2,1,1,1
634250663,78,35,43,39
634250664,25,14,11,14
634250673,41,16,25,16
634250683,16,9,7,7
634250684,12,8,4,7
634250692,13,4,9,8
634250693,23,10,13,8
634250694,25,12,13,10
634250744,173,58,115,30
634250751,9,4,5,3
634250752,69,29,40,30
634250753,260,134,126,109
634250754,401,169,232,148
634250761,86,40,46,46
634250763,46,21,25,16
634250771,7,6,1,6
634250772,6,1,5,6
634250781,22,14,8,12
634250792,37,16,21,11
634250834,1,0,1,1
634250851,71,43,28,30
634250852,22,10,12,8
634250853,159,76,83,67
634250861,4,2,2,2
634250862,2,1,1,1
634250864,6,4,2,3
634250874,3,3,0,3
634250894,29,16,13,12
634250911,5,3,2,2
634250912,108,55,53,30
634250913,23,12,11,6
634250914,29,17,12,12
634250921,8,4,4,3
634250923,46,21,25,12
634250931,2,2,0,2
634250932,134,64,70,52
634250933,2,2,0,2
634250934,72,33,39,28
634250941,103,45,58,46
634250942,23,15,8,13
634250943,16,7,9,8
634250951,39,27,12,26
634250953,13,13,0,13
634250954,13,11,2,12
634250961,3,2,1,2
634250962,3,1,2,1
634250964,6,4,2,3
634250971,2,1,1,1
634250972,11,10,1,9
634250973,5,2,3,3
634250974,6,3,3,3
634250981,3,1,2,2
634250983,7,3,4,3
634250984,8,4,4,5
634250991,4,1,3,2
634251074,18,9,9,11
634251081,3,1,2,1
634251083,26,12,14,8
634251091,4,3,1,1
634251164,100,53,47,38
634251171,36,13,23,19
634251172,188,98,90,94
634251173,116,55,61,64
634251181,466,217,249,226
634251182,81,35,46,38
634251183,11,5,6,5
634251191,12,7,5,3
634251192,1,1,0,1
634251193,5,3,2,2
634251194,23,11,12,10
634251262,130,57,73,52
634251264,14,9,5,5
634251271,12,8,4,4
634251272,1,0,1,1
634251273,1,1,0,1
634251274,1,1,0,1
634251282,2,1,1,2
634251291,9,5,4,3
634251292,28,15,13,11
634251362,10,4,6,2
634251363,14,7,7,6
634251371,6,2,4,2
634251374,4,2,2,2
634251384,8,4,4,2
634251443,52,24,28,22
634251451,3,1,2,1
634251452,3,1,2,1
634251453,3,1,2,1
634251461,3,1,2,1
634251463,9,4,5,4
634251464,4,2,2,2
634251473,3,1,2,1
634251482,2,1,1,1
634251524,7,3,4,2
634251532,42,18,24,20
634251533,7,4,3,2
634251534,20,12,8,7
634251541,17,10,7,5
634251543,4,1,3,1
634251561,2,2,0,2
634251562,14,7,7,6
634251564,7,3,4,3
634251572,6,4,2,4
634251573,22,13,9,9
634251591,8,3,5,3
634251593,4,3,1,1
634251594,3,2,1,1
634251603,3,2,1,1
634251604,10,5,5,2
634251613,4,1,3,2
634251614,19,10,9,4
634251622,6,3,3,2
634251624,4,3,1,2
634251632,2,2,0,2
634251641,21,10,11,7
634251642,8,5,3,5
634251644,10,6,4,4
634251652,12,5,7,4
634251653,7,6,1,7
634251654,2,1,1,1
634251672,9,4,5,4
634251674,6,4,2,2
634251681,5,3,2,2
634251682,16,7,9,5
634251684,6,2,4,2
634251691,1,0,1,1
634251692,5,2,3,1
634251694,6,3,3,2
634251701,8,5,3,2
634251702,14,6,8,4
634251703,8,4,4,5
634251704,9,4,5,2
634251711,2,1,1,1
634251712,1,1,0,1
634251721,4,4,0,4
634251722,2,2,0,2
634251724,2,2,0,2
634251752,9,5,4,6
634251761,20,10,10,7
634251762,9,4,5,4
634251764,4,2,2,2
634251773,2,1,1,1
634251782,4,2,2,2
634251802,2,1,1,1
634251811,9,6,3,2
634251813,7,2,5,2
634251814,6,3,3,2
634251843,3,2,1,1
634251861,2,1,1,1
634251862,1,1,0,1
634251871,20,10,10,6
634251873,6,3,3,2
634251874,3,2,1,1
634251903,6,4,2,2
634251904,4,2,2,2
634251911,13,6,7,5
634251912,8,3,5,3
634251913,4,2,2,1
634251914,4,2,2,1
634251921,5,1,4,1
634251922,6,2,4,2
634251923,1,1,0,1
634251924,3,2,1,1
634251933,4,3,1,2
634251934,8,5,3,3
634251962,2,1,1,1
634251972,7,4,3,2
634251983,11,5,6,4
634251984,5,1,4,2
634252001,2,2,0,2
634252002,1,1,0,1
634252102,5,3,2,3
634252114,2,1,1,1
634252191,5,3,2,1
634252192,2,1,1,1
634252194,1,0,1,1
634252201,5,4,1,3
634252202,35,18,17,12
634252204,3,2,1,1
634252214,13,5,8,4
634252223,10,6,4,3
634252224,1,1,0,1
634252294,4,3,1,1
634252312,10,4,6,4
634252321,14,6,8,5
634252322,17,9,8,5
634252323,6,4,2,4
634252331,1,1,0,1
634252333,6,2,4,4
634252334,8,1,7,3
634252343,3,3,0,3
634252431,5,3,2,3
634252432,63,32,31,17
634252501,6,3,3,1
634252503,2,1,1,1
634252504,2,1,1,1
634252514,5,2,3,1
634252532,4,2,2,1
634252541,8,3,5,2
634252543,10,6,4,6
634252554,6,2,4,2
634252563,4,1,3,2
634252621,3,2,1,1
634252662,3,1,2,2
634252671,6,2,4,1
634252701,3,3,0,1
634252703,4,2,2,3
634252742,18,10,8,5
634252781,1,1,0,1
634252784,1,1,0,1
634252794,4,2,2,1
634252841,6,4,2,4
634252894,2,1,1,1
634252983,11,7,4,3
634253001,1,1,0,1
634253003,1,0,1,1
634253011,8,4,4,4
634253012,21,8,13,6
634253014,3,1,2,2
634253021,37,21,16,12
634253022,8,6,2,6
634253023,3,2,1,1
634253033,14,11,3,11
634253043,5,5,0,5
634253091,19,11,8,7
634253092,5,2,3,2
634253094,4,2,2,1
634253121,6,2,4,4
634253124,9,5,4,3
634253131,14,9,5,8
634253132,9,6,3,5
634253133,30,14,16,9
634253184,113,67,46,55
634253192,8,5,3,4
634253221,5,2,3,2
634253223,4,3,1,1
634253224,4,2,2,1
634253232,18,9,9,7
634253322,1,1,0,1
634253334,15,9,6,6
634253343,6,3,3,3
634253344,16,10,6,8
634253424,4,0,4,4
634253431,3,2,1,2
634253433,8,6,2,4
634253434,25,12,13,9
634253441,9,5,4,8
634253531,9,4,5,3
634253533,9,5,4,4
634253541,7,2,5,3
634253543,13,8,5,9
634253551,5,3,2,3
634253634,3,1,2,2
634253643,4,1,3,2
634253644,5,3,2,3
634253652,3,3,0,3
634253653,5,2,3,2
634253733,11,6,5,4
634253734,21,10,11,6
634253741,10,7,3,2
634253742,1,1,0,1
634253743,1,1,0,1
634253832,2,0,2,2
634253841,1,0,1,1
634253842,7,4,3,3
634253851,47,20,27,22
634253853,23,11,12,7
634253932,5,2,3,2
634253942,7,2,5,2
634253944,4,2,2,1
634253951,5,3,2,3
634253963,3,2,1,1
634253964,7,4,3,1
634254001,15,7,8,6
634254002,2,1,1,1
634254003,14,7,7,7
634254004,16,4,12,6
634254013,38,19,19,17
634254014,4,2,2,1
634254024,2,1,1,1
634260021,15,14,1,12
634260022,59,32,27,29
634260023,6,2,4,1
634260024,189,90,99,83
634260031,37,17,20,12
634260032,122,58,64,49
634260033,223,106,117,94
634260034,151,82,69,74
634260051,6,3,3,4
634260052,12,8,4,4
634260063,18,10,8,4
634260064,19,10,9,6
634260071,1,1,0,1
634260072,10,4,6,5
634260081,14,8,6,6
634260082,9,3,6,6
634260091,33,18,15,10
634260092,4,2,2,2
634260094,15,8,7,6
634260102,11,9,2,8
634260103,23,9,14,5
634260111,32,15,17,18
634260112,19,10,9,8
634260113,303,139,164,143
634260114,261,107,154,121
634260122,397,213,184,190
634260123,35,13,22,14
634260124,19,12,7,11
634260131,105,59,46,53
634260133,15,8,7,8
634260141,1,1,0,1
634260152,7,4,3,3
634260161,10,7,3,4
634260173,7,3,4,3
634260174,9,4,5,3
634260182,6,3,3,2
634260183,8,5,3,3
634260191,10,5,5,4
634260193,2,1,1,1
634260194,10,6,4,4
634260202,2,1,1,1
634260211,224,106,118,102
634260212,371,182,189,163
634260213,161,83,78,71
634260214,329,160,169,134
634260221,548,247,301,255
634260222,217,99,118,97
634260223,131,66,65,64
634260224,480,227,253,210
634260233,20,10,10,9
634260252,4,4,0,4
634260253,24,17,7,12
634260261,23,16,7,14
634260281,1,1,0,1
634260282,4,2,2,2
634260291,11,6,5,6
634260293,1,0,1,1
634260301,6,3,3,4
634260302,7,3,4,4
634260303,2,1,1,1
634260304,29,17,12,9
634260311,311,157,154,138
634260312,26,15,11,9
634260313,38,23,15,23
634260321,21,11,10,11
634260322,543,253,290,228
634260323,14,7,7,5
634260324,3,1,2,2
634260331,42,22,20,16
634260332,52,25,27,19
634260333,27,16,11,10
634260334,8,3,5,2
634260341,17,9,8,5
634260343,30,12,18,10
634260344,9,5,4,4
634260351,5,5,0,5
634260354,20,11,9,12
634260361,20,12,8,7
634260362,57,25,32,21
634260363,21,13,8,10
634260381,7,3,4,3
634260383,4,3,1,3
634260394,5,2,3,3
634260401,6,4,2,2
634260402,190,129,61,112
634260403,81,57,24,54
634260404,85,54,31,50
634260413,8,4,4,2
634260422,8,4,4,5
634260431,1,1,0,1
634260432,17,8,9,5
634260433,7,1,6,2
634260434,21,9,12,7
634260441,16,7,9,6
634260443,16,8,8,8
634260444,2,1,1,1
634260452,23,17,6,13
634260461,19,12,7,11
634260462,5,4,1,3
634260463,9,5,4,3
634260464,7,5,2,5
634260471,3,2,1,2
634260484,4,2,2,2
634260491,11,7,4,3
634260501,23,19,4,19
634260524,67,52,15,51
634260541,17,8,9,4
634260542,13,6,7,6
634260543,4,3,1,1
634260544,33,19,14,12
634260551,27,11,16,13
634260553,48,26,22,18
634260554,5,3,2,2
634260563,2,1,1,1
634260571,2,1,1,2
634260572,6,4,2,2
634260582,11,5,6,5
634260593,20,10,10,9
634260651,5,2,3,3
634260652,38,18,20,15
634260654,22,14,8,10
634260661,35,14,21,7
634260662,24,11,13,9
634260663,89,50,39,41
634260671,3,1,2,1
634260691,25,13,12,9
634260692,4,2,2,3
634260701,2,2,0,2
634260703,6,5,1,6
634260761,3,2,1,2
634260762,1,0,1,1
634260771,59,30,29,21
634260772,20,11,9,9
634260773,40,21,19,13
634260774,32,17,15,15
634260781,6,2,4,4
634260783,13,4,9,6
634260801,6,1,5,2
634260802,4,4,0,4
634260804,2,2,0,2
634260812,4,2,2,2
634260813,8,4,4,3
634260814,7,4,3,4
634260832,4,1,3,1
634260872,13,5,8,4
634260874,25,12,13,9
634260883,45,20,25,13
634260884,24,12,12,8
634260891,2,1,1,1
634260893,100,45,55,29
634260894,12,5,7,3
634260901,17,9,8,8
634260903,31,13,18,14
634260911,12,4,8,4
634260912,60,28,32,21
634260914,10,5,5,5
634260921,7,2,5,7
634260922,2,0,2,2
634260923,4,2,2,4
634260924,5,1,4,1
634260933,3,1,2,1
634260934,2,0,2,1
634260954,6,2,4,2
634260982,40,15,25,12
634260991,180,83,97,83
634260992,36,20,16,16
634260993,136,78,58,79
634260994,199,94,105,74
634261002,1,1,0,1
634261003,28,17,11,14
634261012,1,1,0,1
634261024,1,0,1,1
634261031,15,8,7,4
634261032,12,5,7,5
634261034,1,1,0,1
634261043,14,4,10,5
634261101,1,1,0,1
634261102,2,2,0,2
634261103,4,3,1,2
634261141,11,7,4,6
634261142,7,4,3,3
634261144,10,5,5,2
634261153,6,3,3,2
634261154,5,3,2,2
634261202,38,16,22,13
634261211,3,2,1,1
634261213,11,6,5,4
634261214,2,1,1,1
634261224,3,2,1,1
634261252,6,4,2,2
634261254,3,1,2,1
634261263,8,3,5,4
634261303,3,2,1,3
634261321,24,17,7,14
634261322,5,3,2,2
634261331,18,10,8,7
634261332,2,1,1,1
634261333,4,1,3,3
634261334,17,7,10,8
634261341,4,2,2,1
634261361,2,2,0,1
634261362,15,6,9,5
634261373,2,1,1,1
634261432,9,5,4,5
634261442,3,1,2,2
634261472,6,3,3,3
634261483,6,2,4,2
634261484,2,1,1,1
634261551,13,7,6,5
634261552,2,1,1,1
634261554,2,1,1,1
634261603,4,3,1,2
634261604,2,1,1,2
634261652,6,4,2,3
634261661,8,3,5,4
634261663,1,0,1,1
634261691,4,2,2,2
634261761,5,3,2,3
634261763,3,1,2,1
634261861,2,1,1,1
634261862,1,0,1,1
634261903,18,8,10,8
634261904,7,3,4,4
634261971,5,2,3,3
634261973,3,1,2,1
634261974,4,1,3,1
634261983,5,1,4,4
634262064,9,6,3,3
634262072,5,5,0,5
634262082,9,5,4,4
634262084,21,11,10,8
634262091,6,3,3,1
634262092,1,1,0,1
634262151,3,2,1,2
634262153,13,5,8,4
634262154,6,3,3,2
634262163,5,3,2,2
634262182,12,6,6,4
634262263,1,0,1,1
634262264,5,3,2,3
634262291,5,2,3,2
634262292,13,6,7,5
634262294,2,2,0,2
634262373,5,2,3,3
634262464,17,13,4,6
634262471,7,4,3,2
634262562,39,20,19,20
634262563,10,5,5,4
634262564,5,3,2,4
634262582,3,2,1,2
634262593,1,1,0,1
634262594,4,2,2,1
634262654,6,3,3,1
634262661,4,2,2,2
634262751,7,3,4,2
634262753,3,2,1,1
634262864,6,3,3,4
634262971,9,4,5,2
634263001,1,0,1,1
634263004,2,1,1,1
634263011,5,3,2,2
634263012,2,0,2,2
634263024,12,6,6,2
634263041,22,11,11,4
634263042,2,1,1,1
634263052,4,2,2,3
634263054,5,3,2,3
634263124,6,3,3,2
634263201,2,2,0,2
634263202,2,2,0,1
634263204,4,3,1,2
634263214,4,2,2,1
634263224,1,0,1,1
634263302,11,5,6,2
634263311,5,3,2,2
634263312,2,1,1,1
634263313,15,8,7,3
634263314,9,5,4,4
634263321,1,0,1,1
634263323,5,2,3,1
634263331,7,4,3,2
634263333,5,2,3,1
634263334,7,4,3,2
634263431,4,1,3,4
634263441,7,4,3,2
634263444,2,0,2,2
634263501,13,7,6,3
634263502,2,0,2,2
634263513,13,7,6,2
634263541,2,1,1,1
634263611,10,4,6,4
634263614,5,2,3,1
634263621,4,2,2,1
634263623,17,8,9,5
634263731,11,4,7,4
634263733,6,3,3,1
634263841,6,4,2,2
634264111,7,4,3,1
634270022,23,16,7,8
634270024,16,8,8,6
634270031,8,3,5,4
634270032,5,3,2,3
634270033,1,1,0,1
634270041,16,9,7,6
634270043,12,6,6,5
634270044,27,14,13,9
634270053,6,1,5,4
634270082,9,6,3,3
634270091,97,53,44,58
634270092,326,148,178,153
634270093,5,2,3,4
634270094,47,24,23,18
634270141,16,8,8,5
634270142,4,3,1,1
634270144,28,13,15,12
634270151,12,6,6,6
634270153,7,3,4,2
634270154,5,5,0,5
634270232,9,6,3,5
634270251,1,1,0,1
634270254,2,1,1,1
634270261,1,0,1,1
634270263,34,14,20,17
634270352,2,1,1,1
634270361,10,5,5,4
634270371,11,6,5,6
634270373,14,7,7,6
634270463,3,2,1,1
634270471,3,2,1,1
634270552,15,8,7,4
634270561,9,5,4,3
634270571,4,2,2,2
634270574,1,0,1,1
634270662,3,2,1,1
634270664,31,16,15,6
634270754,38,19,19,12
634270761,22,12,10,8
634270762,4,1,3,2
634270763,27,9,18,15
634270854,2,1,1,1
634270861,24,13,11,6
634270863,4,1,3,3
634270942,2,1,1,1
634270943,3,2,1,2
634270944,1,0,1,1
634270951,62,28,34,29
634270961,47,23,24,21
634270963,30,17,13,17
634270964,20,9,11,10
634271001,210,85,125,77
634271002,246,117,129,134
634271003,284,153,131,139
634271004,141,60,81,54
634271011,43,18,25,23
634271013,153,66,87,52
634271014,7,4,3,2
634271102,1,1,0,1
634271111,48,25,23,18
634271114,20,8,12,8
634271123,18,10,8,7
634271124,11,4,7,5
634271134,2,1,1,1
634271143,8,5,3,3
634271192,9,3,6,4
634271211,2,0,2,2
634271212,4,3,1,3
634271213,2,1,1,1
634271214,5,2,3,2
634271221,62,30,32,23
634271323,1,1,0,1
634271412,1,1,0,1
634271421,17,9,8,6
634271423,5,3,2,3
634271521,1,0,1,1
634271523,47,23,24,19
634271524,20,6,14,8
634271622,149,66,83,51
634271624,54,29,25,24
634271631,18,9,9,9
634271633,27,13,14,9
634271722,38,15,23,16
634271724,6,3,3,2
634271731,9,6,3,2
634271843,2,2,0,1
634271941,14,7,7,4
634271943,1,0,1,1
634271944,13,9,4,5
634271984,10,4,6,5
634271993,22,8,14,12
634272052,3,2,1,2
634272083,2,1,1,1
634272102,2,1,1,2
634272111,5,3,2,2
634272112,3,2,1,1
634272181,3,2,1,1
634272182,2,1,1,1
634272184,2,1,1,1
634272592,4,2,2,2
634272593,5,3,2,2
634272663,10,4,6,4
634272751,8,4,4,2
634272754,11,5,6,5
634272762,5,3,2,2
634272763,4,2,2,3
634272793,5,2,3,2
634272851,3,2,1,2
634272904,9,5,4,5
634272912,4,1,3,2
634272913,8,4,4,4
634272922,3,2,1,1
634272942,1,0,1,1
634273504,2,1,1,1
634273512,5,3,2,1
634273513,14,9,5,4
634273521,8,3,5,2
634273522,2,1,1,1
634273601,3,2,1,1
634273603,3,2,1,2
634273711,2,1,1,1
634300484,11,5,6,7
634300492,30,13,17,8
634300493,87,44,43,32
634300494,3,1,2,2
634300574,2,1,1,1
634300581,85,37,48,36
634300582,65,32,33,21
634300583,75,33,42,40
634300654,2,1,1,1
634300662,3,1,2,2
634300663,12,8,4,3
634300664,10,6,4,3
634300671,14,8,6,5
634300744,25,10,15,10
634300751,7,3,4,4
634300752,128,59,69,41
634300753,96,42,54,27
634300841,5,3,2,2
634300842,8,4,4,2
634300922,71,35,36,30
634301022,99,51,48,36
634301023,106,53,53,44
634301024,86,46,40,32
634301032,3,1,2,1
634301094,4,2,2,1
634301112,79,38,41,26
634301114,327,155,172,140
634301121,204,105,99,101
634301123,476,222,254,205
634301124,12,5,7,4
634301154,25,13,12,9
634301211,122,57,65,46
634301212,245,114,131,108
634301213,183,88,95,78
634301214,251,120,131,101
634301221,35,18,17,17
634301254,8,4,4,3
634301263,16,9,7,9
634301302,121,67,54,35
634301303,63,16,47,7
634301304,5,3,2,2
634301311,222,120,102,101
634301362,3,3,0,3
634301403,1,1,0,1
634301423,4,3,1,1
634301504,2,1,1,1
634301513,1,0,1,1
634301514,8,0,8,1
634301523,2,1,1,1
634302201,5,2,3,1
634302203,13,8,5,4
634302213,1,0,1,1
634302214,14,8,6,4
634302223,34,15,19,11
634302224,1,0,1,1
634302311,1,0,1,1
634302312,5,4,1,2
634302321,21,9,12,9
634302322,27,14,13,11
634302323,2,2,0,2
634302324,49,24,25,21
634302333,13,7,6,5
634302422,25,12,13,7
634302431,37,21,16,15
634302433,52,26,26,27
634302531,41,20,21,16
634302532,139,71,68,49
634302534,46,24,22,14
634302541,26,12,14,9
634302543,111,57,54,30
634302641,28,14,14,9
634310001,9,5,4,3
634310002,7,4,3,1
634310003,4,3,1,1
634312453,34,16,18,13
634312544,4,2,2,2
634312551,143,83,60,70
634312553,5,3,2,2
634320504,5,4,1,1
634322262,2,1,1,1
634322651,2,1,1,1
634322653,151,72,79,73
634322654,16,8,8,5
634322751,6,3,3,3
634322914,2,1,1,1
634331983,7,4,3,2
634332042,28,15,13,11
634332222,2,1,1,1
634332233,1,1,0,1
634332234,7,5,2,4
634332251,7,3,4,4
634332253,5,2,3,3
634332344,27,15,12,10
634332353,120,54,66,42
634332354,34,15,19,14
634332423,2,1,1,1
634332424,3,1,2,1
634332433,248,128,120,80
634332434,26,12,14,10
634332441,40,18,22,19
634332442,166,88,78,76
634332443,7,4,3,3
634332444,166,82,84,77
634332451,631,310,321,284
634332452,170,86,84,75
634332453,553,260,293,230
634332454,8,6,2,2
634332522,7,3,4,4
634332523,3,2,1,1
634332531,9,2,7,3
634332532,316,148,168,139
634332534,201,113,88,98
634332541,403,185,218,178
634332542,685,328,357,275
634332543,586,273,313,232
634332544,485,218,267,162
634332551,331,159,172,148
634332553,215,120,95,117
634332642,143,63,80,58
634332651,561,271,290,250
634332652,55,29,26,21
634332653,178,95,83,83
634332654,47,26,21,17
634332754,17,9,8,9
634332852,17,10,7,5
634332853,1,1,0,1
634332951,5,2,3,3
634332952,1,0,1,1
634332954,6,2,4,1
634341092,5,2,3,2
634341391,2,1,1,1
634341392,1,1,0,1
634341393,4,1,3,1
634341864,4,2,2,1
634341923,2,1,1,1
634341924,5,3,2,1
634341933,12,7,5,4
634341943,3,2,1,1
634341952,2,1,1,1
634341953,9,4,5,4
634341984,5,3,2,1
634341994,9,4,5,2
634342001,8,4,4,2
634342004,12,7,5,2
634342013,5,3,2,2
634342032,2,1,1,1
634342042,9,3,6,5
634342043,4,2,2,2
634342044,2,1,1,1
634342051,13,6,7,4
634342063,1,1,0,1
634342111,3,1,2,1
634342112,4,2,2,1
634342121,3,1,2,1
634342122,13,7,6,4
634342132,9,6,3,4
634342133,3,1,2,1
634342134,54,29,25,23
634342151,1,1,0,1
634342154,15,6,9,4
634342164,7,4,3,1
634342232,81,44,37,40
634342233,25,13,12,14
634342234,4,2,2,2
634342244,4,2,2,1
634342251,5,3,2,2
634342301,2,1,1,1
634342324,4,2,2,1
634342331,59,30,29,24
634342333,2,1,1,1
634342334,8,3,5,2
634342411,11,5,6,4
634342412,1,0,1,1
634342434,6,3,3,2
634342473,5,2,3,1
634342521,9,3,6,2
634342522,2,1,1,1
634342533,10,7,3,2
634342534,3,1,2,1
634342542,3,1,2,1
634342543,3,1,2,1
634342554,8,3,5,1
634342561,8,5,3,1
634342564,10,5,5,3
634342622,4,2,2,1
634342631,5,3,2,1
634342632,9,3,6,4
634342634,9,4,5,3
634342703,4,2,2,1
634342734,6,2,4,2
634342741,73,40,33,31
634342742,1,1,0,1
634342743,212,109,103,97
634342771,9,5,4,2
634342772,3,0,3,3
634342773,4,2,2,2
634342774,4,2,2,1
634342804,7,4,3,2
634342812,7,3,4,2
634342841,26,13,13,14
634342842,11,6,5,4
634342843,13,3,10,3
634342844,15,8,7,5
634342852,2,1,1,1
634342854,6,3,3,1
634342864,2,1,1,1
634342881,11,6,5,4
634342904,5,3,2,1
634342912,22,14,8,4
634342913,4,2,2,4
634342941,6,3,3,2
634342942,3,1,2,1
634342951,3,1,2,1
634342952,3,1,2,1
634342954,4,2,2,1
634342972,3,1,2,1
634342992,6,2,4,1
634351041,1,0,1,1
634351042,1,0,1,1
634351072,13,5,8,3
634351074,4,1,3,1
634351082,4,2,2,1
634351084,4,2,2,1
634351091,5,2,3,2
634351092,4,1,3,1
634351181,3,1,2,1
634351292,8,3,5,3
634351483,4,2,2,1
634351592,5,3,2,1
634351611,7,3,4,4
634351823,2,1,1,1
634351913,4,2,2,1
634351994,5,2,3,2
634352002,1,0,1,1
634352011,1,0,1,1
634352013,6,4,2,2
634352021,1,0,1,1
634352034,3,2,1,1
634352041,6,2,4,2
634352044,5,3,2,2
634352054,8,4,4,3
634352062,4,1,3,2
634352063,9,5,4,2
634352073,1,1,0,1
634352074,1,1,0,1
634352103,7,3,4,2
634352111,5,2,3,1
634352134,13,7,6,3
634352141,1,1,0,1
634352142,1,0,1,1
634352151,1,0,1,1
634352193,3,2,1,1
634352194,16,7,9,5
634352202,5,3,2,2
634352212,4,2,2,2
634352222,2,0,2,2
634352223,1,0,1,1
634352243,9,5,4,3
634352273,5,3,2,1
634352282,8,4,4,4
634352283,13,7,6,4
634352291,20,9,11,6
634352331,9,5,4,4
634352332,9,4,5,2
634352334,41,19,22,18
634352341,6,2,4,1
634352343,9,5,4,4
634352352,10,5,5,3
634352353,7,2,5,1
634352354,6,3,3,2
634352361,11,6,5,3
634352362,2,1,1,1
634352363,4,3,1,2
634352373,5,3,2,2
634352374,4,1,3,1
634352383,6,3,3,1
634352384,1,0,1,1
634352393,3,1,2,1
634352394,1,0,1,1
634352403,6,3,3,1
634352424,23,13,10,8
634352431,94,42,52,42
634352432,5,2,3,3
634352433,2,1,1,1
634352434,1,1,0,1
634352442,5,2,3,2
634352451,8,3,5,1
634352464,2,1,1,1
634352474,10,5,5,3
634352501,4,1,3,1
634352502,18,10,8,4
634352511,6,2,4,1
634352512,7,3,4,2
634352514,1,0,1,1
634352521,3,1,2,2
634352522,3,1,2,1
634352523,1,1,0,1
634352531,1,1,0,1
634352554,1,0,1,1
634352562,4,1,3,1
634352563,8,3,5,3
634352564,2,1,1,1
634352571,20,12,8,6
634352572,3,2,1,1
634352604,6,2,4,3
634352614,11,6,5,3
634352621,3,1,2,1
634352623,3,2,1,1
634352624,4,3,1,1
634352644,14,5,9,4
634352652,7,4,3,3
634352653,2,1,1,1
634352702,18,9,9,4
634352703,2,1,1,1
634352704,4,2,2,1
634352712,87,41,46,41
634352714,221,107,114,130
634352721,174,79,95,83
634352722,2,1,1,1
634352723,107,54,53,49
634352724,5,3,2,2
634352732,4,2,2,1
634352733,6,3,3,2
634352741,1,1,0,1
634352752,5,2,3,1
634352754,4,3,1,1
634352762,2,1,1,1
634352772,6,2,4,2
634352774,4,2,2,1
634352782,3,2,1,1
634352791,1,0,1,1
634352792,19,11,8,9
634352793,2,1,1,1
634352802,12,6,6,3
634352803,9,4,5,5
634352804,1,1,0,1
634352811,307,160,147,115
634352812,310,139,171,161
634352813,60,29,31,33
634352814,302,149,153,151
634352821,220,109,111,88
634352822,3,2,1,1
634352823,325,142,183,127
634352824,55,29,26,30
634352842,1,0,1,1
634352843,2,1,1,1
634352844,2,1,1,1
634352851,3,2,1,1
634352853,4,2,2,1
634352862,2,2,0,1
634352863,3,1,2,1
634352864,3,1,2,1
634352872,5,4,1,2
634352873,5,2,3,2
634352883,3,1,2,1
634352904,2,0,2,1
634352911,15,6,9,7
634352912,300,151,149,143
634352913,185,88,97,80
634352914,197,97,100,90
634352921,175,82,93,76
634352922,402,190,212,179
634352923,252,124,128,108
634352924,84,45,39,36
634352931,33,14,19,11
634352933,14,6,8,5
634352934,12,5,7,4
634352943,3,2,1,1
634352954,2,1,1,1
634352963,2,1,1,1
634352964,8,5,3,4
634353011,80,33,47,24
634353013,66,32,34,20
634353101,12,7,5,7
634353201,1,1,0,1
634353202,1,0,1,1
634353204,3,2,1,3
634353211,1,0,1,1
634353414,12,7,5,5
634353424,12,8,4,5
634353504,2,1,1,1
634353514,2,1,1,2
634353602,5,3,2,1
634353603,17,8,9,5
634353611,2,0,2,2
634353612,3,2,1,2
634353633,2,2,0,2
634353641,10,6,4,4
634353643,79,37,42,32
634353704,4,1,3,1
634353741,4,2,2,2
634353742,2,1,1,1
634353832,1,1,0,1
634353841,8,3,5,2
634353843,3,2,1,1
634353921,4,2,2,1
634353933,4,2,2,2
634353944,3,1,2,1
634360661,7,3,4,2
634360781,2,1,1,1
634360892,3,2,1,2
634361024,18,6,12,3
634361091,2,1,1,1
634361121,3,2,1,1
634361172,3,1,2,1
634361193,3,1,2,1
634361194,2,1,1,1
634361232,5,2,3,2
634361234,6,4,2,2
634361241,5,3,2,2
634361244,6,2,4,1
634361261,1,1,0,1
634361283,2,1,1,1
634361284,5,2,3,1
634361291,2,1,1,1
634361292,7,3,4,3
634361293,2,1,1,1
634361294,9,6,3,2
634361322,2,1,1,1
634361324,1,1,0,1
634361332,2,1,1,1
634361333,1,1,0,1
634361353,5,2,3,1
634361363,3,1,2,1
634361371,4,2,2,2
634361372,3,2,1,1
634361394,8,5,3,2
634361411,5,2,3,2
634361412,1,1,0,1
634361414,1,0,1,1
634361431,5,2,3,2
634361433,2,1,1,1
634361443,7,3,4,3
634361444,55,25,30,23
634361451,9,5,4,3
634361452,6,3,3,2
634361453,17,7,10,8
634361462,8,4,4,2
634361463,6,2,4,2
634361464,3,2,1,1
634361473,5,2,3,3
634361482,6,3,3,2
634361491,7,4,3,2
634361514,4,2,2,2
634361541,11,7,4,3
634361542,9,4,5,4
634361543,3,2,1,1
634361551,2,1,1,1
634361552,1,1,0,1
634361553,2,1,1,2
634361562,9,6,3,3
634361572,1,0,1,1
634361573,2,1,1,1
634361591,6,3,3,2
634361592,7,4,3,1
634361593,4,2,2,2
634361632,1,1,0,1
634361634,6,4,2,5
634361642,1,1,0,1
634361651,2,2,0,2
634361663,10,5,5,4
634361673,2,1,1,1
634361674,3,1,2,1
634361682,5,1,4,1
634361683,5,3,2,1
634361692,4,2,2,1
634361693,3,2,1,1
634361714,6,3,3,1
634361752,16,8,8,4
634361753,1,0,1,1
634361754,7,2,5,1
634361763,3,2,1,1
634361771,2,1,1,1
634361774,3,2,1,1
634361782,3,2,1,1
634361783,3,1,2,1
634361784,3,2,1,1
634361792,1,0,1,1
634361801,2,1,1,1
634361811,15,8,7,3
634361812,1,1,0,1
634361821,10,5,5,2
634361834,10,5,5,3
634361841,1,0,1,1
634361844,2,1,1,1
634361851,1,1,0,1
634361862,2,1,1,1
634361874,8,5,3,2
634361882,7,4,3,2
634361883,2,1,1,1
634361884,6,4,2,1
634361893,4,2,2,2
634361934,4,2,2,1
634361942,3,2,1,1
634361944,4,3,1,1
634361964,1,1,0,1
634361982,7,4,3,2
634361984,4,2,2,2
634361993,3,2,1,1
634361994,5,3,2,2
634362002,2,1,1,1
634362004,9,5,4,3
634362011,48,23,25,17
634362012,42,21,21,12
634362021,144,68,76,67
634362023,27,13,14,9
634362024,29,12,17,12
634362031,3,2,1,1
634362033,4,2,2,1
634362041,19,12,7,9
634362043,1,1,0,1
634362052,4,2,2,2
634362061,6,4,2,2
634362064,2,1,1,1
634362073,4,3,1,1
634362102,1,0,1,1
634362103,4,3,1,2
634362104,1,0,1,1
634362111,1,1,0,1
634362121,15,7,8,6
634362123,9,4,5,3
634362132,19,6,13,7
634362152,3,2,1,1
634362162,2,1,1,1
634362163,4,1,3,1
634362164,9,5,4,2
634362201,11,7,4,3
634362202,1,0,1,1
634362211,84,17,67,2
634362214,2,1,1,1
634362221,1,0,1,1
634362251,9,4,5,2
634362253,4,1,3,1
634362263,2,1,1,1
634362301,2,1,1,1
634362302,6,3,3,2
634362312,2,1,1,1
634362323,11,6,5,4
634362331,2,1,1,1
634362344,10,5,5,3
634362353,3,1,2,1
634362354,2,1,1,1
634362372,2,1,1,1
634362403,4,1,3,1
634362404,2,1,1,1
634362411,5,3,2,2
634362412,6,3,3,1
634362422,11,7,4,2
634362423,2,1,1,1
634362424,7,4,3,2
634362431,8,5,3,2
634362441,3,1,2,1
634362443,5,2,3,1
634362493,6,3,3,2
634362501,2,1,1,1
634362502,4,3,1,1
634362503,2,1,1,1
634362504,7,2,5,1
634362513,3,2,1,2
634362514,2,1,1,1
634362521,4,2,2,2
634362523,13,7,6,3
634362602,7,3,4,2
634362604,3,2,1,1
634362614,8,4,4,2
634362621,3,1,2,2
634362624,7,3,4,1
634362633,5,2,3,2
634362674,8,4,4,4
634362683,8,3,5,2
634362702,6,3,3,2
634362703,4,2,2,2
634362704,3,2,1,1
634362712,3,1,2,1
634362732,233,99,134,110
634362733,2,1,1,1
634362734,157,76,81,55
634362741,191,86,105,103
634362742,6,5,1,5
634362743,202,92,110,97
634362744,46,21,25,25
634362754,23,12,11,8
634362761,10,5,5,2
634362762,6,4,2,2
634362784,13,6,7,3
634362791,19,10,9,6
634362793,9,3,6,9
634362802,3,1,2,1
634362804,10,4,6,2
634362812,2,1,1,1
634362821,2,1,1,1
634362822,2,1,1,1
634362823,2,1,1,1
634362833,2,1,1,1
634362834,3,2,1,1
634362841,60,29,31,22
634362842,114,56,58,61
634362843,5,2,3,3
634362844,107,56,51,48
634362851,2,2,0,2
634362874,4,2,2,4
634362883,3,2,1,2
634362902,2,1,1,1
634362903,8,3,5,1
634362911,2,1,1,1
634362914,2,1,1,1
634362924,10,5,5,3
634362934,4,2,2,2
634362942,7,4,3,3
634362952,7,4,3,4
634362954,2,1,1,1
634362962,9,5,4,4
634362963,2,1,1,1
634362983,5,2,3,1
634362994,2,1,1,1
634363011,4,2,2,1
634363033,1,1,0,1
634363041,2,1,1,1
634363042,1,1,0,1
634363202,6,3,3,2
634363204,2,1,1,1
634363311,3,2,1,1
634363314,7,3,4,1
634363354,4,1,3,1
634363384,3,2,1,2
634363401,2,1,1,1
634363413,9,3,6,3
634363451,8,4,4,2
634363501,6,3,3,1
634363503,2,1,1,1
634363551,3,1,2,3
634363561,5,3,2,2
634363564,6,3,3,2
634363572,10,6,4,3
634363573,4,2,2,1
634363574,4,2,2,1
634363581,4,2,2,1
634363604,9,4,5,2
634363744,1,1,0,1
634363751,5,3,2,3
634363753,1,1,0,1
634363901,4,2,2,1
634363903,4,2,2,1
634363972,5,1,4,2
634363974,1,1,0,1
634363981,2,1,1,1
634363982,2,1,1,1
634363983,3,1,2,1
634363984,2,1,1,1
634370092,6,3,3,1
634370193,3,1,2,1
634370213,5,2,3,3
634370223,11,4,7,2
634370294,2,1,1,1
634370332,3,2,1,2
634370353,2,2,0,2
634370381,11,5,6,4
634370392,2,1,1,1
634370452,5,3,2,2
634370461,5,2,3,2
634370472,2,1,1,1
634370474,5,2,3,2
634370481,4,2,2,2
634370491,11,5,6,4
634370493,3,2,1,1
634370494,1,0,1,1
634370551,5,2,3,2
634370552,8,5,3,2
634370554,3,2,1,1
634370564,17,8,9,4
634370571,50,25,25,1
634370573,49,30,19,1
634370574,2,1,1,1
634370591,9,5,4,5
634370592,4,2,2,1
634370671,64,27,37,26
634370673,41,23,18,28
634370674,64,32,32,34
634370681,1,0,1,1
634370683,2,2,0,2
634370691,8,3,5,2
634370693,5,2,3,2
634370761,4,2,2,2
634370763,12,6,6,2
634370772,19,12,7,7
634370774,15,9,6,4
634370782,1,1,0,1
634370793,1,1,0,1
634370851,4,3,1,1
634370862,3,1,2,1
634370864,10,4,6,3
634370881,1,1,0,1
634370883,1,1,0,1
634370884,7,2,5,2
634370892,22,10,12,6
634370912,8,3,5,2
634370921,2,1,1,1
634370923,6,3,3,2
634370934,15,6,9,3
634370951,18,10,8,5
634370953,2,1,1,1
634370962,1,0,1,1
634370964,1,0,1,1
634370984,20,11,9,7
634370991,9,3,6,4
634370992,10,4,6,4
634370993,5,3,2,2
634370994,13,6,7,4
634371002,3,2,1,2
634371003,4,2,2,1
634371022,3,2,1,1
634371033,2,0,2,2
634371042,6,2,4,2
634371053,7,4,3,3
634371061,5,2,3,1
634371062,3,1,2,1
634371064,7,2,5,2
634371073,8,3,5,1
634371074,10,7,3,2
634371081,2,1,1,1
634371082,9,5,4,2
634371092,5,3,2,1
634371093,10,3,7,2
634371103,10,5,5,2
634371122,5,3,2,2
634371123,16,9,7,2
634371134,1,1,0,1
634371141,13,7,6,2
634371144,8,5,3,3
634371154,2,1,1,1
634371192,4,2,2,1
634371211,3,1,2,1
634371212,7,5,2,2
634371213,4,3,1,1
634371214,6,4,2,2
634371224,7,3,4,1
634371231,19,10,9,5
634371251,2,1,1,1
634371253,4,2,2,1
634371281,13,7,6,3
634371282,8,5,3,1
634371292,9,5,4,2
634371293,15,8,7,4
634371311,2,1,1,1
634371324,5,3,2,1
634371341,11,7,4,2
634371354,4,2,2,1
634371372,5,2,3,1
634371374,7,2,5,1
634371383,4,2,2,1
634371384,4,1,3,1
634371392,80,42,38,39
634371402,3,2,1,1
634371404,10,5,5,2
634371422,9,5,4,2
634371431,2,1,1,1
634371432,4,2,2,1
634371434,3,1,2,1
634371441,13,7,6,3
634371451,5,3,2,1
634371453,7,2,5,1
634371454,7,2,5,2
634371461,13,7,6,3
634371471,5,3,2,1
634371474,15,9,6,3
634371481,2,0,2,1
634371482,12,6,6,2
634371483,1,0,1,1
634371491,5,2,3,2
634371492,7,4,3,1
634371493,4,2,2,1
634371511,8,4,4,3
634371512,6,3,3,3
634371513,6,3,3,1
634371514,9,6,3,2
634371523,7,4,3,2
634371542,17,8,9,3
634371544,2,0,2,1
634371551,8,4,4,2
634371552,11,7,4,2
634371573,3,1,2,1
634371581,7,3,4,2
634371584,2,1,1,1
634371591,13,6,7,2
634371613,2,1,1,1
634371614,7,4,3,2
634371621,5,4,1,1
634371622,6,2,4,2
634371631,6,2,4,2
634371632,9,4,5,2
634371634,6,3,3,2
634371651,5,2,3,1
634371654,7,4,3,3
634371663,37,19,18,8
634371674,4,2,2,1
634371681,2,1,1,1
634371691,9,4,5,2
634371692,8,5,3,1
634371713,11,5,6,4
634371721,7,4,3,2
634371732,10,4,6,2
634371734,1,0,1,1
634371743,4,1,3,1
634371744,183,90,93,94
634371751,277,128,149,117
634371752,45,21,24,15
634371753,334,160,174,157
634371754,71,36,35,19
634371763,9,4,5,3
634371771,4,2,2,1
634371781,2,1,1,1
634371791,6,2,4,1
634371794,3,2,1,2
634371804,6,2,4,4
634371811,4,2,2,2
634371813,2,2,0,2
634371814,3,0,3,2
634371822,5,3,2,1
634371831,3,1,2,1
634371832,5,3,2,1
634371834,8,4,4,4
634371842,315,145,170,148
634371843,3,1,2,2
634371844,171,110,61,115
634371851,253,115,138,96
634371852,83,42,41,32
634371853,155,82,73,52
634371854,25,10,15,13
634371862,13,7,6,2
634371863,11,4,7,5
634371872,7,4,3,2
634371874,4,2,2,1
634371881,9,4,5,2
634371883,2,1,1,1
634371884,11,6,5,2
634371894,14,7,7,4
634371901,13,8,5,6
634371914,1,0,1,1
634371922,2,1,1,1
634371932,6,3,3,2
634371933,2,1,1,1
634371934,4,2,2,1
634371941,11,6,5,3
634371943,11,5,6,2
634371952,7,4,3,2
634371953,6,3,3,1
634371954,10,5,5,3
634371963,11,4,7,4
634371964,5,3,2,2
634371974,3,1,2,1
634371982,7,3,4,1
634372004,9,6,3,2
634372012,3,2,1,1
634372013,2,1,1,1
634372031,9,3,6,2
634372062,4,2,2,2
634372081,10,3,7,2
634372082,1,1,0,1
634372084,4,1,3,1
634372091,3,2,1,1
634372121,4,1,3,1
634372122,4,2,2,1
634372124,4,3,1,1
634372174,4,2,2,2
634372181,7,3,4,2
634372183,2,1,1,1
634372202,2,2,0,1
634372203,16,9,7,6
634372222,17,10,7,6
634372244,8,4,4,2
634372303,11,7,4,4
634372313,7,3,4,1
634372322,17,6,11,5
634372324,19,12,7,5
634372401,7,3,4,2
634372403,2,1,1,1
634372511,6,3,3,2
634372513,4,2,2,1
634372544,6,3,3,1
634372553,11,7,4,2
634372623,8,3,5,2
634372642,5,1,4,1
634372644,6,3,3,1
634372653,4,2,2,1
634372704,4,2,2,1
634372712,6,3,3,1
634372721,12,7,5,2
634372753,4,2,2,1
634372822,4,3,1,1
634372831,4,2,2,1
634372934,2,1,1,1
634372944,2,1,1,1
634372951,10,5,5,2
634373154,6,3,3,2
634373163,21,11,10,8
634373164,6,3,3,2
634373171,3,1,2,1
634373252,14,8,6,8
634373253,2,1,1,1
634373334,2,1,1,2
634373342,2,2,0,1
634373351,3,2,1,1
634373434,4,2,2,1
634373893,4,2,2,2
634373984,8,3,5,2
634374701,3,2,1,1
634374962,15,8,7,6
643907002,2,1,1,1
643907004,18,9,9,8
643907013,20,12,8,11
643907124,5,3,2,3
643907133,2,1,1,1
643907231,2,1,1,1
643907232,1,1,0,1
643907263,12,4,8,5
643907264,4,2,2,2
643907283,22,9,13,11
643907284,45,23,22,18
643907292,18,12,6,9
643907293,40,16,24,21
643907294,29,18,11,12
644000063,8,3,5,5
644000064,50,20,30,1
644000153,2,1,1,1
644000201,114,60,54,54
644000202,165,86,79,74
644000211,2,1,1,1
644000221,11,6,5,5
644000222,3,1,2,1
644000224,25,10,15,11
644000343,22,11,11,10
644000344,142,79,63,61
644000442,88,40,48,37
644000451,18,6,12,8
644000453,119,57,62,48
644000551,37,18,19,20
644000553,16,9,7,5
644000663,29,13,16,13
644000761,59,30,29,25
644000764,55,23,32,18
644000773,21,10,11,11
644000872,39,16,23,13
644000881,55,27,28,21
644000882,14,6,8,4
644000893,11,6,5,5
644000991,29,12,17,9
644000994,32,10,22,16
644001901,55,21,34,31
644001902,46,20,26,23
644001903,50,24,26,18
644001904,72,35,37,31
644001913,3,2,1,1
644002022,2,1,1,1
644002032,22,12,10,8
644002033,19,12,7,8
644002034,64,30,34,22
644002041,250,114,136,103
644002042,333,162,171,182
644002043,52,24,28,23
644002044,150,67,83,81
644002064,10,4,6,3
644002094,59,25,34,35
644002104,2,1,1,1
644002113,2,1,1,1
644002114,6,3,3,3
644002122,2,2,0,1
644002124,2,1,1,1
644002131,4,1,3,2
644002133,5,3,2,1
644002141,56,25,31,34
644002143,42,21,21,20
644002162,2,1,1,1
644002164,2,1,1,1
644002181,2,1,1,2
644002182,7,2,5,4
644002191,6,1,5,3
644002192,1,1,0,1
644002212,4,3,1,1
644002221,4,2,2,1
644002233,4,3,1,1
644002234,2,1,1,1
644002241,12,7,5,5
644002242,3,1,2,2
644002243,6,2,4,3
644002251,3,1,2,2
644002262,1,1,0,1
644002271,5,3,2,1
644002304,10,6,4,3
644002313,5,3,2,3
644002321,1,0,1,1
644002323,21,11,10,7
644002324,1,0,1,1
644002331,3,1,2,1
644002332,8,3,5,3
644002333,3,1,2,1
644002334,7,5,2,3
644002341,2,1,1,1
644002363,3,1,2,1
644002411,4,2,2,1
644002412,1,0,1,1
644002422,10,6,4,5
644002424,9,3,6,3
644002431,26,13,13,12
644002432,5,3,2,3
644002433,1,1,0,1
644002434,10,6,4,5
644002441,7,4,3,3
644002443,1,0,1,1
644002532,11,6,5,3
644002541,2,1,1,1
644002741,2,1,1,2
644002743,3,1,2,1
644002834,6,3,3,1
644002841,12,5,7,6
644002843,8,4,4,2
644002921,2,1,1,1
644002923,13,4,9,6
644002924,22,11,11,10
644002932,21,8,13,10
644002934,29,12,17,12
644002941,2,1,1,1
644003002,15,9,6,7
644003003,53,24,29,27
644003004,14,6,8,8
644003011,22,11,11,8
644003014,11,6,5,4
644003024,8,4,4,4
644003112,5,2,3,3
644003121,2,1,1,1
644003221,3,2,1,1
644003751,7,4,3,4
644003753,2,0,2,1
644003843,3,2,1,1
644003844,6,3,3,2
644003852,10,5,5,4
644003853,24,13,11,8
644003854,6,5,1,2
644003861,12,6,6,4
644003863,8,5,3,3
644003943,2,1,1,1
644003951,2,2,0,1
644003952,17,7,10,5
644003953,2,1,1,1
644003954,5,3,2,2
644003971,16,6,10,6
644003973,7,4,3,5
644003974,7,4,3,4
644003983,1,1,0,1
644004062,7,4,3,3
644004082,6,3,3,3
644004083,2,2,0,2
644004091,5,2,3,2
644004852,8,4,4,3
644004863,12,6,6,5
644004961,5,2,3,1
644004962,2,0,2,1
644004963,3,2,1,3
644005031,3,3,0,2
644005074,4,2,2,1
644005094,7,2,5,1
644005172,2,1,1,1
644005283,12,6,6,3
644005381,27,13,14,10
644005383,2,1,1,1
644005991,5,2,3,2
644005993,4,2,2,2
644005994,2,1,1,1
644006023,6,2,4,1
644006054,3,1,2,2
644006073,12,6,6,6
644006083,9,5,4,2
644006111,6,4,2,1
644006112,1,1,0,1
644006114,17,10,7,5
644006132,6,3,3,2
644006133,2,1,1,1
644006134,3,1,2,1
644006143,11,6,5,3
644006152,2,1,1,1
644006161,7,5,2,1
644006171,6,3,3,3
644006173,14,3,11,7
644006212,3,1,2,1
644006214,4,2,2,2
644006233,4,2,2,1
644006244,14,8,6,3
644006261,6,4,2,1
644006263,8,4,4,2
644006264,9,4,5,2
644006271,2,1,1,1
644006294,1,1,0,1
644006312,3,2,1,1
644006341,5,3,2,3
644006342,9,4,5,3
644006352,3,2,1,2
644006361,4,2,2,1
644006362,7,3,4,2
644006364,22,10,12,6
644006371,41,23,18,21
644006393,6,3,3,2
644006413,5,3,2,1
644006414,14,8,6,6
644006422,5,2,3,1
644006424,5,2,3,2
644006433,14,7,7,2
644006434,6,2,4,2
644006443,4,3,1,2
644006444,10,5,5,2
644006451,10,7,3,2
644006452,3,2,1,1
644006453,14,8,6,2
644006461,9,4,5,3
644006471,3,2,1,2
644006472,4,2,2,1
644006481,6,2,4,2
644006483,2,1,1,1
644006484,9,4,5,1
644006492,2,1,1,1
644006512,3,1,2,1
644006514,2,1,1,1
644006522,14,6,8,2
644006523,3,2,1,1
644006531,17,10,7,5
644006532,10,5,5,4
644006552,7,4,3,3
644006563,4,3,1,1
644006564,2,1,1,1
644006574,16,9,7,4
644006582,6,2,4,2
644006594,7,2,5,1
644006611,2,1,1,1
644006631,6,4,2,2
644006632,2,1,1,1
644006633,8,3,5,3
644006634,12,7,5,4
644006642,13,7,6,4
644006644,2,1,1,1
644006651,3,1,2,1
644006674,3,2,1,1
644006681,18,15,3,11
644006683,3,1,2,1
644006684,5,4,1,2
644006691,12,6,6,2
644006692,14,8,6,3
644006693,11,5,6,2
644006731,3,1,2,1
644006732,2,1,1,1
644006734,7,3,4,2
644006741,5,3,2,1
644006743,3,2,1,1
644006751,3,1,2,1
644006763,2,1,1,1
644006764,10,5,5,4
644006771,3,2,1,1
644006773,5,4,1,1
644006774,3,2,1,1
644006782,12,5,7,3
644006783,6,3,3,2
644006784,7,5,2,2
644006791,5,2,3,1
644006794,108,50,58,40
644006832,1,1,0,1
644006834,4,2,2,1
644006851,6,3,3,1
644006871,6,3,3,1
644006872,2,1,1,1
644006881,3,1,2,1
644006891,6,2,4,4
644006892,554,257,297,223
644006893,19,11,8,5
644006894,177,84,93,69
644006914,3,1,2,1
644006922,2,1,1,1
644006924,7,4,3,2
644006942,5,2,3,1
644006943,7,2,5,1
644006944,3,1,2,1
644006951,32,16,16,6
644006964,6,3,3,1
644006982,4,2,2,1
644006984,2,1,1,1
644006992,25,13,12,6
644006993,1,1,0,1
644007113,12,5,7,6
644007204,13,8,5,4
644007211,7,4,3,5
644007303,5,2,3,1
644007402,19,10,9,4
644007601,17,7,10,3
644007663,2,2,0,1
644007701,12,6,6,4
644007702,2,1,1,1
644007703,6,3,3,5
644007801,116,60,56,59
644007803,224,106,118,106
644007804,65,32,33,23
644007862,4,2,2,1
644007863,2,1,1,1
644007864,3,2,1,1
644007893,6,3,3,3
644007894,9,4,5,2
644007901,31,17,14,14
644007951,9,4,5,3
644007952,6,3,3,2
644007953,5,2,3,2
644007981,4,1,3,2
644007983,2,1,1,1
644007984,5,3,2,2
644007991,2,1,1,1
644007992,4,2,2,1
644007993,4,2,2,2
644007994,3,1,2,1
644011123,8,3,5,6
644011194,4,1,3,3
644011212,2,0,2,2
644011221,3,1,2,2
644011291,1,1,0,1
644011292,47,23,24,23
644011293,13,5,8,8
644011321,16,8,8,6
644011323,15,8,7,7
644011384,17,8,9,7
644011391,6,3,3,3
644011421,13,6,7,8
644011424,24,9,15,11
644011482,45,19,26,22
644011483,117,54,63,56
644011484,249,115,134,132
644011522,4,2,2,2
644011531,82,40,42,12
644011572,99,52,47,45
644011574,58,25,33,27
644011581,587,277,310,280
644011582,227,108,119,115
644011583,491,230,261,239
644011663,4,2,2,2
644011664,22,9,13,12
644011672,18,9,9,10
644011673,34,15,19,19
644011674,78,34,44,36
644011681,96,44,52,50
644011683,3,1,2,2
644011744,1,0,1,1
644011853,6,3,3,3
644012014,13,5,8,6
644012021,24,10,14,12
644012022,50,25,25,25
644012023,17,8,9,6
644012024,14,7,7,6
644012032,12,6,6,7
644012033,12,6,6,7
644012034,1,1,0,1
644012101,7,3,4,3
644012103,50,25,25,27
644012134,7,3,4,4
644012201,18,10,8,10
644012232,28,14,14,12
644012234,11,4,7,4
644012243,213,129,84,22
644012244,11,6,5,6
644012341,86,35,51,43
644012342,104,59,45,15
644012344,20,7,13,9
644012442,13,6,7,9
644012444,10,6,4,6
644012542,16,8,8,6
644012642,7,4,3,3
644012643,2,1,1,1
644012743,3,2,1,2
644012841,17,9,8,10
644012843,16,8,8,10
644012941,15,7,8,6
644012942,24,13,11,14
644012944,36,19,17,14
644013042,2,1,1,1
644013051,4,2,2,2
644013061,16,9,7,7
644013063,1,1,0,1
644013064,12,7,5,3
644013071,7,4,3,2
644013072,8,4,4,4
644013073,21,11,10,8
644013074,15,10,5,7
644013083,2,1,1,1
644013084,2,2,0,2
644013152,7,3,4,3
644013154,3,2,1,2
644013161,7,3,4,5
644013162,8,4,4,4
644013164,58,26,32,25
644013171,81,33,48,44
644013172,24,10,14,12
644013173,31,13,18,17
644013181,3,2,1,2
644013182,23,12,11,6
644013184,7,5,2,4
644013242,8,4,4,2
644013253,6,2,4,2
644013254,7,3,4,2
644013262,5,2,3,3
644013264,2,1,1,1
644013271,8,3,5,5
644013282,3,1,2,1
644013291,6,4,2,4
644013293,2,1,1,1
644013344,2,1,1,1
644013352,2,1,1,1
644013353,4,2,2,1
644013442,2,1,1,1
644013451,1,0,1,1
644013453,10,6,4,3
644013454,1,0,1,1
644013484,10,4,6,4
644013491,12,6,6,3
644013492,4,2,2,2
644013544,11,4,7,3
644013551,2,1,1,1
644013552,2,1,1,2
644013554,5,2,3,3
644013574,4,1,3,1
644013581,8,4,4,2
644013584,21,9,12,6
644013591,7,4,3,2
644013593,33,18,15,12
644013594,13,6,7,4
644013642,5,3,2,1
644013651,10,5,5,3
644013652,1,0,1,1
644013654,3,1,2,2
644013691,2,0,2,1
644013692,15,6,9,7
644013693,5,3,2,3
644013734,2,1,1,1
644013742,8,6,2,2
644013751,2,1,1,1
644013753,3,2,1,2
644013754,70,34,36,32
644013852,11,5,6,6
644013853,2,0,2,1
644013862,18,10,8,5
644013863,8,4,4,3
644013864,4,2,2,1
644013871,9,7,2,5
644013872,17,8,9,5
644013873,4,2,2,2
644013874,7,4,3,2
644013881,13,5,8,5
644013883,6,4,2,3
644013884,4,3,1,1
644013923,10,5,5,2
644013933,3,1,2,2
644013934,6,3,3,1
644013941,1,0,1,1
644013942,17,8,9,4
644013952,4,1,3,2
644013953,3,1,2,2
644013971,7,3,4,2
644013973,2,1,1,1
644013974,2,1,1,1
644013981,22,9,13,9
644013984,14,6,8,11
644013992,17,8,9,7
644013993,13,6,7,5
644013994,4,1,3,2
644014064,3,1,2,1
644014164,4,1,3,1
644014173,3,2,1,2
644014272,13,6,7,5
644014274,6,3,3,2
644014372,17,10,7,6
644014383,5,1,4,3
644014393,14,8,6,4
644014394,5,2,3,1
644014481,15,8,7,5
644014482,4,2,2,1
644014483,4,2,2,1
644014484,1,1,0,1
644014491,6,3,3,3
644014501,2,1,1,1
644014503,8,5,3,3
644014504,92,49,43,35
644014514,14,8,6,4
644014564,4,1,3,2
644014572,73,34,39,30
644014573,15,7,8,6
644014574,260,128,132,107
644014581,58,28,30,27
644014583,45,23,22,26
644014601,21,12,9,8
644014602,64,24,40,26
644014611,103,57,46,41
644014612,311,131,180,70
644014614,34,14,20,20
644014621,233,111,122,105
644014622,53,28,25,24
644014623,448,213,235,186
644014624,286,140,146,117
644014631,63,34,29,31
644014633,182,81,101,80
644014634,6,3,3,3
644014654,12,7,5,3
644014661,2,1,1,1
644014662,12,6,6,4
644014663,2,1,1,1
644014664,6,2,4,3
644014671,11,6,5,2
644014672,17,7,10,8
644014673,10,4,6,3
644014674,1,0,1,1
644014681,158,77,81,62
644014694,2,0,2,1
644014711,2,1,1,1
644014712,6,3,3,4
644014721,31,12,19,12
644014722,102,47,55,38
644014723,50,21,29,15
644014724,9,5,4,2
644014731,70,36,34,35
644014732,133,59,74,52
644014733,43,25,18,22
644014734,157,82,75,60
644014741,3,2,1,2
644014743,16,9,7,4
644014751,17,7,10,5
644014752,5,2,3,2
644014781,1,0,1,1
644014783,9,3,6,3
644014784,36,16,20,13
644014793,4,2,2,2
644014802,3,2,1,1
644014811,1,1,0,1
644014812,7,5,2,2
644014813,7,3,4,4
644014822,9,3,6,3
644014831,48,20,28,14
644014832,1,0,1,1
644014833,4,2,2,1
644014871,3,1,2,1
644014872,3,1,2,1
644014873,2,1,1,1
644014874,6,3,3,1
644014881,15,8,7,7
644014882,28,13,15,10
644014883,4,2,2,1
644014884,29,15,14,17
644014891,9,4,5,4
644014892,15,8,7,4
644014893,18,9,9,9
644014901,4,2,2,2
644014902,13,8,5,5
644014904,7,3,4,2
644014911,8,3,5,2
644014913,30,14,16,8
644014971,9,5,4,3
644014972,2,1,1,1
644014973,3,1,2,1
644014981,4,2,2,1
644014992,3,2,1,2
644014993,13,7,6,6
644015054,2,1,1,1
644015094,4,2,2,1
644015121,1,0,1,1
644015124,4,2,2,1
644015142,11,4,7,4
644015143,3,2,1,1
644015144,13,8,5,3
644015151,2,1,1,1
644015204,3,2,1,1
644015211,6,4,2,2
644015212,5,2,3,2
644015213,3,1,2,2
644015214,7,5,2,3
644015223,16,8,8,4
644015224,9,5,4,4
644015234,5,2,3,2
644015241,4,1,3,2
644015294,7,3,4,1
644015301,2,1,1,1
644015302,22,8,14,8
644015303,15,8,7,7
644015304,22,13,9,9
644015311,6,5,1,3
644015312,2,1,1,1
644015313,9,4,5,4
644015314,7,3,4,2
644015322,11,7,4,3
644015324,15,8,7,3
644015331,10,5,5,4
644015332,2,1,1,1
644015333,6,3,3,1
644015334,3,2,1,1
644015341,6,2,4,2
644015342,4,2,2,1
644015343,15,9,6,3
644015344,13,7,6,4
644015354,21,12,9,5
644015383,17,10,7,7
644015384,2,1,1,1
644015391,2,1,1,1
644015393,5,2,3,2
644015401,11,7,4,2
644015402,6,2,4,3
644015403,9,4,5,5
644015404,11,5,6,5
644015411,6,4,2,2
644015422,2,1,1,2
644015424,6,4,2,2
644015432,7,5,2,3
644015441,1,1,0,1
644015443,12,6,6,4
644015444,20,7,13,7
644015451,4,3,1,1
644015452,2,1,1,1
644015454,1,0,1,1
644015464,11,5,6,3
644015471,7,4,3,3
644015472,9,4,5,3
644015473,4,2,2,1
644015474,4,2,2,2
644015481,2,1,1,2
644015483,2,1,1,1
644015492,4,2,2,2
644015493,17,8,9,5
644015494,23,11,12,7
644015502,2,1,1,1
644015504,6,4,2,1
644015511,8,4,4,4
644015512,6,3,3,4
644015514,13,6,7,3
644015531,11,5,6,4
644015541,1,1,0,1
644015542,8,6,2,5
644015543,12,6,6,4
644015544,2,1,1,1
644015551,1,0,1,1
644015552,8,4,4,4
644015554,14,6,8,7
644015563,25,11,14,10
644015564,81,39,42,33
644015571,8,5,3,4
644015572,26,9,17,7
644015573,7,3,4,3
644015574,15,7,8,4
644015581,40,20,20,18
644015582,8,5,3,3
644015583,28,13,15,12
644015584,15,8,7,4
644015591,22,11,11,9
644015593,8,5,3,5
644015603,2,1,1,1
644015604,11,4,7,5
644015621,15,10,5,3
644015624,5,3,2,2
644015632,2,1,1,1
644015634,11,4,7,3
644015641,3,3,0,3
644015642,367,164,203,173
644015644,315,154,161,134
644015651,265,126,139,121
644015652,31,15,16,15
644015653,622,288,334,272
644015654,494,249,245,216
644015661,16,8,8,7
644015662,11,5,6,3
644015663,57,28,29,20
644015664,6,2,4,2
644015673,16,8,8,5
644015681,12,6,6,4
644015684,3,1,2,1
644015691,8,5,3,5
644015692,2,1,1,1
644015693,12,6,6,5
644015701,8,4,4,4
644015702,22,13,9,7
644015721,5,2,3,1
644015722,1,1,0,1
644015724,2,1,1,1
644015734,23,10,13,6
644015741,48,24,24,21
644015742,206,102,104,89
644015743,11,5,6,4
644015744,2,1,1,1
644015751,70,32,38,33
644015752,3,2,1,2
644015754,4,1,3,1
644015761,47,20,27,18
644015762,113,43,70,35
644015763,6,4,2,5
644015764,31,16,15,11
644015772,12,6,6,4
644015773,5,1,4,3
644015782,3,2,1,2
644015784,3,2,1,2
644015791,6,4,2,2
644015792,5,3,2,2
644015794,12,4,8,4
644015804,7,2,5,2
644015821,12,4,8,4
644015822,5,3,2,2
644015823,12,6,6,3
644015824,15,8,7,5
644015831,8,6,2,2
644015832,6,3,3,2
644015833,7,3,4,3
644015834,7,3,4,5
644015842,8,4,4,1
644015843,1,0,1,1
644015844,3,2,1,1
644015851,2,1,1,1
644015853,7,4,3,2
644015871,14,7,7,6
644015882,4,2,2,2
644015904,6,2,4,5
644015911,4,3,1,2
644015912,10,4,6,4
644015913,2,1,1,1
644015914,5,3,2,2
644015921,10,7,3,3
644015922,18,8,10,8
644015923,26,14,12,10
644015924,19,11,8,7
644015931,31,15,16,13
644015932,6,3,3,3
644015933,13,7,6,4
644015934,11,6,5,2
644015942,4,1,3,1
644015943,25,13,12,8
644015951,3,2,1,2
644015953,74,41,33,34
644015963,12,7,5,4
644016001,6,2,4,1
644016002,6,4,2,2
644016003,2,1,1,1
644016004,9,5,4,4
644016011,1,0,1,1
644016012,4,1,3,2
644016013,13,6,7,5
644016014,3,1,2,1
644016021,7,3,4,1
644016022,2,0,2,1
644016033,2,1,1,1
644016041,3,1,2,2
644016043,11,4,7,6
644016044,4,2,2,1
644016053,3,2,1,1
644016054,5,3,2,2
644016063,10,4,6,4
644016064,9,4,5,4
644016072,17,11,6,4
644016073,8,4,4,4
644016074,2,1,1,1
644016082,2,1,1,2
644016114,16,7,9,3
644016121,4,2,2,1
644016123,9,4,5,3
644016124,11,5,6,3
644016132,5,2,3,2
644016133,9,5,4,2
644016134,133,66,67,60
644016141,326,173,153,167
644016142,39,25,14,27
644016143,239,99,140,104
644016144,26,12,14,15
644016151,20,8,12,5
644016152,7,4,3,2
644016153,9,4,5,1
644016161,2,1,1,1
644016163,5,2,3,2
644016171,8,4,4,3
644016211,10,5,5,3
644016212,5,3,2,1
644016213,6,5,1,1
644016221,2,1,1,1
644016222,1,0,1,1
644016224,10,5,5,2
644016231,10,7,3,2
644016232,74,35,39,32
644016233,2,2,0,1
644016234,10,4,6,6
644016241,323,156,167,157
644016242,116,55,61,9
644016243,99,46,53,37
644016244,4,3,1,2
644016252,16,7,9,4
644016261,6,3,3,2
644016262,7,4,3,2
644016303,6,2,4,2
644016304,21,12,9,6
644016323,11,5,6,3
644016331,9,5,4,3
644016332,3,1,2,1
644016333,8,4,4,2
644016341,7,3,4,3
644016343,1,1,0,1
644016352,19,10,9,6
644016361,1,0,1,1
644016362,5,3,2,1
644016364,14,9,5,4
644016371,3,2,1,1
644016373,3,2,1,1
644016404,2,1,1,1
644016413,6,4,2,4
644016501,17,10,7,6
644016503,31,15,16,13
644016511,2,1,1,2
644016601,3,2,1,2
644016694,4,3,1,1
644016794,3,1,2,1
644017021,205,110,95,163
644017024,2,1,1,1
644017031,7,3,4,4
644017042,1,0,1,1
644017043,2,1,1,1
644017082,14,4,10,6
644017083,4,3,1,1
644017084,2,1,1,1
644017091,2,1,1,1
644017141,5,3,2,2
644017142,8,4,4,5
644017173,4,2,2,2
644017174,45,21,24,16
644017181,2,1,1,1
644017183,11,6,5,2
644017193,11,6,5,5
644017194,8,3,5,3
644017203,13,7,6,7
644017244,2,1,1,1
644017254,3,1,2,2
644017261,2,1,1,1
644017262,4,2,2,1
644017263,3,2,1,1
644017271,7,3,4,3
644017272,54,25,29,24
644017281,15,7,8,6
644017282,11,5,6,3
644017301,4,4,0,4
644017351,1,0,1,1
644017352,13,7,6,5
644017353,6,3,3,3
644017354,1,0,1,1
644017444,3,2,1,1
644017453,4,2,2,3
644017482,2,1,1,1
644017493,2,1,1,1
644017533,2,1,1,1
644017534,8,4,4,3
644017541,54,27,27,24
644017542,195,96,99,93
644017543,179,85,94,83
644017544,697,360,337,428
644017551,104,60,44,58
644017552,70,40,30,5
644017553,240,128,112,115
644017554,195,96,99,81
644017563,40,19,21,14
644017564,4,2,2,3
644017573,9,5,4,4
644017583,5,3,2,3
644017603,22,13,9,8
644017611,4,2,2,2
644017612,6,3,3,2
644017614,11,3,8,4
644017623,2,0,2,2
644017633,2,1,1,1
644017641,30,21,9,9
644017642,66,33,33,32
644017672,6,5,1,4
644017681,4,2,2,2
644017694,3,2,1,2
644017702,16,9,7,7
644017711,6,3,3,3
644017712,3,1,2,1
644017732,14,7,7,2
644017741,10,4,6,2
644017792,3,1,2,1
644017803,5,3,2,2
644017811,5,2,3,3
644017813,39,16,23,11
644017814,14,9,5,3
644017901,7,4,3,3
644017902,7,5,2,2
644017903,2,1,1,1
644017904,2,1,1,1
644017911,17,8,9,7
644017912,10,5,5,4
644017913,31,17,14,19
644017914,105,36,69,14
644017921,2,0,2,2
644017924,2,1,1,2
644017944,1,0,1,1
644017953,4,2,2,2
644022051,18,7,11,10
644022052,11,6,5,5
644022063,1,0,1,1
644022161,202,117,85,45
644022162,2,1,1,2
644022164,9,3,6,4
644022173,1,0,1,1
644022262,4,2,2,1
644022271,2,1,1,1
644022273,8,3,5,2
644022274,46,17,29,25
644022372,15,0,15,13
644022381,3,0,3,3
644022383,28,12,16,16
644022394,14,7,7,8
644022481,17,7,10,9
644022482,1,1,0,1
644022492,3,1,2,2
644022493,2,1,1,1
644022494,51,26,25,22
644022591,116,56,60,56
644022592,14,5,9,6
644022593,20,10,10,8
644022594,4,2,2,2
644023012,3,1,2,1
644023013,2,1,1,1
644023014,7,3,4,2
644023021,16,7,9,4
644023022,5,3,2,2
644023023,2,1,1,2
644023031,6,2,4,2
644023033,2,1,1,1
644023034,7,5,2,2
644023041,8,4,4,3
644023063,5,3,2,2
644023073,8,3,5,2
644023074,4,2,2,2
644023081,12,4,8,4
644023083,7,4,3,4
644023091,12,6,6,4
644023092,11,6,5,3
644023093,2,1,1,1
644023094,1,0,1,1
644023114,6,3,3,2
644023122,11,6,5,4
644023123,5,3,2,2
644023124,17,11,6,7
644023131,14,6,8,5
644023161,8,4,4,2
644023162,4,2,2,2
644023164,7,5,2,2
644023171,7,2,5,2
644023181,3,1,2,1
644023183,11,5,6,2
644023204,7,2,5,2
644023211,5,2,3,2
644023214,7,2,5,2
644023221,31,16,15,10
644023222,13,6,7,3
644023223,11,6,5,3
644023261,4,2,2,2
644023272,8,4,4,4
644023274,4,2,2,2
644023283,3,1,2,2
644023311,6,3,3,1
644023312,3,0,3,3
644023313,4,2,2,4
644023401,4,2,2,3
644024002,9,5,4,4
644024003,14,5,9,3
644024011,6,3,3,3
644024013,16,7,9,6
644024014,7,3,4,2
644024091,5,3,2,2
644024094,13,5,8,4
644024112,3,2,1,2
644024123,1,1,0,1
644024182,13,8,5,6
644024184,4,2,2,2
644024192,17,8,9,8
644024194,9,5,4,4
644024374,10,4,6,5
644024472,4,3,1,4
644024534,11,5,6,2
644025003,54,31,23,33
644025004,4,2,2,1
644025012,11,7,4,6
644025013,18,10,8,9
644025014,7,4,3,2
644025021,18,9,9,10
644025023,2,0,2,2
644025031,2,1,1,2
644025032,9,4,5,4
644025033,37,19,18,31
644025034,3,1,2,2
644025041,22,9,13,8
644025042,89,50,39,30
644025043,11,7,4,5
644025051,9,7,2,9
644025052,5,3,2,2
644025061,9,4,5,3
644025062,2,0,2,1
644025063,4,2,2,2
644025064,12,8,4,5
644025101,17,8,9,15
644025102,26,13,13,9
644025103,16,11,5,11
644025111,51,31,20,27
644025112,12,2,10,8
644025122,3,2,1,2
644025161,35,22,13,17
644025162,34,18,16,18
644025163,18,8,10,11
644025171,22,11,11,8
644025172,1,1,0,1
644025173,2,1,1,1
644025174,9,4,5,3
644025181,6,3,3,3
644025182,2,1,1,1
644025183,27,14,13,9
644025184,23,12,11,9
644025193,11,7,4,5
644025252,3,2,1,2
644025261,41,21,20,28
644025263,21,11,10,9
644025264,124,72,52,69
644025284,2,1,1,1
644025291,18,8,10,6
644025293,11,5,6,5
644025294,3,1,2,2
644025361,96,59,37,62
644025362,124,68,56,89
644025364,77,42,35,42
644025372,43,19,24,15
644025373,61,28,33,32
644025374,17,9,8,12
644025382,6,4,2,3
644025383,3,1,2,1
644025392,5,2,3,1
644025393,6,4,2,3
644025472,34,15,19,9
644025474,19,16,3,15
644025481,21,13,8,14
644025483,7,4,3,7
644025491,3,2,1,1
644025492,16,6,10,5
644025494,96,48,48,45
644025584,1,0,1,1
644025592,196,97,99,86
644025594,4,1,3,2
644025681,2,1,1,1
644025682,18,8,10,6
644025683,3,1,2,1
644025684,24,10,14,8
644025691,17,9,8,6
644025693,48,24,24,18
644025694,187,97,90,74
644025762,4,3,1,1
644025763,39,23,16,23
644025764,3,2,1,2
644025783,17,8,9,9
644025792,472,211,261,233
644025793,46,24,22,23
644025794,736,372,364,315
644025822,2,2,0,2
644025833,2,1,1,2
644025834,2,2,0,2
644025842,2,1,1,2
644025852,1,1,0,1
644025861,6,4,2,6
644025862,6,2,4,2
644025874,3,1,2,1
644025891,27,12,15,11
644025892,535,255,280,261
644025893,171,79,92,80
644025894,838,395,443,384
644025971,1,0,1,1
644025991,119,63,56,48
644025992,518,239,279,242
644025994,238,119,119,93
644026094,3,2,1,1
644026181,9,3,6,4
644026192,6,3,3,3
644026194,4,2,2,2
644026203,4,3,1,1
644026284,2,1,1,1
644026292,73,65,8,64
644026294,14,9,5,4
644026391,9,3,6,2
644026403,87,86,1,5
644026404,3,2,1,2
644026482,3,2,1,2
644026493,6,2,4,1
644026494,2,1,1,1
644026501,37,26,11,17
644026502,6,3,3,3
644026503,9,8,1,3
644026504,4,2,2,2
644026513,6,3,3,3
644026514,5,2,3,3
644026521,9,6,3,3
644026523,19,10,9,6
644026524,7,4,3,3
644026552,6,4,2,1
644026554,14,7,7,3
644026563,9,4,5,3
644026564,5,3,2,3
644026571,3,1,2,1
644026572,3,1,2,1
644026573,7,2,5,2
644026574,6,2,4,1
644026583,8,4,4,2
644026584,7,4,3,2
644026592,2,2,0,2
644026593,19,8,11,5
644026594,6,3,3,2
644026601,15,6,9,7
644026602,23,9,14,9
644026603,255,120,135,125
644026612,10,3,7,3
644026613,14,5,9,4
644026614,5,3,2,1
644026623,10,5,5,2
644026633,2,1,1,1
644026634,11,5,6,3
644026641,12,8,4,3
644026643,2,1,1,1
644026652,9,5,4,2
644026654,2,1,1,1
644026661,10,6,4,4
644026662,5,2,3,1
644026664,8,6,2,3
644026671,14,5,9,4
644026672,5,2,3,2
644026682,8,4,4,1
644026683,13,7,6,3
644026684,1,0,1,1
644026691,4,2,2,2
644026693,4,2,2,2
644026694,2,1,1,1
644026701,625,315,310,303
644026702,115,50,65,66
644026703,1108,545,563,519
644026704,762,373,389,286
644026711,19,10,9,11
644026712,16,9,7,7
644026713,726,378,348,293
644026714,14,4,10,5
644026721,55,24,31,18
644026722,1,1,0,1
644026724,9,4,5,3
644026731,7,2,5,2
644026733,26,13,13,9
644026734,7,3,4,4
644026741,5,2,3,2
644026743,3,1,2,2
644026744,15,7,8,5
644026753,13,7,6,5
644026754,5,3,2,2
644026761,16,9,7,4
644026762,8,3,5,3
644026763,14,9,5,4
644026764,16,10,6,8
644026771,6,4,2,2
644026772,16,8,8,7
644026773,4,2,2,2
644026794,3,2,1,1
644026801,872,440,432,489
644026802,790,414,376,378
644026803,798,386,412,389
644026804,777,398,379,373
644026811,776,395,381,366
644026812,185,93,92,72
644026813,238,118,120,111
644026814,136,72,64,63
644026821,81,37,44,30
644026822,3,1,2,2
644026831,35,20,15,14
644026832,44,23,21,14
644026833,8,5,3,4
644026834,9,9,0,9
644026841,20,10,10,8
644026843,5,2,3,2
644026844,5,3,2,1
644026851,32,17,15,10
644026852,18,9,9,5
644026853,7,1,6,4
644026861,10,5,5,3
644026862,6,4,2,2
644026883,4,1,3,1
644026901,458,224,234,201
644026902,85,41,44,40
644026903,13,6,7,5
644026904,6,3,3,1
644026911,30,15,15,10
644026912,22,8,14,8
644026914,3,1,2,1
644026923,9,4,5,4
644026924,2,1,1,1
644026931,13,7,6,3
644026932,9,6,3,4
644026933,14,6,8,4
644026934,7,5,2,2
644026941,6,6,0,6
644027001,11,7,4,4
644027002,15,9,6,4
644027003,6,3,3,2
644027004,11,7,4,3
644027011,4,2,2,1
644027012,2,1,1,2
644027013,2,0,2,2
644027022,1,0,1,1
644027023,7,3,4,1
644027103,18,12,6,4
644027104,2,1,1,1
644027111,2,0,2,2
644027112,8,4,4,4
644027113,98,40,58,3
644027114,13,7,6,7
644027201,43,30,13,31
644027203,68,35,33,25
644027204,93,40,53,53
644027211,111,52,59,44
644027212,19,9,10,5
644027213,184,104,80,97
644027214,13,6,7,6
644027223,9,5,4,2
644027224,12,4,8,3
644027301,314,163,151,119
644027302,627,304,323,283
644027303,54,26,28,22
644027304,383,179,204,176
644027311,317,150,167,137
644027312,27,13,14,9
644027313,279,136,143,107
644027314,2,0,2,2
644027321,16,10,6,4
644027322,18,10,8,6
644027323,7,3,4,2
644027324,3,2,1,1
644027333,2,1,1,1
644027401,10,6,4,4
644027402,155,136,19,132
644027403,28,15,13,9
644027404,79,66,13,72
644027411,8,8,0,8
644027412,2,1,1,1
644027413,20,11,9,10
644027431,3,1,2,1
644027433,3,1,2,1
644027501,4,2,2,1
644027502,24,12,12,10
644027503,7,3,4,2
644027504,18,10,8,4
644027511,18,13,5,5
644027513,4,3,1,1
644027521,4,1,3,1
644027611,9,5,4,3
644027614,5,2,3,3
644027701,1,1,0,1
644027712,13,6,7,4
644027723,2,1,1,1
644027724,97,93,4,97
644033121,2,1,1,1
644033574,23,11,12,7
644033591,6,1,5,3
644033593,12,6,6,3
644033672,20,8,12,8
644033681,44,22,22,17
644033683,7,4,3,3
644033684,39,20,19,17
644033691,1,0,1,1
644033692,22,9,13,7
644033693,79,38,41,36
644033694,97,51,46,38
644033791,116,49,67,53
644033792,437,206,231,204
644033794,1,1,0,1
644034342,5,2,3,2
644034343,1,0,1,1
644034344,4,2,2,2
644034353,1,0,1,1
644034401,69,34,35,10
644034402,5,2,3,2
644034404,15,7,8,7
644034411,14,6,8,6
644034413,2,1,1,1
644034431,4,2,2,1
644034433,12,5,7,5
644034434,20,9,11,9
644034441,2,1,1,1
644034443,1,0,1,1
644034451,1,0,1,1
644034452,1,1,0,1
644034453,5,3,2,2
644034454,6,4,2,2
644034461,3,1,2,1
644034463,9,5,4,4
644034511,37,18,19,13
644034512,4,1,3,3
644034513,26,11,15,11
644034522,2,1,1,1
644034523,3,1,2,3
644034524,22,10,12,6
644034531,1,0,1,1
644034533,2,0,2,1
644034534,2,1,1,1
644034542,8,4,4,2
644034544,2,1,1,1
644034551,3,2,1,1
644034552,11,4,7,4
644034553,4,2,2,1
644034554,2,1,1,1
644034563,2,1,1,1
644034574,6,3,3,1
644034601,80,37,43,36
644034602,688,274,414,227
644034603,415,171,244,190
644034604,890,426,464,426
644034611,308,154,154,140
644034612,88,40,48,34
644034613,362,172,190,177
644034614,791,359,432,357
644034621,8,3,5,4
644034622,9,3,6,3
644034623,83,31,52,34
644034631,10,4,6,4
644034633,6,3,3,2
644034641,8,5,3,3
644034642,7,4,3,2
644034643,22,8,14,8
644034644,4,2,2,1
644034651,23,13,10,8
644034653,4,2,2,1
644034654,3,2,1,2
644034663,2,1,1,1
644034664,20,12,8,7
644034671,21,12,9,8
644034673,23,12,11,7
644034674,3,1,2,1
644034683,2,1,1,1
644034684,8,5,3,2
644034701,607,301,306,281
644034702,851,423,428,383
644034703,474,224,250,228
644034704,1028,491,537,475
644034711,551,244,307,220
644034712,898,421,477,416
644034713,735,342,393,348
644034714,684,315,369,331
644034721,359,174,185,143
644034722,38,19,19,12
644034723,665,305,360,349
644034724,381,180,201,160
644034731,11,4,7,5
644034732,16,8,8,7
644034733,158,78,80,64
644034734,68,34,34,22
644034741,2,1,1,1
644034742,11,5,6,4
644034743,2,1,1,1
644034744,7,2,5,1
644034752,4,1,3,2
644034753,75,37,38,30
644034754,151,67,84,51
644034761,2,1,1,1
644034762,4,1,3,2
644034763,66,29,37,27
644034764,57,25,32,15
644034772,12,7,5,3
644034773,12,4,8,5
644034774,28,13,15,8
644034781,19,10,9,8
644034782,24,13,11,7
644034783,34,15,19,13
644034784,51,23,28,23
644034791,116,41,75,26
644034792,10,4,6,4
644034793,398,184,214,190
644034794,21,12,9,10
644034801,54,23,31,26
644034802,329,158,171,143
644034811,137,65,72,55
644034812,933,443,490,428
644034814,243,115,128,116
644034821,933,399,534,449
644034822,555,273,282,226
644034823,325,155,170,142
644034824,94,49,45,36
644034831,14,7,7,5
644034832,2,1,1,1
644034833,4,1,3,1
644034834,3,2,1,1
644034841,14,9,5,4
644034842,30,15,15,13
644034843,11,6,5,3
644034851,66,32,34,24
644034852,32,14,18,10
644034853,7,2,5,3
644034854,3,2,1,1
644034861,24,10,14,10
644034862,6,3,3,2
644034863,86,43,43,37
644034864,9,6,3,4
644034872,8,3,5,4
644034874,12,6,6,3
644034881,2,1,1,1
644034882,8,2,6,2
644034884,15,7,8,5
644034891,57,31,26,20
644034892,3,2,1,1
644034921,71,33,38,25
644034922,14,7,7,4
644034931,3,2,1,1
644034933,2,0,2,1
644034934,11,6,5,4
644034941,12,6,6,4
644034951,3,1,2,1
644034952,19,10,9,4
644034953,4,2,2,1
644034954,7,3,4,2
644034961,14,7,7,5
644034963,1,0,1,1
644034964,22,11,11,8
644034971,4,1,3,3
644034972,22,10,12,7
644034973,1,1,0,1
644034974,2,1,1,1
644034981,5,3,2,1
644034983,13,7,6,6
644034984,9,5,4,1
644034993,14,6,8,4
644034994,27,11,16,7
644035073,2,1,1,1
644035084,1,1,0,1
644035091,8,4,4,3
644035092,1,1,0,1
644035093,72,17,55,7
644035191,7,3,4,2
644035454,4,2,2,1
644035521,1,0,1,1
644035534,4,2,2,1
644035551,2,1,1,1
644035552,20,8,12,8
644035553,24,11,13,11
644035554,14,7,7,6
644035563,3,2,1,2
644035621,3,1,2,2
644035623,7,4,3,2
644035624,2,1,1,1
644035631,2,1,1,1
644035632,8,3,5,5
644035633,1,1,0,1
644035634,74,36,38,39
644035641,132,60,72,72
644035642,19,8,11,11
644035643,56,23,33,28
644035661,2,1,1,1
644035701,12,7,5,7
644035702,22,11,11,7
644035711,23,12,11,8
644035712,1,0,1,1
644035713,3,1,2,1
644035714,194,85,109,91
644035721,14,6,8,6
644035723,186,92,94,82
644035724,15,7,8,6
644035731,10,7,3,5
644035732,12,6,6,6
644035733,12,5,7,5
644035804,5,3,2,1
644035812,46,20,26,19
644035814,10,6,4,3
644035821,50,24,26,19
644035844,2,1,1,1
644035902,3,1,2,1
644035912,1,0,1,1
644036001,6,4,2,3
644036002,7,3,4,3
644036011,6,3,3,2
644036012,7,5,2,4
644036013,4,2,2,2
644036014,21,11,10,9
644036021,4,2,2,2
644036023,1,1,0,1
644036031,6,2,4,1
644036032,12,8,4,5
644036033,3,2,1,1
644036034,4,1,3,1
644036102,3,2,1,1
644036111,8,3,5,3
644036112,11,6,5,2
644036114,5,3,2,2
644036121,9,5,4,5
644036122,13,4,9,6
644036123,20,10,10,6
644036132,2,1,1,1
644036133,7,3,4,3
644036134,14,7,7,4
644036141,4,2,2,1
644036143,6,3,3,2
644036202,6,3,3,2
644036211,20,9,11,4
644036212,6,2,4,3
644036223,4,2,2,1
644036241,9,5,4,3
644036242,4,2,2,1
644036251,5,2,3,1
644036301,7,5,2,2
644036302,6,2,4,2
644036304,10,5,5,2
644036321,2,1,1,1
644036323,2,1,1,1
644036324,8,4,4,3
644036354,8,4,4,4
644036373,5,2,3,2
644036421,9,4,5,3
644036512,4,3,1,1
644036521,4,3,1,2
644036523,2,1,1,1
644043694,15,7,8,7
644043792,164,78,86,69
644043793,10,5,5,3
644043794,127,51,76,57
644043884,4,1,3,3
644043891,98,46,52,45
644043892,28,13,15,12
644043893,198,89,109,89
644043982,2,2,0,2
644044031,26,11,15,10
644044033,43,20,23,17
644044034,6,2,4,2
644044043,34,17,17,9
644044052,9,6,3,4
644044053,3,2,1,1
644044061,4,3,1,1
644044062,14,6,8,6
644044063,3,2,1,1
644044064,5,2,3,3
644044071,4,2,2,2
644044072,1,1,0,1
644044073,22,12,10,6
644044091,7,3,4,4
644044092,2,1,1,1
644044122,1,1,0,1
644044131,25,15,10,8
644044132,20,7,13,12
644044133,4,2,2,3
644044134,7,3,4,4
644044141,88,39,49,27
644044142,26,18,8,16
644044143,25,12,13,8
644044144,18,10,8,6
644044151,14,7,7,5
644044152,4,1,3,1
644044153,46,20,26,19
644044154,44,24,20,15
644044161,20,11,9,7
644044162,23,14,9,9
644044164,5,3,2,2
644044172,3,1,2,1
644044173,12,5,7,5
644044174,2,1,1,1
644044232,6,2,4,2
644044241,15,5,10,5
644044243,15,7,8,8
644044244,14,7,7,7
644044251,78,36,42,32
644044252,22,9,13,9
644044254,7,3,4,2
644044261,13,4,9,5
644044263,16,7,9,5
644044264,3,2,1,2
644044281,1,0,1,1
644044314,24,9,15,12
644044323,37,18,19,22
644044324,79,46,33,43
644044332,7,5,2,5
644044333,215,121,94,83
644044341,26,14,12,8
644044342,6,1,5,2
644044343,19,8,11,6
644044344,27,14,13,9
644044351,18,9,9,3
644044353,8,4,4,2
644044354,17,8,9,3
644044363,32,13,19,6
644044364,8,5,3,2
644044372,6,3,3,2
644044374,18,10,8,8
644044381,2,1,1,1
644044384,4,2,2,2
644044412,11,8,3,7
644044421,125,81,44,71
644044422,22,22,0,22
644044431,391,312,79,295
644044434,4,2,2,1
644044441,22,9,13,6
644044442,7,2,5,3
644044443,16,7,9,5
644044444,2,1,1,1
644044452,4,3,1,1
644044461,21,8,13,6
644044464,14,4,10,5
644044471,5,2,3,2
644044501,8,4,4,2
644044502,25,14,11,11
644044503,70,61,9,60
644044504,8,3,5,3
644044541,3,2,1,1
644044542,2,1,1,1
644044544,31,18,13,8
644044551,12,6,6,4
644044553,3,2,1,2
644044601,140,75,65,57
644044603,155,74,81,66
644044604,113,50,63,61
644044613,180,59,121,40
644044651,3,0,3,2
644044652,14,7,7,2
644045001,16,8,8,4
644045473,16,8,8,6
644045474,127,73,54,29
644045482,8,3,5,2
644045483,7,5,2,5
644045484,47,21,26,22
644045491,19,8,11,8
644045492,19,10,9,9
644045493,17,7,10,6
644045571,12,7,5,6
644045572,133,78,55,2
644045574,21,11,10,8
644045581,98,52,46,45
644045582,23,5,18,10
644045583,24,15,9,9
644045592,8,2,6,2
644045672,14,4,10,6
644045673,22,10,12,9
644045692,1,1,0,1
644045694,2,1,1,1
644045762,3,2,1,1
644045773,5,3,2,2
644045861,5,2,3,3
644045873,4,2,2,2
644045962,8,3,5,2
644045964,12,6,6,3
644045971,1,1,0,1
644045973,11,5,6,3
644046303,1,0,1,1
644046304,2,2,0,1
644046313,5,2,3,1
644046314,7,4,3,3
644046401,8,3,5,5
644046402,2,1,1,1
644046403,13,8,5,6
644046404,5,4,1,4
644046411,8,3,5,3
644046413,5,3,2,2
644046414,17,9,8,6
644046421,4,2,2,2
644046422,4,1,3,3
644046423,2,1,1,1
644046424,12,7,5,4
644046431,5,2,3,2
644046433,8,5,3,5
644046434,6,2,4,3
644046443,4,2,2,2
644046444,4,2,2,2
644046484,1,1,0,1
644046522,2,1,1,1
644046532,28,16,12,9
644046541,13,6,7,3
644046542,5,3,2,2
644046544,18,8,10,7
644046552,2,1,1,1
644046553,9,5,4,4
644046554,2,1,1,1
644046564,44,17,27,22
644046574,2,1,1,1
644046582,1,0,1,1
644046651,10,5,5,4
644046654,8,5,3,3
644046661,24,12,12,10
644046662,70,32,38,25
644046671,34,16,18,10
644046672,5,3,2,2
644046681,3,2,1,2
644046682,2,1,1,1
644046684,3,1,2,2
644046693,2,1,1,2
644046752,19,9,10,7
644046753,2,1,1,1
644046754,1,0,1,1
644046822,8,4,4,4
644046833,8,5,3,4
644046834,7,4,3,3
644046844,1,1,0,1
644046852,1,0,1,1
644046853,7,4,3,4
644046854,5,4,1,1
644046922,7,4,3,2
644046931,4,2,2,2
644046932,5,3,2,2
644046933,6,3,3,3
644046943,1,1,0,1
644046944,27,12,15,12
644046951,20,8,12,6
644046952,3,1,2,2
644046953,191,90,101,76
644046963,5,2,3,2
644047703,3,2,1,2
644047804,3,1,2,2
644047904,4,2,2,2
644047913,3,1,2,2
644047914,3,2,1,2
644047923,2,1,1,2
644053073,2,0,2,1
644053164,22,13,9,13
644053171,20,11,9,11
644053173,20,9,11,11
644053262,97,45,52,44
644053263,32,18,14,12
644053264,80,39,41,32
644053271,27,15,12,13
644053363,37,17,20,15
644053544,4,2,2,2
644053641,4,2,2,2
644053643,30,14,16,12
644053644,46,20,26,23
644053732,105,52,53,50
644053734,32,20,12,13
644053741,171,75,96,81
644053742,291,133,158,127
644053753,87,36,51,33
644053822,23,12,11,11
644053823,23,10,13,12
644053824,8,3,5,4
644053831,12,7,5,4
644053851,97,24,73,9
644053904,2,2,0,2
644053911,6,2,4,2
644053912,25,11,14,9
644053921,5,2,3,2
644055062,3,1,2,1
644055071,7,4,3,4
644055073,14,8,6,4
644055074,6,4,2,1
644055162,7,3,4,1
644055171,32,19,13,13
644055172,6,3,3,3
644055173,26,13,13,9
644055174,73,32,41,31
644055181,52,27,25,1
644055271,3,2,1,1
644055272,4,2,2,2
644055274,23,9,14,11
644055372,4,1,3,2
644055383,8,5,3,3
644055471,4,2,2,2
644055472,1,1,0,1
644055474,5,3,2,2
644055481,23,13,10,11
644055482,24,12,12,5
644055484,28,16,12,13
644055494,5,2,3,2
644055582,93,42,51,42
644055591,6,0,6,6
644055592,13,8,5,5
644055593,1,0,1,1
644055683,7,2,5,1
644055684,1,0,1,1
644055692,2,0,2,2
644055791,29,14,15,13
644055792,14,7,7,4
644055864,6,3,3,2
644055892,3,2,1,1
644055894,9,5,4,3
644055971,4,1,3,1
644055972,5,3,2,3
644055974,3,1,2,2
644055983,10,5,5,3
644055991,1,0,1,1
644055992,20,11,9,7
644056021,1,1,0,1
644056031,6,4,2,3
644056032,8,3,5,2
644056041,2,1,1,1
644056042,50,29,21,35
644056044,13,6,7,6
644056051,291,150,141,147
644056052,33,15,18,12
644056053,17,9,8,7
644056061,1,0,1,1
644056062,1,1,0,1
644056064,1,0,1,1
644056071,5,4,1,3
644056072,3,2,1,1
644056073,6,3,3,1
644056074,2,1,1,1
644056144,9,4,5,3
644056151,3,2,1,2
644056152,29,12,17,6
644056153,6,3,3,3
644056154,5,2,3,3
644056161,2,1,1,1
644056162,4,2,2,2
644056163,19,9,10,8
644056164,2,1,1,1
644056252,1,1,0,1
644056254,4,1,3,2
644056452,1,1,0,1
644056463,2,1,1,1
644056502,2,1,1,1
644056504,6,4,2,2
644056601,18,9,9,8
644056602,20,5,15,10
644056603,19,8,11,8
644056604,6,0,6,6
644056611,19,9,10,6
644056612,4,2,2,1
644056613,10,5,5,2
644056633,1,1,0,1
644056634,14,8,6,3
644056701,35,18,17,12
644056702,35,13,22,21
644056704,46,27,19,16
644056711,2,1,1,1
644056713,61,32,29,20
644056714,34,18,16,10
644056721,13,5,8,6
644056723,35,15,20,15
644056724,12,6,6,6
644056731,15,9,6,5
644056734,7,5,2,3
644056742,12,5,7,3
644056744,6,4,2,2
644056754,9,6,3,2
644056783,5,2,3,2
644056801,3,1,2,1
644056802,36,16,20,15
644056803,6,3,3,4
644056804,70,38,32,32
644056811,335,155,180,133
644056812,107,47,60,54
644056813,339,152,187,151
644056814,259,100,159,124
644056821,65,29,36,29
644056822,22,8,14,8
644056823,8,3,5,4
644056824,39,22,17,16
644056833,21,13,8,9
644056834,4,2,2,2
644056841,12,7,5,4
644056844,3,2,1,2
644056852,18,10,8,7
644056853,21,8,13,5
644056854,8,4,4,4
644056861,12,7,5,4
644056863,3,1,2,2
644056864,7,4,3,4
644056873,1,0,1,1
644056884,1,1,0,1
644056901,8,4,4,3
644056902,21,10,11,10
644056911,71,34,37,21
644056912,225,103,122,111
644056913,28,14,14,11
644056914,86,20,66,14
644056921,35,17,18,14
644056922,25,12,13,10
644056923,40,20,20,14
644056924,6,2,4,1
644056931,8,3,5,3
644056932,13,7,6,4
644056933,35,14,21,15
644056934,16,9,7,5
644056941,5,2,3,2
644056942,3,1,2,2
644056943,9,3,6,2
644056944,8,3,5,5
644056951,15,8,7,6
644056952,3,1,2,1
644056954,40,19,21,14
644056961,3,2,1,1
644056962,2,1,1,1
644056963,2,1,1,1
644056981,9,4,5,3
644056982,16,10,6,4
644056983,11,5,6,2
644056984,10,5,5,3
644056991,6,2,4,2
644056993,2,0,2,1
644057032,37,24,13,21
644057044,10,3,7,2
644057054,32,32,0,32
644057063,2,1,1,1
644057152,52,23,29,51
644057161,9,6,3,6
644057171,1,1,0,1
644057884,4,2,2,1
644057981,28,13,15,8
644057982,306,159,147,120
644057984,178,85,93,73
644057992,21,10,11,8
644057993,578,269,309,245
644057994,239,112,127,94
644062372,5,3,2,2
644062374,69,30,39,35
644062383,11,8,3,7
644062564,14,8,6,6
644062661,39,22,17,18
644062663,9,4,5,4
644062763,4,1,3,3
644064582,4,2,2,2
644064584,3,2,1,2
644064693,2,1,1,1
644064793,16,9,7,5
644064794,10,7,3,4
644064892,13,4,9,6
644065082,15,8,7,6
644065091,10,5,5,3
644065093,41,21,20,18
644065094,7,4,3,3
644065192,55,28,27,22
644065194,10,0,10,10
644065292,3,0,3,3
644065393,3,1,2,2
644065394,16,8,8,7
644065492,11,5,6,4
644065494,3,1,2,1
644065691,4,2,2,1
644065803,3,1,2,1
644065864,28,16,12,1
644065874,38,21,17,10
644065882,8,6,2,4
644065901,9,3,6,4
644065903,11,6,5,4
644065904,2,1,1,1
644065924,176,112,64,60
644065962,36,14,22,15
644065964,19,5,14,10
644066002,2,2,0,1
644066003,15,8,7,6
644066004,10,4,6,4
644066011,4,3,1,2
644066012,20,9,11,7
644066013,30,16,14,9
644066014,18,10,8,4
644066021,27,13,14,10
644066022,56,27,29,18
644066023,25,11,14,10
644066024,32,18,14,14
644066031,7,3,4,3
644066032,16,9,7,6
644066033,73,39,34,41
644066034,34,19,15,11
644066041,12,4,8,3
644066042,19,8,11,8
644066051,9,6,3,2
644066052,21,12,9,7
644066053,11,6,5,4
644066054,22,13,9,11
644066061,2,1,1,2
644066063,11,6,5,4
644066072,18,9,9,5
644066073,2,1,1,1
644066074,22,11,11,7
644066081,19,10,9,5
644066082,1,0,1,1
644066083,9,3,6,5
644066084,1,0,1,1
644066101,11,6,5,5
644066102,3,2,1,1
644066103,91,52,39,18
644066104,8,3,5,3
644066111,18,9,9,7
644066112,2,1,1,1
644066113,26,10,16,9
644066114,21,11,10,7
644066121,30,13,17,11
644066122,218,103,115,96
644066123,36,17,19,16
644066124,270,122,148,112
644066131,206,109,97,90
644066132,158,78,80,68
644066133,189,93,96,80
644066134,815,355,460,377
644066141,1,0,1,1
644066142,12,4,8,5
644066143,809,377,432,335
644066144,187,90,97,69
644066151,6,3,3,2
644066152,16,9,7,6
644066153,53,26,27,19
644066154,39,19,20,16
644066161,8,4,4,3
644066162,7,5,2,2
644066163,1,1,0,1
644066164,3,1,2,1
644066171,1,0,1,1
644066172,10,2,8,8
644066173,5,2,3,1
644066174,31,15,16,10
644066181,12,5,7,3
644066182,4,2,2,2
644066184,13,5,8,7
644066202,33,15,18,16
644066203,4,2,2,2
644066204,13,5,8,7
644066211,13,7,6,3
644066212,21,11,10,6
644066213,11,4,7,4
644066221,416,193,223,178
644066222,471,188,283,113
644066223,212,90,122,94
644066224,399,178,221,175
644066231,359,159,200,146
644066232,704,306,398,321
644066233,679,296,383,343
644066234,767,353,414,354
644066241,563,265,298,245
644066242,481,224,257,181
644066243,767,350,417,335
644066244,963,442,521,399
644066251,225,74,151,45
644066252,44,20,24,14
644066253,450,209,241,230
644066254,567,274,293,244
644066262,4,3,1,2
644066263,43,21,22,16
644066264,28,12,16,11
644066271,28,13,15,10
644066272,6,2,4,2
644066273,33,20,13,10
644066274,2,1,1,1
644066281,1,1,0,1
644066283,10,5,5,3
644066291,1,1,0,1
644066301,10,5,5,3
644066302,36,15,21,11
644066303,11,4,7,3
644066304,4,0,4,3
644066311,67,33,34,27
644066312,51,28,23,19
644066313,84,43,41,30
644066314,350,129,221,117
644066321,130,64,66,57
644066322,499,238,261,229
644066323,338,176,162,151
644066324,188,84,104,86
644066331,433,199,234,194
644066332,589,242,347,272
644066333,18,10,8,8
644066341,431,205,226,193
644066342,529,242,287,268
644066351,267,139,128,124
644066352,288,142,146,135
644066361,87,34,53,44
644066362,309,157,152,122
644066371,71,26,45,31
644066372,16,5,11,6
644066373,10,5,5,4
644066374,86,38,48,40
644066381,34,14,20,16
644066382,8,4,4,4
644066383,425,182,243,205
644066384,184,90,94,86
644066391,5,2,3,3
644066393,8,3,5,2
644066394,24,14,10,7
644066401,14,7,7,4
644066402,43,23,20,12
644066403,2,1,1,1
644066404,53,25,28,21
644066411,324,145,179,138
644066412,706,312,394,317
644066413,267,115,152,120
644066414,582,275,307,254
644066421,72,43,29,34
644066481,18,11,7,7
644066482,53,23,30,23
644066484,41,22,19,21
644066492,40,15,25,17
644066493,123,50,73,47
644066494,17,9,8,7
644066501,27,13,14,10
644066502,64,30,34,27
644066511,500,239,261,224
644066512,677,307,370,281
644066513,25,12,13,10
644066514,356,164,192,144
644066523,36,19,17,15
644066582,30,16,14,12
644066591,46,17,29,16
644067082,372,173,199,155
644067083,7,3,4,3
644067084,45,21,24,17
644067091,834,368,466,361
644067092,428,199,229,179
644067093,904,412,492,389
644067094,859,372,487,405
644067172,57,25,32,26
644067173,92,41,51,41
644067174,810,378,432,339
644067181,109,48,61,50
644067182,785,361,424,344
644067183,1528,667,861,706
644067184,1217,552,665,547
644067191,1066,482,584,516
644067192,1307,579,728,588
644067193,1242,547,695,546
644067194,1380,602,778,639
644067264,13,8,5,5
644067271,10,4,6,2
644067272,52,29,23,26
644067281,567,273,294,301
644067282,1745,789,956,842
644067283,59,32,27,34
644067284,1448,730,718,753
644067291,849,383,466,419
644067292,1287,566,721,632
644067293,1304,577,727,674
644067294,1674,737,937,891
644067301,30,13,17,11
644067302,7,3,4,2
644067304,10,5,5,4
644067313,4,2,2,2
644067314,9,5,4,6
644067321,1,0,1,1
644067334,46,22,24,22
644067342,4,1,3,2
644067343,45,22,23,16
644067344,10,4,6,4
644067353,4,3,1,2
644067354,8,5,3,3
644067362,2,2,0,1
644067363,3,2,1,1
644067381,39,18,21,33
644067382,161,70,91,91
644067384,227,106,121,91
644067391,1391,662,729,753
644067392,1469,549,920,720
644067393,1361,592,769,694
644067394,1568,655,913,807
644067412,19,9,10,7
644067414,107,49,58,45
644067431,17,9,8,7
644067432,229,109,120,96
644067433,66,32,34,27
644067434,200,90,110,89
644067441,79,38,41,31
644067442,12,6,6,4
644067443,250,120,130,108
644067444,42,24,18,15
644067451,1,0,1,1
644067461,3,1,2,1
644067462,2,1,1,1
644067463,6,3,3,2
644067464,22,10,12,9
644067471,36,12,24,16
644067472,8,3,5,4
644067473,446,199,247,190
644067474,570,234,336,198
644067481,25,11,14,13
644067482,898,431,467,439
644067483,622,291,331,282
644067484,705,310,395,335
644067491,1640,724,916,781
644067492,1949,830,1119,1016
644067493,592,262,330,272
644067494,946,422,524,445
644067512,48,26,22,19
644067522,20,9,11,5
644067531,110,49,61,56
644067532,371,173,198,147
644067534,178,79,99,65
644067541,709,295,414,331
644067542,500,220,280,240
644067544,87,39,48,37
644067551,118,49,69,47
644067552,11,6,5,3
644067553,114,52,62,51
644067554,4,2,2,2
644067561,7,4,3,3
644067562,196,93,103,86
644067563,28,11,17,14
644067564,473,212,261,206
644067571,599,277,322,248
644067572,1020,448,572,459
644067573,1288,627,661,456
644067574,793,360,433,286
644067581,964,483,481,279
644067582,1294,573,721,571
644067583,94,40,54,35
644067584,785,348,437,280
644067591,1612,735,877,729
644067592,1681,729,952,786
644067593,508,226,282,236
644067594,1064,464,600,484
644067632,63,28,35,24
644067641,2,1,1,1
644067651,69,30,39,31
644067652,243,118,125,100
644067654,523,238,285,207
644067661,229,104,125,96
644067662,969,407,562,278
644067663,472,209,263,175
644067664,490,207,283,260
644067671,1135,532,603,452
644067672,794,364,430,320
644067673,529,240,289,202
644067681,7,2,5,5
644067682,186,90,96,77
644067684,277,124,153,107
644067691,592,258,334,277
644067692,640,279,361,271
644067693,1053,456,597,453
644067694,785,353,432,322
644067752,41,20,21,15
644067761,64,28,36,22
644067762,69,30,39,33
644067771,43,18,25,22
644067791,435,204,231,182
644067792,772,308,464,268
644067793,66,31,35,25
644067794,2,1,1,1
644072483,15,9,6,4
644072581,7,4,3,3
644072681,8,2,6,5
644072784,18,9,9,8
644072991,3,1,2,2
644073803,17,9,8,9
644073853,2,2,0,2
644073891,3,1,2,1
644073894,1,1,0,1
644073901,160,86,74,84
644073902,4,2,2,2
644073912,12,5,7,3
644073913,1,0,1,1
644073914,38,23,15,19
644073923,28,16,12,8
644073924,6,4,2,4
644073941,7,4,3,6
644073973,2,1,1,1
644073974,4,3,1,1
644073983,6,2,4,1
644073991,2,1,1,1
644073992,12,6,6,5
644074242,4,3,1,2
644074244,2,1,1,1
644074253,13,6,7,4
644074361,2,1,1,1
644074473,5,2,3,3
644074474,178,82,96,76
644074542,10,3,7,2
644074571,29,14,15,14
644074572,378,178,200,182
644074573,16,7,9,6
644074574,315,148,167,142
644074581,303,120,183,134
644074582,13,6,7,5
644074583,168,77,91,88
644074591,5,4,1,5
644074642,3,1,2,2
644074643,11,6,5,4
644074644,1,0,1,1
644074651,1,1,0,1
644074672,56,25,31,26
644074724,14,7,7,5
644074732,14,6,8,7
644074733,7,4,3,4
644074734,11,6,5,5
644074741,3,1,2,2
644074802,1,1,0,1
644074804,8,4,4,4
644074821,2,1,1,1
644074831,3,2,1,1
644074832,6,2,4,4
644074902,2,1,1,1
644075001,4,2,2,1
644075002,1,1,0,1
644075004,151,68,83,69
644075013,241,103,138,108
644075014,11,5,6,6
644075031,86,48,38,19
644075042,34,14,20,21
644075043,1,0,1,1
644075044,11,4,7,4
644075102,120,54,66,54
644075103,17,9,8,9
644075104,80,35,45,34
644075111,491,218,273,227
644075112,174,83,91,80
644075113,495,224,271,217
644075114,37,19,18,15
644075121,19,7,12,12
644075201,50,21,29,30
644075202,69,28,41,39
644075204,99,49,50,42
644075211,43,21,22,17
644075213,10,5,5,6
644075302,111,51,60,53
644075304,13,7,6,3
644075311,222,107,115,88
644075313,682,315,367,297
644075314,67,31,36,31
644075411,2,1,1,1
644075412,13,4,9,9
644075501,8,5,3,4
644100052,16,7,9,7
644100061,148,60,88,59
644100062,13,6,7,10
644100063,94,42,52,41
644100064,73,35,38,39
644100083,4,2,2,2
644100084,2,1,1,2
644100553,7,4,3,2
644100602,1,1,0,1
644100604,1,1,0,1
644100611,2,1,1,1
644100702,9,4,5,5
644100743,2,1,1,1
644100801,4,2,2,1
644100833,7,4,3,3
644100834,33,20,13,15
644100843,8,4,4,4
644100854,11,5,6,4
644100862,3,2,1,2
644100914,5,2,3,2
644100921,13,11,2,6
644100922,12,6,6,5
644100924,4,2,2,2
644100931,23,12,11,6
644100932,14,6,8,5
644100963,12,6,6,2
644103313,2,0,2,1
644103921,2,1,1,1
644104091,268,153,115,146
644104092,462,238,224,207
644104181,16,8,8,8
644105001,1,0,1,1
644105002,4,3,1,3
644105011,19,17,2,19
644105012,13,10,3,9
644105013,3,2,1,2
644105014,6,5,1,6
644105021,21,13,8,7
644105022,739,388,351,343
644105024,35,22,13,25
644105031,1012,555,457,475
644105032,1164,617,547,474
644105033,544,298,246,228
644105034,1030,553,477,396
644105041,858,446,412,359
644105042,1010,527,483,437
644105043,1212,624,588,432
644105044,1049,541,508,444
644105051,1155,579,576,533
644105052,749,352,397,341
644105053,940,477,463,381
644105054,954,512,442,416
644105061,29,15,14,9
644105062,3,2,1,1
644105063,900,480,420,391
644105064,3,1,2,1
644105072,2,0,2,2
644105073,2,1,1,1
644105132,492,267,225,218
644105134,18,12,6,9
644105141,1268,637,631,446
644105142,1198,657,541,416
644105143,195,112,83,102
644105144,408,211,197,133
644105151,160,90,70,79
644105152,21,8,13,8
644105153,555,297,258,197
644105154,855,414,441,276
644105162,7,4,3,2
644105163,265,126,139,91
644105242,145,71,74,51
644105251,1519,761,758,487
644105252,165,83,82,55
644105253,146,72,74,44
644105353,15,7,8,6
644105451,122,66,56,47
644105452,14,9,5,4
644105453,3,2,1,1
644105454,6,3,3,2
644105463,3,2,1,1
644105552,2,1,1,1
644105561,15,8,7,7
644105563,9,5,4,4
644105564,5,3,2,4
644105581,9,2,7,3
644105582,14,8,6,9
644105583,2,1,1,1
644105584,27,12,15,10
644105591,2,1,1,1
644105593,3,1,2,1
644105661,50,26,24,19
644105662,13,7,6,9
644105664,53,27,26,19
644105671,2,1,1,1
644105672,12,5,7,5
644105673,135,62,73,54
644105674,416,173,243,41
644105683,2,1,1,1
644105684,1,1,0,1
644105691,4,2,2,1
644105694,4,2,2,1
644105761,8,6,2,3
644105762,5,1,4,2
644105771,287,146,141,115
644105772,252,96,156,19
644105782,1,0,1,1
644105851,15,8,7,4
644105854,4,3,1,2
644105861,2,1,1,2
644105862,6,2,4,2
644105864,39,19,20,1
644105871,1,1,0,1
644105872,5,2,3,2
644105873,6,3,3,2
644105881,4,2,2,1
644105883,10,6,4,2
644105891,15,9,6,4
644105961,4,2,2,2
644105962,4,2,2,2
644105973,3,1,2,2
644105982,1,0,1,1
644106062,5,2,3,1
644106064,7,4,3,2
644106072,17,9,8,6
644106074,5,3,2,2
644106081,2,1,1,1
644106082,3,1,2,1
644106083,8,3,5,4
644106171,10,5,5,3
644106172,7,2,5,3
644106174,6,3,3,3
644106181,4,2,2,2
644106182,4,3,1,3
644106184,4,2,2,2
644106191,4,2,2,1
644106193,4,2,2,2
644106194,18,9,9,6
644106264,1,0,1,1
644106271,2,1,1,1
644106272,2,1,1,1
644106274,11,5,6,4
644106282,4,3,1,1
644106283,5,1,4,2
644106292,2,1,1,1
644106362,29,17,12,10
644106364,42,20,22,14
644106372,13,7,6,5
644106373,42,26,16,42
644106374,40,23,17,13
644106381,1,0,1,1
644106472,6,3,3,3
644106474,13,13,0,13
644106481,15,8,7,6
644106482,14,5,9,5
644106483,18,5,13,5
644106484,5,2,3,3
644106544,16,9,7,6
644106554,42,20,22,15
644106581,24,13,11,14
644106582,5,2,3,2
644106583,12,6,6,4
644106584,1,0,1,1
644106591,8,4,4,4
644106592,13,6,7,5
644106594,11,5,6,3
644106601,1,1,0,1
644106633,2,1,1,1
644106634,6,4,2,2
644106652,20,10,10,6
644106654,3,3,0,3
644106682,9,4,5,4
644106684,14,7,7,5
644106691,5,3,2,2
644106692,13,7,6,3
644106694,92,39,53,44
644106702,3,2,1,2
644106704,11,5,6,2
644106711,2,1,1,2
644106712,214,116,98,90
644106714,145,63,82,65
644106721,163,75,88,63
644106723,122,66,56,67
644106724,4,2,2,2
644106731,27,15,12,10
644106732,10,5,5,3
644106733,15,8,7,6
644106734,20,11,9,7
644106743,8,7,1,7
644106744,3,3,0,3
644106751,3,3,0,3
644106782,21,9,12,10
644106784,4,2,2,2
644106791,2,0,2,2
644106792,61,29,32,27
644106793,421,207,214,173
644106794,121,59,62,56
644106803,7,4,3,3
644106812,6,4,2,1
644106813,7,4,3,2
644106821,8,4,4,4
644106824,2,1,1,1
644106831,4,3,1,2
644106832,9,7,2,3
644106833,17,7,10,6
644106841,7,3,4,2
644106843,9,6,3,3
644106844,6,3,3,2
644106882,3,1,2,1
644106891,23,13,10,11
644106892,10,7,3,9
644106893,123,52,71,3
644106894,1,0,1,1
644106901,14,6,8,5
644106903,22,11,11,8
644106904,2,1,1,1
644106911,1,1,0,1
644106933,9,5,4,2
644106934,4,2,2,2
644106941,7,3,4,3
644106943,3,2,1,3
644106944,2,0,2,1
644106991,1,0,1,1
644106994,5,2,3,3
644107003,12,6,6,4
644107013,5,2,3,2
644107021,1,0,1,1
644107022,6,4,2,4
644107031,11,7,4,4
644107033,5,2,3,3
644107101,9,3,6,5
644107102,7,4,3,2
644107103,8,4,4,3
644107104,16,9,7,3
644107111,2,1,1,1
644107113,2,1,1,1
644107123,3,2,1,1
644107141,12,7,5,3
644107202,7,4,3,2
644107204,10,4,6,3
644107213,2,1,1,1
644107214,3,2,1,1
644107223,3,1,2,1
644107354,2,1,1,1
644107401,28,11,17,9
644107402,88,41,47,35
644107403,18,10,8,7
644107404,42,23,19,20
644107444,11,6,5,3
644107504,13,6,7,7
644107514,3,2,1,1
644107523,8,4,4,2
644107524,10,6,4,3
644107532,3,2,1,1
644107533,12,5,7,4
644107534,1,0,1,1
644107541,9,4,5,4
644107542,2,1,1,1
644107601,9,4,5,5
644107602,231,153,78,136
644107603,163,70,93,71
644107604,107,57,50,50
644107612,19,10,9,5
644107613,18,12,6,9
644107614,8,4,4,3
644107621,6,4,2,3
644107622,12,6,6,4
644107623,5,2,3,4
644107701,339,156,183,141
644107702,83,41,42,37
644107704,33,15,18,14
644107711,8,4,4,4
644107712,8,6,2,3
644107713,21,10,11,11
644107714,14,6,8,5
644107721,23,10,13,6
644107723,2,1,1,1
644107724,4,2,2,1
644107743,2,1,1,1
644107801,17,8,9,6
644107802,12,5,7,5
644107804,14,8,6,4
644107811,4,2,2,1
644107812,25,11,14,5
644107813,13,7,6,5
644107814,1,0,1,1
644107822,19,10,9,8
644107824,6,3,3,2
644107831,4,4,0,2
644107832,2,1,1,1
644107833,17,7,10,6
644107834,4,2,2,2
644107883,2,1,1,1
644107884,3,2,1,1
644107892,5,2,3,2
644107894,2,1,1,1
644107902,2,2,0,1
644107903,2,1,1,1
644107904,2,1,1,1
644107912,10,5,5,4
644107914,4,2,2,2
644107923,1,0,1,1
644107924,19,9,10,6
644107932,5,2,3,2
644107981,2,1,1,1
644107983,3,1,2,1
644110002,15,6,9,5
644110011,7,4,3,5
644110012,3,2,1,2
644110013,12,6,6,4
644110021,8,4,4,3
644110023,3,1,2,2
644110101,2,1,1,1
644110102,1,0,1,1
644110103,2,1,1,1
644110401,2,1,1,1
644110603,4,2,2,2
644110701,14,7,7,6
644110703,6,4,2,5
644110704,2,1,1,1
644110803,2,1,1,1
644110902,3,1,2,2
644112214,1,0,1,1
644112344,1,1,0,1
644113223,1,1,0,1
644113224,82,43,39,35
644113321,100,42,58,71
644114283,276,141,135,87
644114284,302,151,151,91
644114364,5,2,3,2
644114371,85,40,45,25
644114372,417,208,209,148
644114373,787,376,411,274
644114374,775,369,406,275
644114381,886,438,448,267
644114382,331,158,173,106
644114383,1146,586,560,648
644114384,5,4,1,5
644114462,2,1,1,1
644114471,464,216,248,190
644114472,849,407,442,325
644114473,263,125,138,111
644114474,946,476,470,407
644114481,291,169,122,154
644114482,33,22,11,23
644114483,298,143,155,113
644114492,322,297,25,8
644114571,45,25,20,19
644114572,187,91,96,75
644114581,444,212,232,179
644114583,716,340,376,291
644114584,50,15,35,3
644114681,10,4,6,3
644114771,23,8,15,12
644114773,240,143,97,7
644114774,27,16,11,3
644114783,166,83,83,60
644114784,47,20,27,19
644114793,5,3,2,3
644114794,21,8,13,8
644114882,1,1,0,1
644114891,439,227,212,177
644114892,913,475,438,368
644114992,145,135,10,6
644114993,172,101,71,68
644114994,545,315,230,176
644115081,3,1,2,2
644115082,1,0,1,1
644115094,3,0,3,3
644115174,8,3,5,2
644115191,2,1,1,1
644115193,5,3,2,1
644115194,16,6,10,4
644115262,2,1,1,1
644115272,2,0,2,1
644115362,3,2,1,1
644115391,47,16,31,34
644115392,53,35,18,25
644115393,57,57,0,57
644115394,32,27,5,25
644115474,6,2,4,3
644115492,4,2,2,1
644115494,9,5,4,3
644115573,16,7,9,6
644115582,15,5,10,6
644115584,7,2,5,3
644115592,6,4,2,2
644115593,8,5,3,2
644115594,5,4,1,4
644115612,251,233,18,3
644115614,248,230,18,3
644115624,56,51,5,3
644115663,5,3,2,2
644115664,12,7,5,4
644115673,10,4,6,4
644115674,4,4,0,4
644115681,8,7,1,6
644115683,5,4,1,2
644115691,6,2,4,2
644115692,47,17,30,25
644115694,4,2,2,2
644115702,153,83,70,62
644115711,66,33,33,24
644115713,529,287,242,226
644115714,698,371,327,294
644115721,72,63,9,2
644115723,402,218,184,132
644115724,3,3,0,2
644115771,3,1,2,2
644115772,6,3,3,2
644115781,2,2,0,1
644115782,14,7,7,5
644115791,11,3,8,4
644115792,7,4,3,2
644115793,10,7,3,6
644115801,669,335,334,307
644115802,712,362,350,331
644115803,435,230,205,110
644115804,1039,481,558,448
644115811,651,365,286,342
644115812,602,307,295,361
644115813,1376,678,698,710
644115814,956,488,468,587
644115821,1119,620,499,590
644115822,73,39,34,39
644115823,902,410,492,546
644115824,458,230,228,203
644115831,4,3,1,2
644115832,5,3,2,2
644115833,351,199,152,167
644115834,82,43,39,28
644115843,4,2,2,1
644115894,2,1,1,1
644115901,154,134,20,29
644115902,894,509,385,351
644115903,966,506,460,404
644115904,1419,726,693,606
644115911,1036,555,481,517
644115912,871,424,447,502
644115913,1739,855,884,803
644115914,802,403,399,401
644115921,1094,540,554,717
644115922,1177,593,584,576
644115923,1860,883,977,1056
644115924,820,420,400,419
644115931,975,481,494,434
644115932,1037,498,539,421
644115933,1395,735,660,647
644115934,1354,649,705,529
644115941,1271,636,635,503
644115942,386,198,188,185
644115943,1403,650,753,539
644115944,1334,687,647,541
644115953,122,61,61,54
644115963,521,506,15,13
644115973,190,185,5,13
644116001,5,3,2,2
644116002,20,10,10,5
644116003,6,3,3,2
644116013,20,10,10,7
644116022,4,2,2,2
644116041,9,4,5,4
644116042,3,3,0,2
644116044,23,12,11,11
644116091,1,1,0,1
644116092,8,4,4,4
644116094,3,1,2,2
644116104,1,1,0,1
644116112,14,8,6,6
644116121,1,1,0,1
644116123,8,2,6,3
644116131,4,3,1,1
644116132,15,7,8,7
644116141,145,76,69,68
644116142,435,197,238,165
644116143,68,34,34,31
644116144,93,47,46,45
644116151,80,43,37,39
644116152,163,79,84,62
644116153,347,163,184,138
644116154,271,140,131,122
644116163,4,2,2,2
644116193,1,0,1,1
644116211,3,2,1,1
644116224,6,3,3,2
644116231,5,2,3,2
644116242,1,0,1,1
644116251,39,18,21,22
644116252,315,153,162,143
644116253,10,7,3,2
644116254,247,113,134,95
644116261,102,57,45,58
644116262,13,5,8,5
644116263,341,161,180,135
644116264,87,48,39,51
644116284,11,5,6,3
644116293,5,3,2,2
644116302,6,3,3,2
644116322,18,10,8,8
644116324,3,2,1,1
644116352,3,1,2,1
644116354,5,2,3,3
644116361,10,7,3,3
644116362,1,1,0,1
644116363,2,1,1,1
644116364,7,4,3,2
644116382,2,2,0,1
644116383,7,4,3,2
644116391,2,1,1,1
644116394,3,1,2,1
644116401,8,2,6,2
644116402,49,36,13,1
644116404,5,5,0,5
644116413,63,40,23,1
644116421,4,1,3,1
644116423,14,6,8,4
644116444,24,24,0,1
644116461,4,2,2,1
644116464,1,1,0,1
644116482,17,12,5,5
644116492,2,1,1,1
644116493,15,9,6,4
644116501,13,6,7,6
644116502,39,22,17,14
644116503,7,4,3,4
644116504,6,5,1,4
644116512,6,5,1,4
644116513,2,2,0,2
644116521,6,4,2,1
644116522,11,6,5,4
644116523,3,2,1,1
644116552,8,4,4,3
644116554,6,2,4,3
644116564,5,2,3,3
644116574,5,3,2,1
644116582,5,3,2,2
644116583,7,4,3,2
644116594,5,2,3,3
644116601,2,1,1,1
644116623,7,6,1,4
644116654,7,2,5,2
644116662,2,1,1,1
644116672,2,1,1,1
644116674,3,1,2,2
644116681,4,3,1,1
644116682,12,5,7,4
644116693,7,4,3,1
644116704,1,1,0,1
644116721,1,0,1,1
644116744,27,27,0,1
644116752,12,6,6,4
644116753,3,3,0,1
644116754,6,4,2,3
644116761,34,15,19,17
644116762,40,20,20,19
644116763,174,80,94,81
644116764,159,81,78,67
644116771,4,2,2,2
644116772,2,1,1,1
644116781,4,2,2,2
644116783,1,0,1,1
644116784,1,0,1,1
644116793,3,2,1,1
644116852,9,4,5,3
644116861,5,2,3,3
644116864,3,1,2,2
644116871,6,2,4,2
644116872,13,6,7,5
644116873,15,8,7,5
644116881,5,2,3,1
644116882,4,3,1,1
644116883,8,4,4,2
644116884,12,5,7,5
644116892,9,5,4,3
644116893,2,1,1,1
644116961,6,4,2,2
644116963,7,3,4,4
644116971,3,1,2,2
644116973,1,0,1,1
644116991,9,4,5,3
644116993,3,1,2,1
644116994,6,3,3,1
644117001,3,0,3,1
644117002,5,3,2,2
644117022,7,2,5,3
644117031,17,7,10,6
644117032,7,4,3,2
644117033,2,1,1,1
644117034,6,3,3,2
644117041,13,6,7,4
644117042,4,2,2,1
644117043,5,3,2,2
644117044,12,6,6,4
644117051,8,5,3,2
644117053,10,4,6,3
644117061,4,1,3,1
644117063,17,8,9,6
644117064,4,2,2,2
644117071,1,1,0,1
644117072,4,1,3,3
644117073,4,3,1,1
644117074,9,4,5,5
644117081,1,0,1,1
644117082,4,2,2,1
644117083,40,18,22,16
644117084,1,0,1,1
644117101,16,10,6,8
644117103,4,2,2,2
644117131,1,1,0,1
644117132,5,3,2,1
644117134,9,6,3,3
644117141,12,3,9,5
644117143,3,1,2,1
644117161,1,0,1,1
644117162,2,1,1,1
644117201,4,3,1,2
644117202,2,1,1,1
644117203,4,1,3,1
644117204,4,2,2,1
644117232,5,3,2,1
644117241,2,1,1,1
644117243,2,1,1,1
644117302,6,3,3,3
644117311,2,1,1,1
644117312,4,3,1,2
644117342,4,2,2,1
644117344,18,8,10,3
644117421,1,0,1,1
644117503,5,3,2,1
644117561,2,1,1,1
644117563,7,4,3,1
644117652,2,1,1,1
644117852,6,2,4,1
644117914,4,3,1,1
644122871,5,3,2,1
644122873,9,5,4,5
644122893,20,9,11,10
644122952,31,15,16,13
644122953,19,5,14,5
644122954,6,2,4,3
644122963,10,5,5,6
644122972,15,7,8,5
644122981,20,12,8,9
644122983,5,3,2,2
644122984,2,1,1,1
644122991,4,2,2,2
644122994,5,2,3,2
644123193,9,5,4,4
644123194,8,4,4,4
644123991,4,3,1,2
644123993,3,1,2,1
644123994,4,1,3,2
644124082,375,192,183,127
644124083,3,1,2,1
644124084,970,475,495,383
644124091,1274,652,622,473
644124092,1491,702,789,590
644124093,1034,525,509,367
644124094,264,134,130,102
644124173,2,2,0,1
644124174,4,2,2,1
644124182,77,47,30,28
644124183,4,2,2,1
644124254,55,49,6,3
644124263,60,54,6,3
644124264,7,3,4,3
644124273,12,5,7,6
644124274,11,5,6,5
644124281,30,17,13,7
644124284,6,3,3,2
644124292,279,163,116,162
644124293,95,48,47,33
644124294,815,411,404,289
644124334,13,6,7,3
644124344,7,3,4,2
644124352,7,6,1,3
644124353,194,95,99,66
644124354,484,237,247,148
644124361,10,7,3,4
644124362,15,9,6,5
644124363,14,12,2,2
644124364,166,81,85,61
644124371,5,1,4,3
644124372,41,23,18,10
644124373,31,16,15,10
644124374,4,2,2,1
644124382,23,10,13,7
644124384,5,2,3,2
644124391,187,98,89,58
644124392,334,164,170,108
644124393,79,36,43,25
644124394,13,6,7,4
644124441,79,49,30,1
644124442,21,8,13,6
644124444,37,18,19,17
644124451,9,2,7,4
644124452,559,286,273,228
644124453,18,10,8,8
644124454,534,263,271,177
644124461,224,113,111,94
644124462,794,408,386,316
644124463,932,454,478,380
644124464,1023,497,526,439
644124471,31,15,16,12
644124472,176,98,78,108
644124473,757,392,365,299
644124474,731,359,372,283
644124481,11,5,6,3
644124482,14,5,9,7
644124483,5,2,3,2
644124492,15,10,5,4
644124493,9,3,6,3
644124532,4,1,3,1
644124541,19,9,10,8
644124542,37,18,19,18
644124543,10,8,2,6
644124544,259,114,145,112
644124551,886,434,452,272
644124552,1456,712,744,594
644124553,999,484,515,330
644124554,889,447,442,397
644124561,1641,852,789,797
644124562,1655,795,860,695
644124563,982,492,490,510
644124564,1688,811,877,840
644124571,1180,584,596,501
644124572,111,49,62,50
644124573,892,438,454,404
644124574,816,397,419,269
644124582,32,12,20,13
644124584,8,3,5,1
644124591,14,9,5,5
644124592,6,4,2,1
644124593,8,4,4,3
644124594,4,1,3,1
644124632,1,0,1,1
644124633,2,1,1,1
644124634,17,8,9,5
644124641,147,48,99,26
644124642,760,419,341,253
644124643,100,90,10,11
644124644,89,76,13,13
644124651,1284,613,671,499
644124652,994,506,488,418
644124653,1263,632,631,510
644124654,1133,538,595,488
644124661,1142,536,606,471
644124662,1421,690,731,634
644124663,1253,614,639,481
644124664,1246,610,636,533
644124671,1225,594,631,622
644124672,1227,603,624,409
644124673,797,403,394,358
644124674,663,333,330,211
644124681,185,95,90,64
644124683,474,236,238,174
644124684,2,1,1,1
644124691,8,4,4,3
644124693,5,2,3,2
644124694,14,5,9,5
644124741,25,10,15,9
644124742,753,386,367,302
644124744,56,27,29,23
644124751,1082,552,530,484
644124752,1128,506,622,562
644124753,268,136,132,120
644124754,1389,666,723,624
644124761,1644,817,827,713
644124762,842,410,432,347
644124763,1312,639,673,642
644124764,903,435,468,393
644124771,483,234,249,233
644124773,37,20,17,16
644124774,14,9,5,4
644124781,10,5,5,4
644124782,7,1,6,2
644124784,25,11,14,6
644124792,5,3,2,2
644124793,6,3,3,2
644124794,13,7,6,3
644124832,2,1,1,1
644124841,13,6,7,4
644124842,668,324,344,249
644124843,3,2,1,2
644124844,256,121,135,84
644124851,296,149,147,115
644124852,290,142,148,128
644124853,29,14,15,10
644124854,11,5,6,3
644124861,990,440,550,378
644124862,1188,547,641,453
644124863,1229,550,679,469
644124864,779,364,415,220
644124871,1173,552,621,432
644124872,30,12,18,12
644124873,933,450,483,350
644124874,1309,654,655,467
644124881,7,2,5,3
644124882,15,7,8,4
644124883,80,37,43,27
644124884,46,22,24,16
644124891,15,6,9,5
644124892,6,3,3,1
644124893,11,5,6,4
644124894,9,5,4,3
644124903,1,0,1,1
644124941,36,27,9,3
644124942,359,182,177,6
644124943,49,43,6,3
644124944,82,80,2,3
644124951,11,5,6,5
644124952,9,5,4,4
644124953,267,134,133,104
644124954,772,351,421,327
644124961,556,254,302,204
644124962,1610,774,836,601
644124963,393,203,190,155
644124964,607,287,320,197
644124971,640,306,334,239
644124972,402,195,207,136
644124973,14,4,10,5
644124981,4,2,2,2
644124982,3,1,2,1
644124983,4,2,2,1
644124984,2,1,1,1
644124991,6,3,3,3
644124992,2,1,1,1
644124993,2,1,1,1
644124994,11,7,4,4
644125001,836,424,412,362
644125002,1727,868,859,772
644125003,887,441,446,416
644125004,1351,710,641,654
644125011,1625,729,896,749
644125012,1391,691,700,632
644125013,1119,515,604,561
644125014,1225,562,663,519
644125021,2022,886,1136,1001
644125022,1053,508,545,474
644125023,895,418,477,334
644125024,1178,575,603,451
644125031,1523,761,762,647
644125032,494,256,238,186
644125033,605,318,287,266
644125034,20,9,11,9
644125041,1051,523,528,408
644125042,880,466,414,316
644125043,100,54,46,41
644125061,122,113,9,12
644125062,328,300,28,12
644125064,236,225,11,12
644125071,232,203,29,12
644125101,350,174,176,143
644125102,1395,694,701,581
644125103,604,311,293,242
644125104,1097,519,578,372
644125111,469,221,248,184
644125112,1096,534,562,384
644125113,579,290,289,210
644125114,550,284,266,181
644125121,760,373,387,289
644125122,1381,627,754,451
644125123,40,22,18,23
644125124,1360,670,690,465
644125131,116,59,57,45
644125132,75,39,36,26
644125133,537,264,273,188
644125134,5,4,1,4
644125141,9,5,4,3
644125142,6,2,4,2
644125143,14,7,7,5
644125144,13,7,6,5
644125151,8,4,4,2
644125153,7,5,2,2
644125154,4,3,1,2
644125201,1182,578,604,445
644125202,1625,797,828,488
644125203,1297,652,645,478
644125204,342,176,166,113
644125211,576,295,281,180
644125212,94,43,51,29
644125213,13,5,8,6
644125221,5,2,3,2
644125222,487,264,223,178
644125223,4,2,2,2
644125231,144,63,81,52
644125232,2,1,1,1
644125233,5,2,3,2
644125234,5,3,2,2
644125242,2,1,1,1
644125251,19,9,10,9
644125252,10,7,3,4
644125253,3,2,1,1
644125254,13,6,7,6
644125301,17,9,8,6
644125302,5,3,2,2
644125304,3,1,2,1
644125311,4,1,3,1
644125312,1,1,0,1
644125313,17,8,9,4
644125314,26,11,15,8
644125321,5,2,3,2
644125342,6,2,4,3
644125354,4,1,3,3
644125362,3,2,1,1
644125364,6,3,3,2
644125401,2,2,0,1
644125402,13,8,5,5
644125403,3,2,1,1
644125404,15,7,8,5
644125412,2,1,1,1
644125413,1,1,0,1
644125414,17,11,6,5
644125421,2,1,1,1
644125431,6,3,3,3
644125434,10,5,5,3
644125442,4,1,3,1
644125443,8,3,5,5
644125444,2,1,1,1
644125461,1,1,0,1
644125462,20,9,11,4
644125463,2,1,1,1
644125464,4,1,3,1
644125473,13,6,7,4
644125483,2,1,1,1
644125501,21,10,11,5
644125502,17,10,7,5
644125503,4,2,2,1
644125504,20,13,7,5
644125511,6,4,2,3
644125513,7,3,4,1
644125531,4,1,3,1
644125552,3,1,2,1
644125554,2,1,1,1
644125562,9,4,5,2
644125571,11,6,5,3
644125573,4,2,2,1
644125601,6,3,3,1
644125602,6,4,2,2
644125604,16,9,7,3
644125611,14,8,6,6
644125612,5,3,2,2
644125613,2,1,1,1
644125624,5,2,3,1
644125633,2,0,2,1
644125652,6,1,5,2
644125654,5,1,4,2
644125661,9,3,6,3
644125671,3,2,1,1
644125673,11,5,6,3
644125701,17,7,10,5
644125702,2,1,1,1
644125703,9,5,4,3
644125704,3,1,2,1
644125711,11,5,6,4
644125712,10,6,4,3
644125713,6,3,3,3
644125714,18,7,11,4
644125721,5,2,3,2
644125724,11,6,5,4
644125733,16,9,7,5
644125763,4,2,2,1
644125771,4,2,2,2
644125772,9,6,3,2
644125774,11,6,5,2
644125784,4,2,2,2
644125791,7,2,5,2
644125801,8,5,3,3
644125802,5,3,2,2
644125804,6,4,2,3
644125811,12,6,6,4
644125812,2,1,1,1
644125813,6,2,4,1
644125824,11,5,6,3
644125831,8,3,5,2
644125833,11,6,5,2
644125854,3,2,1,1
644125861,17,5,12,6
644125863,2,1,1,1
644125871,9,5,4,3
644125872,10,6,4,4
644125873,14,9,5,5
644125874,5,2,3,2
644125881,40,22,18,1
644125882,10,4,6,3
644125883,2,1,1,1
644125901,1,1,0,1
644125902,2,1,1,1
644125903,9,4,5,3
644125904,13,8,5,6
644125911,12,5,7,3
644125912,11,5,6,3
644125913,13,6,7,3
644125914,4,1,3,1
644125931,7,4,3,2
644125932,5,2,3,2
644125934,4,3,1,1
644125944,7,5,2,3
644125952,9,5,4,2
644125953,3,1,2,1
644125954,4,2,2,1
644125961,5,3,2,1
644125972,9,4,5,3
644125974,4,2,2,1
644125981,5,3,2,2
644125982,7,3,4,1
644125983,24,12,12,7
644126051,1,1,0,1
644126052,18,9,9,5
644126053,7,3,4,3
644126061,3,1,2,1
644126071,3,1,2,1
644126073,9,5,4,3
644126074,3,2,1,2
644126083,4,2,2,2
644126091,1,1,0,1
644126092,2,1,1,1
644126151,2,1,1,2
644126153,6,3,3,3
644126162,6,2,4,1
644126164,5,3,2,1
644126171,7,4,3,3
644126172,1,0,1,1
644126174,5,3,2,2
644126181,3,1,2,1
644126182,3,2,1,1
644126191,6,2,4,2
644126193,2,1,1,1
644126243,8,5,3,2
644126252,4,2,2,2
644126253,20,12,8,9
644126254,2,1,1,1
644126261,1,1,0,1
644126262,6,2,4,1
644126264,3,1,2,1
644126271,2,1,1,1
644126274,1,0,1,1
644126281,4,1,3,1
644126282,10,5,5,4
644126283,2,1,1,1
644126344,12,4,8,5
644126351,110,52,58,57
644126352,210,99,111,86
644126353,252,113,139,120
644126354,117,52,65,49
644126364,14,7,7,3
644126373,1,1,0,1
644126374,6,3,3,1
644126413,2,1,1,1
644126434,1,0,1,1
644126442,279,143,136,101
644126444,193,94,99,101
644126451,436,201,235,206
644126452,133,59,74,59
644126453,305,148,157,152
644126454,119,47,72,43
644126473,4,2,2,2
644126502,2,1,1,1
644126513,2,1,1,1
644126541,70,33,37,36
644126542,345,165,180,156
644126543,126,59,67,70
644126544,106,34,72,43
644126551,104,43,61,46
644126553,131,59,72,62
644126554,3,2,1,1
644126571,8,4,4,2
644126574,7,3,4,2
644126601,10,5,5,4
644126612,2,1,1,1
644126624,4,1,3,1
644126631,7,4,3,2
644126632,3,2,1,1
644126641,28,14,14,14
644126642,102,49,53,50
644126651,11,5,6,3
644126652,6,4,2,2
644126653,2,2,0,1
644126654,12,6,6,6
644126661,6,3,3,4
644126663,5,3,2,1
644126674,8,3,5,2
644126714,13,6,7,3
644126721,2,1,1,1
644126722,3,1,2,1
644126744,15,10,5,4
644126751,1,0,1,1
644126752,8,6,2,2
644126753,10,6,4,3
644126761,6,4,2,1
644126763,7,3,4,2
644126764,2,1,1,1
644126771,9,6,3,2
644126773,7,4,3,2
644126781,13,6,7,4
644126783,18,10,8,6
644126784,4,3,1,1
644126793,11,5,6,2
644126812,3,1,2,2
644126814,19,9,10,2
644126831,1,0,1,1
644126832,6,4,2,1
644126833,12,6,6,3
644126851,9,5,4,2
644126852,3,2,1,1
644126862,3,1,2,2
644126864,2,2,0,2
644126881,5,5,0,5
644126891,2,1,1,1
644126894,6,3,3,1
644126903,11,6,5,3
644126911,15,7,8,4
644126914,19,9,10,6
644126932,5,3,2,1
644126933,1,0,1,1
644126934,6,3,3,3
644126943,21,12,9,6
644126944,11,6,5,5
644126951,9,4,5,4
644126952,3,2,1,1
644126961,5,3,2,1
644126972,1,1,0,1
644126973,8,5,3,2
644126982,28,20,8,27
644126983,1,1,0,1
644126992,6,3,3,1
644126994,28,27,1,26
644127001,5,3,2,3
644127004,3,2,1,2
644127013,9,5,4,2
644127724,13,7,6,2
644127794,4,1,3,2
644127812,7,3,4,3
644127813,6,4,2,2
644127814,2,1,1,1
644127821,4,2,2,2
644127822,6,4,2,1
644127823,3,2,1,1
644127824,3,3,0,1
644127831,3,1,2,1
644127843,2,1,1,1
644127844,2,1,1,1
644127882,1,0,1,1
644127883,14,6,8,5
644127884,4,3,1,2
644127892,11,4,7,4
644127893,14,7,7,4
644127894,46,26,20,9
644127901,7,4,3,1
644127902,11,5,6,3
644127903,6,4,2,1
644127904,25,14,11,6
644127911,3,2,1,1
644127912,3,2,1,1
644127913,20,10,10,11
644127914,81,40,41,39
644127921,2,1,1,1
644127923,13,8,5,6
644127924,1,0,1,1
644127932,8,5,3,4
644127933,1,0,1,1
644127934,3,2,1,2
644127941,4,2,2,3
644127943,2,1,1,1
644127944,2,1,1,1
644127972,13,4,9,6
644127981,33,14,19,18
644131312,4,2,2,2
644131321,3,1,2,2
644131323,36,13,23,19
644131372,13,4,9,5
644131374,11,4,7,6
644131381,9,3,6,5
644131382,8,4,4,3
644131383,5,2,3,3
644131384,18,8,10,8
644131393,2,1,1,1
644131421,50,23,27,23
644131423,5,4,1,4
644131481,8,3,5,4
644131482,325,156,169,131
644131483,8,5,3,3
644131484,35,16,19,13
644131491,194,87,107,82
644131492,2,0,2,2
644131493,21,11,10,10
644131494,3,1,2,1
644131522,127,59,68,84
644131524,238,127,111,170
644131533,326,137,189,240
644131534,5,1,4,3
644131571,6,2,4,2
644131572,8,4,4,4
644131573,44,22,22,15
644131574,20,11,9,12
644131581,5,4,1,2
644131582,6,2,4,2
644131583,5,2,3,2
644131584,48,20,28,18
644131592,15,9,6,5
644131594,8,4,4,4
644131622,14,5,9,12
644131624,2,1,1,2
644131631,588,285,303,169
644131632,87,34,53,49
644131633,257,123,134,151
644131634,15,13,2,14
644131641,13,6,7,6
644131642,2,1,1,1
644131643,17,5,12,7
644131652,4,3,1,3
644131662,11,6,5,5
644131671,30,12,18,14
644131672,2,1,1,1
644131682,4,2,2,3
644131703,1,1,0,1
644131704,2,1,1,1
644131731,2,1,1,1
644132061,37,17,20,11
644132064,17,8,9,5
644132081,2,0,2,2
644132083,6,4,2,2
644132091,2,0,2,2
644132092,10,5,5,5
644132164,3,1,2,1
644132172,13,6,7,5
644132173,49,25,24,18
644132174,795,376,419,287
644132181,3,1,2,3
644132182,4,3,1,3
644132184,6,2,4,3
644132241,12,7,5,4
644132242,2,1,1,1
644132244,6,3,3,3
644132254,2,0,2,1
644132261,2,1,1,1
644132263,10,5,5,4
644132271,143,67,76,60
644132272,751,347,404,262
644132273,34,13,21,10
644132274,518,252,266,185
644132283,2,1,1,1
644132302,10,3,7,3
644132304,9,6,3,2
644132313,15,5,10,7
644132324,15,6,9,6
644132342,32,16,16,15
644132343,15,8,7,7
644132344,10,5,5,2
644132352,2,1,1,1
644132353,1,1,0,1
644132354,16,9,7,5
644132361,42,22,20,18
644132363,50,22,28,22
644132364,6,1,5,3
644132371,22,12,10,2
644132372,1149,550,599,372
644132374,913,435,478,357
644132381,541,250,291,196
644132382,2,0,2,2
644132383,415,192,223,127
644132384,11,5,6,6
644132403,22,8,14,11
644132404,160,77,83,48
644132411,11,5,6,6
644132412,74,34,40,23
644132413,56,28,28,26
644132414,799,385,414,290
644132421,22,10,12,8
644132422,106,50,56,44
644132423,641,308,333,218
644132424,748,355,393,305
644132431,245,118,127,99
644132432,172,77,95,57
644132433,839,393,446,300
644132434,1456,686,770,509
644132441,935,442,493,343
644132442,343,163,180,101
644132443,1612,744,868,549
644132444,788,377,411,328
644132452,94,46,48,34
644132453,93,41,52,37
644132454,902,434,468,342
644132461,141,50,91,10
644132462,198,66,132,3
644132464,5,3,2,2
644132471,25,12,13,11
644132472,1002,457,545,400
644132473,86,32,54,62
644132474,762,356,406,321
644132482,41,23,18,17
644132483,306,139,167,114
644132484,21,8,13,6
644132501,43,18,25,17
644132502,930,441,489,296
644132503,8,4,4,4
644132504,179,77,102,72
644132511,300,139,161,136
644132512,910,426,484,341
644132513,188,87,101,81
644132514,523,268,255,203
644132521,1364,620,744,460
644132522,946,430,516,391
644132523,427,202,225,166
644132524,886,404,482,339
644132531,1020,449,571,458
644132532,1110,512,598,442
644132533,1321,620,701,520
644132534,1289,576,713,529
644132541,1072,475,597,375
644132542,616,276,340,277
644132543,291,140,151,111
644132544,58,26,32,26
644132551,737,342,395,299
644132552,1672,760,912,660
644132553,886,404,482,359
644132554,1224,556,668,532
644132561,892,410,482,358
644132563,780,362,418,337
644132564,281,108,173,91
644132571,507,166,341,98
644132572,431,207,224,168
644132573,244,124,120,115
644132574,665,302,363,255
644132581,41,22,19,17
644132582,40,19,21,16
644132583,9,6,3,7
644132584,20,10,10,7
644132621,8,5,3,4
644132622,15,6,9,6
644132624,4,2,2,2
644132631,563,263,300,213
644132632,354,173,181,138
644132633,7,4,3,2
644132641,8,4,4,4
644132652,38,16,22,15
644132661,9,4,5,4
644132662,735,308,427,275
644132663,27,12,15,9
644132664,1349,649,700,581
644132671,651,314,337,285
644132672,494,247,247,172
644132673,1207,567,640,468
644132674,316,154,162,132
644132681,17,7,10,6
644132682,5,2,3,2
644132731,7,3,4,3
644132742,3,1,2,1
644132744,95,48,47,19
644132753,855,398,457,360
644132754,741,360,381,291
644132761,184,93,91,72
644132762,1757,781,976,735
644132763,1035,478,557,442
644132764,2277,896,1381,736
644132771,718,347,371,309
644132772,495,354,141,390
644132773,504,238,266,189
644132774,1622,776,846,715
644132781,240,178,62,176
644132783,2067,975,1092,778
644132794,4,1,3,2
644132841,85,40,45,33
644132842,1163,544,619,463
644132843,118,59,59,39
644132844,1285,614,671,509
644132851,1723,794,929,727
644132852,1653,793,860,596
644132853,1165,572,593,513
644132854,714,396,318,252
644132861,1309,634,675,512
644132862,1244,578,666,498
644132863,1259,634,625,588
644132864,702,341,361,330
644132871,165,73,92,66
644132872,1304,607,697,531
644132873,332,142,190,158
644132874,1332,582,750,562
644132881,1338,593,745,561
644132882,394,153,241,177
644132883,2043,905,1138,872
644132884,671,311,360,312
644132892,70,41,29,20
644132893,66,31,35,24
644132894,335,138,197,99
644132941,3,2,1,1
644132942,2,1,1,1
644132943,45,19,26,21
644132944,66,34,32,27
644132951,275,123,152,104
644132952,1484,689,795,569
644132953,863,430,433,319
644132954,1366,661,705,545
644132961,1612,720,892,718
644132962,969,452,517,477
644132963,1405,639,766,573
644132964,843,368,475,332
644132972,776,353,423,332
644132973,55,21,34,16
644132974,383,177,206,152
644132981,3045,1314,1731,1322
644132982,1185,464,721,727
644132983,1538,662,876,685
644132984,541,253,288,232
644132991,574,258,316,260
644132992,1609,759,850,647
644132993,908,421,487,390
644132994,1631,781,850,675
644133092,7,4,3,3
644133133,4,2,2,2
644133154,5,2,3,1
644133163,3,1,2,1
644133241,3,1,2,1
644133242,5,3,2,2
644133264,9,4,5,5
644133273,4,2,2,2
644133282,1,1,0,1
644133283,11,5,6,6
644133291,12,6,6,5
644133292,9,6,3,6
644133352,11,3,8,4
644133354,29,14,15,11
644133363,6,3,3,3
644133371,4,2,2,1
644133372,2,1,1,1
644133373,11,4,7,4
644133374,4,2,2,2
644133381,11,4,7,4
644133382,13,4,9,3
644133383,9,5,4,3
644133384,6,2,4,2
644133391,7,3,4,2
644133393,4,1,3,2
644133394,30,18,12,8
644133461,33,18,15,12
644133463,27,14,13,8
644133471,15,7,8,5
644133473,11,5,6,4
644133474,2,1,1,1
644133484,11,9,2,11
644133492,242,115,127,77
644133542,6,2,4,2
644133543,51,30,21,1
644133544,2,1,1,1
644133561,8,3,5,4
644133562,8,4,4,3
644133563,12,6,6,5
644133571,8,4,4,3
644133573,1,0,1,1
644133581,2,1,1,2
644133582,2,2,0,2
644133583,712,346,366,268
644133584,218,110,108,71
644133591,14,12,2,12
644133593,1234,630,604,401
644133594,45,25,20,21
644133641,210,178,32,5
644133642,1,0,1,1
644133644,106,31,75,6
644133654,2,1,1,1
644133661,23,11,12,8
644133663,43,22,21,16
644133664,332,157,175,100
644133671,8,7,1,3
644133672,215,115,100,103
644133673,39,16,23,15
644133674,137,62,75,68
644133681,1933,985,948,820
644133682,1088,536,552,409
644133683,750,377,373,336
644133684,1162,556,606,399
644133691,401,200,201,140
644133692,9,4,5,4
644133693,234,123,111,75
644133732,128,72,56,36
644133734,413,202,211,116
644133741,155,76,79,46
644133742,2,0,2,1
644133743,1623,806,817,497
644133744,829,391,438,289
644133751,104,30,74,8
644133752,761,370,391,60
644133753,593,294,299,208
644133754,1493,699,794,547
644133761,1722,783,939,578
644133762,1505,718,787,480
644133763,1899,893,1006,623
644133764,2385,1115,1270,831
644133771,919,438,481,402
644133772,410,204,206,162
644133773,300,140,160,126
644133774,750,344,406,275
644133781,1586,789,797,590
644133782,1669,785,884,584
644133783,1194,600,594,416
644133784,1531,753,778,497
644133791,48,22,26,14
644133792,5,3,2,2
644133793,67,28,39,20
644133794,15,9,6,9
644133801,234,114,120,69
644133803,1319,600,719,533
644133804,21,10,11,9
644133831,2,1,1,1
644133832,91,38,53,31
644133834,1367,668,699,425
644133841,730,332,398,275
644133842,1675,804,871,603
644133843,1264,607,657,456
644133844,1691,814,877,617
644133851,1339,612,727,502
644133852,1161,548,613,426
644133853,1549,726,823,525
644133854,1383,665,718,573
644133861,1396,643,753,447
644133862,2305,1031,1274,901
644133863,884,405,479,321
644133864,1646,788,858,556
644133871,1427,715,712,505
644133872,1134,550,584,368
644133873,2141,1012,1129,775
644133874,1581,771,810,523
644133881,451,224,227,136
644133882,1170,557,613,353
644133883,369,180,189,134
644133891,34,19,15,12
644133892,3,2,1,1
644133893,10,5,5,3
644133894,3,1,2,1
644133901,1555,743,812,567
644133902,751,356,395,296
644133903,1379,667,712,539
644133904,1601,728,873,595
644133913,419,210,209,164
644133931,96,51,45,27
644133932,1514,734,780,456
644133934,1020,450,570,325
644133941,1768,840,928,678
644133942,1532,743,789,578
644133943,1604,752,852,593
644133944,1181,558,623,454
644133951,1712,847,865,786
644133952,1325,633,692,603
644133953,2075,988,1087,852
644133954,1430,682,748,585
644133961,629,321,308,244
644133962,1154,572,582,398
644133963,1489,733,756,596
644133964,386,180,206,117
644133971,1005,499,506,353
644133972,835,422,413,271
644133973,592,283,309,198
644133974,675,337,338,192
644133981,385,199,186,119
644133982,39,18,21,17
644133983,111,59,52,30
644133984,13,5,8,4
644133991,9,4,5,5
644133992,26,11,15,9
644133993,14,6,8,6
644134001,7,4,3,3
644134002,5,2,3,2
644134011,2,1,1,1
644134012,1,1,0,1
644134021,5,3,2,2
644134022,4,2,2,2
644134024,10,5,5,6
644134033,19,9,10,8
644134034,5,2,3,2
644134041,14,5,9,4
644134042,2,1,1,1
644134044,5,3,2,2
644134051,102,49,53,35
644134052,790,364,426,350
644134054,668,321,347,274
644134061,1246,622,624,529
644134062,202,99,103,71
644134063,1361,648,713,502
644134064,1125,509,616,350
644134071,41,17,24,15
644134072,16,6,10,2
644134073,45,23,22,12
644134074,3,1,2,2
644134081,10,4,6,3
644134082,5,2,3,3
644134083,16,9,7,4
644134084,10,7,3,3
644134091,14,6,8,3
644134092,19,10,9,5
644134094,9,6,3,4
644134101,2,1,1,1
644134103,8,4,4,3
644134104,3,1,2,2
644134112,4,2,2,2
644134113,8,4,4,3
644134114,6,4,2,2
644134121,1,0,1,1
644134122,3,2,1,2
644134132,7,3,4,2
644134141,4,2,2,2
644134142,6,3,3,4
644134144,1,1,0,1
644134151,8,4,4,2
644134152,183,84,99,72
644134153,7,4,3,2
644134154,4,2,2,2
644134161,807,386,421,304
644134162,143,70,73,53
644134163,214,105,109,16
644134164,54,27,27,15
644134171,38,19,19,10
644134172,22,11,11,6
644134173,16,9,7,7
644134174,16,6,10,3
644134181,5,4,1,2
644134182,7,4,3,2
644134184,5,2,3,2
644134192,14,8,6,5
644134193,8,5,3,3
644134194,7,3,4,3
644134201,5,3,2,2
644134202,3,3,0,2
644134203,90,48,42,27
644134204,503,278,225,131
644134251,9,5,4,5
644134252,24,13,11,8
644134261,6,3,3,2
644134262,13,8,5,3
644134263,17,10,7,4
644134271,21,8,13,7
644134272,15,9,6,6
644134273,13,6,7,4
644134274,6,2,4,1
644134281,10,6,4,4
644134282,2,1,1,1
644134283,1,1,0,1
644134284,5,3,2,2
644134291,2,1,1,1
644134292,14,5,9,7
644134293,9,4,5,4
644134294,8,4,4,4
644134301,236,107,129,105
644134302,521,200,321,107
644134303,653,331,322,228
644134304,67,19,48,5
644134312,5,3,2,2
644134314,58,30,28,21
644134324,9,7,2,5
644134351,2,1,1,1
644134352,9,5,4,4
644134354,25,13,12,7
644134362,8,3,5,2
644134371,6,2,4,2
644134372,2,1,1,1
644134374,5,2,3,3
644134381,12,6,6,6
644134382,13,8,5,4
644134383,5,3,2,3
644134384,6,3,3,2
644134392,2,1,1,1
644134394,1,1,0,1
644134401,1678,820,858,515
644134402,12,7,5,4
644134403,71,33,38,21
644134404,3,1,2,1
644134421,9,4,5,4
644134422,17,6,11,6
644134424,198,114,84,3
644134433,89,40,49,34
644134434,385,168,217,157
644134452,24,11,13,7
644134454,50,25,25,32
644134471,5,3,2,2
644134472,15,5,10,5
644134474,11,5,6,3
644134481,1,1,0,1
644134482,8,4,4,3
644134483,8,3,5,4
644134484,13,7,6,4
644134492,2,1,1,1
644134493,1,0,1,1
644134502,7,3,4,3
644134522,20,9,11,7
644134524,35,18,17,13
644134531,806,377,429,331
644134532,1063,499,564,439
644134533,726,340,386,300
644134534,970,422,548,414
644134541,584,271,313,235
644134542,24,12,12,7
644134543,1392,647,745,553
644134544,429,192,237,185
644134552,16,8,8,7
644134553,7,2,5,4
644134554,19,11,8,9
644134572,3,1,2,2
644134582,5,4,1,3
644134583,2,1,1,1
644134584,3,1,2,1
644134591,7,3,4,1
644134592,7,5,2,2
644134594,12,7,5,3
644134602,1,0,1,1
644134603,71,23,48,1
644134614,4,2,2,1
644134622,96,43,53,37
644134631,1000,490,510,387
644134632,62,28,34,26
644134633,63,28,35,28
644134634,176,81,95,77
644134641,1296,594,702,539
644134642,801,371,430,322
644134643,1280,588,692,537
644134644,899,420,479,392
644134651,539,251,288,219
644134652,66,35,31,28
644134653,876,431,445,365
644134654,93,49,44,38
644134674,5,4,1,2
644134683,6,3,3,2
644134684,4,2,2,2
644134691,15,8,7,3
644134693,20,9,11,4
644134694,6,4,2,3
644134703,6,3,3,2
644134711,9,5,4,3
644134712,7,4,3,3
644134714,11,4,7,5
644134723,3,0,3,2
644134724,11,5,6,4
644134731,7,5,2,1
644134732,64,28,36,32
644134734,10,4,6,5
644134741,1001,452,549,429
644134742,682,299,383,292
644134743,76,35,41,32
644134744,2103,955,1148,909
644134751,804,328,476,387
644134752,263,127,136,112
644134753,827,398,429,354
644134754,1336,620,716,506
644134763,6,3,3,3
644134764,1,0,1,1
644134771,2,1,1,1
644134782,6,3,3,2
644134791,3,2,1,1
644134792,1,1,0,1
644134794,1,0,1,1
644134801,11,6,5,5
644134804,30,16,14,15
644134834,86,47,39,2
644134841,31,16,15,12
644134842,845,454,391,394
644134843,14,6,8,5
644134844,735,366,369,304
644134851,1068,575,493,539
644134852,1357,672,685,590
644134853,1058,517,541,462
644134854,1105,534,571,400
644134861,61,30,31,24
644134863,237,111,126,87
644134864,6,3,3,1
644134871,7,4,3,2
644134873,21,11,10,10
644134881,3,1,2,1
644134883,9,5,4,5
644134884,5,2,3,2
644134891,7,4,3,1
644134892,5,3,2,2
644134893,2,1,1,1
644134932,74,50,24,1
644134941,112,56,56,32
644134942,841,397,444,350
644134944,73,34,39,29
644134951,1299,627,672,494
644134952,921,455,466,274
644134953,367,180,187,147
644134954,199,89,110,62
644134964,24,13,11,8
644134972,5,3,2,2
644134973,49,26,23,19
644134974,6,5,1,2
644134981,8,5,3,4
644134982,2,1,1,1
644134983,14,9,5,4
644134984,12,6,6,3
644134991,3,3,0,1
644134992,6,4,2,2
644134993,18,7,11,6
644134994,9,2,7,2
644135002,6,3,3,1
644135004,4,2,2,2
644135011,15,8,7,6
644135013,4,2,2,2
644135024,10,4,6,3
644135032,9,5,4,2
644135033,10,5,5,3
644135042,5,3,2,2
644135053,5,2,3,1
644135072,22,10,12,5
644135073,7,3,4,2
644135081,16,8,8,4
644135101,9,5,4,2
644135102,6,2,4,2
644135103,13,7,6,5
644135104,11,7,4,4
644135112,7,3,4,2
644135113,3,2,1,1
644135114,12,6,6,3
644135121,10,5,5,2
644135122,22,12,10,5
644135131,9,3,6,2
644135133,9,3,6,2
644135134,14,6,8,3
644135141,9,5,4,3
644135143,20,6,14,5
644135144,4,1,3,1
644135151,11,7,4,2
644135172,21,13,8,10
644135174,10,5,5,5
644135183,24,14,10,7
644135184,23,12,11,7
644135201,6,4,2,3
644135202,20,10,10,5
644135203,14,6,8,3
644135204,14,6,8,4
644135212,3,1,2,1
644135213,5,2,3,2
644135214,7,4,3,2
644135224,12,8,4,5
644135231,6,3,3,2
644135232,8,4,4,2
644135233,43,21,22,11
644135234,15,8,7,8
644135241,3,2,1,1
644135243,3,2,1,1
644135244,5,2,3,2
644135252,11,5,6,2
644135253,10,6,4,2
644135254,14,7,7,3
644135261,3,1,2,1
644135263,11,5,6,2
644135264,13,5,8,3
644135272,8,5,3,4
644135274,21,12,9,4
644135292,5,2,3,2
644135301,5,2,3,2
644135303,4,3,1,1
644135311,8,4,4,2
644135312,8,4,4,3
644135314,4,3,1,1
644135321,5,3,2,1
644135322,8,5,3,2
644135323,4,2,2,1
644135324,2,1,1,1
644135331,2,1,1,1
644135332,13,8,5,4
644135334,17,8,9,5
644135342,13,6,7,3
644135343,2,1,1,1
644135352,12,6,6,3
644135353,6,3,3,1
644135354,1,1,0,1
644135362,5,2,3,1
644135371,21,11,10,5
644135373,7,5,2,2
644135374,12,4,8,4
644135383,2,1,1,1
644135384,5,2,3,2
644135401,2,1,1,1
644135403,6,3,3,2
644135411,4,1,3,3
644135412,6,2,4,2
644135413,2,2,0,1
644135414,12,7,5,4
644135422,18,9,9,4
644135423,8,4,4,3
644135424,8,4,4,2
644135431,5,2,3,2
644135432,6,4,2,1
644135433,11,5,6,2
644135441,17,7,10,5
644135442,10,6,4,2
644135444,2,1,1,1
644135451,4,2,2,1
644135454,3,1,2,3
644135462,7,3,4,2
644135463,8,4,4,1
644135464,6,3,3,2
644135471,12,8,4,2
644135472,4,2,2,2
644135473,6,3,3,2
644135474,5,3,2,3
644135481,3,3,0,2
644135483,2,1,1,1
644135501,18,10,8,5
644135512,13,5,8,2
644135522,8,4,4,2
644135523,4,2,2,2
644135524,4,1,3,1
644135531,6,2,4,1
644135532,1,0,1,1
644135533,15,8,7,5
644135534,13,8,5,4
644135541,2,1,1,1
644135542,68,33,35,27
644135543,9,5,4,3
644135544,86,38,48,28
644135551,4,2,2,2
644135552,10,5,5,4
644135553,14,7,7,4
644135561,9,3,6,3
644135562,2,1,1,1
644135563,13,7,6,4
644135571,5,2,3,1
644135573,1,1,0,1
644135574,6,3,3,3
644135583,2,1,1,1
644135601,2,1,1,1
644135603,5,3,2,2
644135604,11,4,7,3
644135612,11,7,4,4
644135613,2,1,1,1
644135614,7,3,4,2
644135622,5,2,3,2
644135623,6,1,5,2
644135624,9,5,4,3
644135631,5,3,2,2
644135632,14,5,9,5
644135633,2,2,0,1
644135641,16,7,9,5
644135643,2,1,1,1
644135644,23,12,11,5
644135651,9,4,5,2
644135652,3,1,2,1
644135653,14,10,4,4
644135654,11,7,4,3
644135661,13,7,6,2
644135662,5,2,3,1
644135663,13,4,9,3
644135671,9,5,4,2
644135673,16,9,7,5
644135681,16,7,9,5
644135682,2,0,2,1
644135683,4,2,2,2
644135694,3,2,1,1
644135701,4,2,2,2
644135704,12,5,7,3
644135712,10,5,5,5
644135713,3,1,2,1
644135714,7,3,4,2
644135721,2,1,1,1
644135722,15,7,8,5
644135723,8,3,5,3
644135724,6,3,3,2
644135741,11,4,7,3
644135742,12,5,7,5
644135744,12,6,6,3
644135751,58,26,32,8
644135753,13,7,6,3
644135754,8,3,5,2
644135762,3,1,2,1
644135772,9,4,5,4
644135774,13,7,6,3
644135781,7,3,4,1
644135782,26,16,10,11
644135783,4,2,2,2
644135784,13,7,6,5
644135791,63,30,33,25
644135793,22,11,11,10
644135801,3,2,1,1
644135802,8,4,4,4
644135803,8,4,4,4
644135804,3,2,1,2
644135811,6,4,2,1
644135812,27,13,14,8
644135814,14,5,9,3
644135821,12,3,9,3
644135822,5,1,4,3
644135823,10,4,6,3
644135824,3,2,1,1
644135831,21,8,13,6
644135832,9,4,5,3
644135834,6,2,4,2
644135841,4,2,2,2
644135842,14,8,6,4
644135843,7,4,3,2
644135844,3,1,2,1
644135851,13,6,7,4
644135852,15,8,7,3
644135853,3,2,1,2
644135862,11,5,6,3
644135863,22,11,11,10
644135864,9,5,4,3
644135871,3,1,2,1
644135872,3,1,2,1
644135873,2,1,1,1
644135874,3,2,1,1
644135881,17,10,7,6
644135882,15,7,8,5
644135883,30,14,16,10
644135884,1,1,0,1
644135901,14,7,7,6
644135902,9,5,4,3
644135903,95,48,47,33
644135904,8,5,3,4
644135911,3,1,2,2
644135913,19,9,10,6
644135914,7,3,4,2
644135921,6,3,3,1
644135923,18,9,9,6
644135924,3,1,2,1
644135931,7,4,3,2
644135932,33,16,17,9
644135934,2,1,1,1
644135941,7,4,3,2
644135942,2,1,1,1
644135944,2,0,2,1
644135951,7,3,4,2
644135952,13,6,7,3
644135953,7,2,5,4
644135954,14,7,7,3
644135961,14,6,8,5
644135962,2,1,1,1
644135963,20,12,8,5
644135964,4,2,2,2
644135971,6,2,4,1
644135972,6,2,4,3
644135974,82,36,46,37
644135981,12,7,5,3
644135982,10,5,5,3
644135983,25,7,18,9
644135984,2,1,1,1
644136001,1,1,0,1
644136011,1,0,1,1
644136012,5,4,1,5
644136013,6,3,3,2
644136014,7,3,4,2
644136024,5,3,2,3
644136032,3,2,1,1
644136033,2,1,1,1
644136042,9,5,4,2
644136044,5,3,2,2
644136051,4,1,3,1
644136052,14,7,7,4
644136072,12,6,6,4
644136073,5,3,2,2
644136092,60,38,22,40
644136094,20,9,11,8
644136104,4,1,3,2
644136112,5,3,2,2
644136113,3,2,1,1
644136121,13,7,6,5
644136123,3,2,1,1
644136124,5,4,1,2
644136131,14,7,7,5
644136133,2,1,1,1
644136134,7,4,3,3
644136142,6,2,4,4
644136144,33,16,17,7
644136151,17,8,9,4
644136152,19,7,12,6
644136154,10,2,8,2
644136161,3,1,2,1
644136162,7,3,4,1
644136163,2,1,1,1
644136173,4,2,2,1
644136174,5,3,2,1
644136191,4,2,2,1
644136192,4,1,3,1
644136193,3,2,1,1
644136203,8,5,3,2
644136211,5,3,2,1
644136214,5,3,2,2
644136221,7,3,4,2
644136222,2,1,1,2
644136223,8,3,5,2
644136224,7,3,4,1
644136231,5,2,3,3
644136232,1,0,1,1
644136234,1,1,0,1
644136241,9,4,5,4
644136243,81,39,42,32
644136244,134,61,73,47
644136251,3,1,2,1
644136252,6,3,3,3
644136253,4,3,1,1
644136254,3,1,2,1
644136261,13,7,6,4
644136262,4,2,2,2
644136264,18,9,9,5
644136271,5,1,4,1
644136273,5,3,2,1
644136274,6,4,2,3
644136281,2,1,1,1
644136282,4,2,2,1
644136283,5,2,3,1
644136284,17,8,9,4
644136292,12,5,7,3
644136294,23,9,14,7
644136302,2,1,1,1
644136304,2,1,1,1
644136311,27,14,13,8
644136313,6,3,3,2
644136314,10,5,5,4
644136321,8,5,3,2
644136323,3,2,1,1
644136324,12,6,6,4
644136331,20,6,14,6
644136332,27,14,13,8
644136333,16,8,8,6
644136334,2,1,1,2
644136341,256,123,133,114
644136342,86,41,45,38
644136343,196,98,98,89
644136344,86,43,43,39
644136352,2,1,1,1
644136353,22,12,10,7
644136354,17,4,13,5
644136361,3,1,2,1
644136363,39,19,20,7
644136364,3,1,2,1
644136374,4,2,2,1
644136381,10,4,6,4
644136382,7,5,2,1
644136384,16,10,6,4
644136391,17,9,8,6
644136394,14,6,8,3
644136411,11,5,6,4
644136413,7,4,3,3
644136421,4,2,2,1
644136423,11,5,6,4
644136424,6,1,5,2
644136431,10,4,6,2
644136432,7,3,4,3
644136433,8,5,3,2
644136434,22,10,12,7
644136441,43,19,24,18
644136442,11,5,6,4
644136443,3,1,2,2
644136451,6,3,3,3
644136454,21,9,12,7
644136463,5,2,3,2
644136464,7,3,4,2
644136472,24,13,11,6
644136473,5,3,2,1
644136474,15,6,9,3
644136481,12,5,7,5
644136482,3,2,1,2
644136483,3,1,2,1
644136484,9,5,4,3
644136491,19,11,8,4
644136493,18,8,10,4
644136513,11,7,4,3
644136521,6,4,2,2
644136522,2,1,1,1
644136523,9,4,5,2
644136524,8,4,4,2
644136532,9,3,6,5
644136533,2,1,1,1
644136534,8,5,3,3
644136541,1,1,0,1
644136542,11,3,8,5
644136543,1,1,0,1
644136551,25,13,12,7
644136553,4,2,2,2
644136554,1,0,1,1
644136562,5,3,2,1
644136564,6,3,3,1
644136571,28,14,14,7
644136572,9,4,5,2
644136573,20,12,8,4
644136574,2,1,1,1
644136582,11,5,6,2
644136583,12,6,6,3
644136584,6,4,2,1
644136591,14,9,5,4
644136592,7,5,2,3
644136621,6,2,4,2
644136622,10,4,6,2
644136623,9,4,5,3
644136624,4,1,3,2
644136631,5,2,3,1
644136632,8,4,4,4
644136633,25,15,10,15
644136634,19,9,10,8
644136641,10,3,7,4
644136642,2,1,1,1
644136644,2,1,1,2
644136651,19,11,8,5
644136652,7,3,4,2
644136653,17,7,10,4
644136654,6,3,3,3
644136661,2,1,1,1
644136663,14,7,7,4
644136664,2,1,1,1
644136671,13,6,7,4
644136672,3,1,2,1
644136673,10,3,7,4
644136674,8,3,5,2
644136681,11,6,5,2
644136682,2,1,1,1
644136683,4,1,3,1
644136692,1,1,0,1
644136693,5,3,2,2
644136694,7,4,3,1
644136721,9,5,4,2
644136722,12,5,7,4
644136723,14,6,8,3
644136724,15,8,7,4
644136731,6,2,4,2
644136732,18,9,9,5
644136733,11,6,5,2
644136734,13,7,6,2
644136741,2,1,1,1
644136742,14,6,8,5
644136744,5,3,2,1
644136751,10,4,6,2
644136752,7,2,5,2
644136754,2,1,1,1
644136762,14,9,5,4
644136763,7,3,4,1
644136764,13,6,7,3
644136771,7,3,4,1
644136772,17,7,10,3
644136773,5,3,2,2
644136774,11,6,5,3
644136783,7,4,3,1
644136791,3,1,2,1
644136792,9,5,4,4
644136793,2,1,1,1
644136794,8,3,5,1
644136812,4,2,2,2
644136813,4,2,2,2
644136814,6,4,2,1
644136824,20,8,12,4
644136831,8,3,5,3
644136832,4,2,2,1
644136833,23,13,10,8
644136841,7,3,4,3
644136842,13,6,7,3
644136843,9,6,3,2
644136844,14,7,7,5
644136851,5,2,3,1
644136852,6,3,3,2
644136854,12,7,5,3
644136861,16,9,7,3
644136862,15,7,8,2
644136863,13,7,6,3
644136864,23,13,10,6
644136871,1,1,0,1
644136874,15,7,8,4
644136883,6,1,5,2
644136884,3,2,1,1
644136891,6,2,4,2
644136892,6,3,3,1
644136893,14,7,7,3
644136894,6,3,3,1
644136911,5,3,2,1
644136912,8,5,3,2
644136922,5,3,2,2
644136924,6,3,3,3
644136931,9,5,4,2
644136932,12,4,8,5
644136933,36,19,17,13
644136934,14,7,7,5
644136942,30,17,13,7
644136943,3,2,1,1
644136951,13,7,6,3
644136953,6,4,2,1
644136954,17,9,8,4
644136961,8,3,5,3
644136962,14,8,6,4
644136963,5,3,2,1
644136972,12,4,8,3
644136973,2,1,1,1
644136981,16,7,9,5
644136982,2,1,1,1
644136983,3,1,2,1
644136991,12,5,7,5
644136992,9,4,5,2
644136993,13,5,8,2
644136994,7,4,3,2
644137001,13,7,6,6
644137003,3,1,2,2
644137011,34,17,17,16
644137012,10,7,3,7
644137013,5,2,3,2
644137021,17,9,8,8
644137022,2,1,1,1
644137023,8,5,3,3
644137102,26,15,11,7
644137103,6,3,3,2
644137104,8,3,5,2
644137112,7,3,4,3
644137113,2,2,0,1
644137114,2,1,1,1
644137202,7,3,4,2
644137211,4,2,2,2
644137302,5,3,2,1
644137303,2,1,1,1
644137304,3,2,1,1
644137313,4,2,2,2
644137401,12,6,6,3
644137402,5,2,3,2
644137403,2,1,1,1
644137404,2,0,2,2
644137411,2,1,1,1
644137414,7,2,5,2
644137501,6,4,2,3
644137504,6,2,4,1
644137511,5,3,2,2
644137512,3,1,2,1
644137521,4,2,2,1
644137602,6,3,3,2
644137603,13,5,8,3
644137604,5,3,2,2
644137613,2,1,1,1
644137621,2,1,1,1
644137701,1,1,0,1
644137702,7,3,4,2
644137703,8,5,3,2
644137711,5,2,3,2
644137782,12,7,5,3
644137791,1,0,1,1
644137792,3,2,1,2
644137794,3,2,1,1
644137801,6,2,4,2
644137802,10,4,6,2
644137803,18,9,9,6
644137892,62,30,32,30
644137901,5,2,3,2
644141682,8,5,3,3
644141683,104,42,62,12
644141684,29,16,13,14
644141692,29,12,17,12
644141693,125,56,69,17
644141694,1509,675,834,483
644141791,14,7,7,3
644141792,1086,497,589,403
644141794,324,164,160,102
644142032,5,3,2,2
644142034,4,4,0,1
644142041,19,9,10,8
644142043,27,12,15,16
644142044,88,43,45,26
644142051,197,93,104,81
644142052,1546,716,830,639
644142053,207,112,95,14
644142054,938,432,506,381
644142061,1072,492,580,456
644142062,1120,492,628,476
644142063,847,412,435,346
644142064,106,52,54,40
644142071,37,17,20,17
644142072,1688,759,929,898
644142073,519,238,281,219
644142074,1364,609,755,660
644142081,1800,915,885,889
644142082,169,147,22,12
644142083,1132,715,417,420
644142084,115,100,15,6
644142091,1429,665,764,628
644142092,1699,779,920,730
644142093,1913,849,1064,1115
644142094,1337,639,698,552
644142134,16,9,7,7
644142141,189,87,102,79
644142142,134,64,70,59
644142143,49,26,23,16
644142144,72,36,36,30
644142151,31,14,17,15
644142152,224,63,161,26
644142153,86,40,46,29
644142154,1,0,1,1
644142161,77,35,42,33
644142162,154,75,79,61
644142171,303,151,152,135
644142172,1512,721,791,713
644142174,1741,833,908,818
644142181,281,176,105,112
644142182,584,295,289,243
644142183,469,224,245,225
644142184,2034,975,1059,1140
644142191,2954,1319,1635,1508
644142192,1733,829,904,808
644142193,3079,1401,1678,1838
644142194,2983,1369,1614,1655
644142231,2,2,0,1
644142232,137,66,71,50
644142233,33,14,19,14
644142234,1,0,1,1
644142242,26,14,12,14
644142272,759,369,390,377
644142273,990,451,539,440
644142274,1360,660,700,598
644142281,911,466,445,411
644142282,3112,1475,1637,1473
644142283,1560,764,796,765
644142284,2213,1063,1150,1127
644142291,3022,1320,1702,1765
644142292,2273,993,1280,1107
644142293,2007,964,1043,1097
644142294,2444,1115,1329,1237
644142322,2,1,1,1
644142323,109,26,83,10
644142331,15,9,6,7
644142332,7,2,5,2
644142333,2,1,1,1
644142334,11,4,7,4
644142354,141,64,77,53
644142362,386,162,224,223
644142363,204,97,107,76
644142364,934,396,538,391
644142371,2442,1100,1342,1137
644142372,2105,1064,1041,898
644142373,2665,1223,1442,1068
644142374,3039,1375,1664,1423
644142381,1301,604,697,557
644142382,2270,1054,1216,1191
644142383,815,381,434,371
644142384,2146,1057,1089,1218
644142391,2842,1315,1527,1484
644142392,3712,1600,2112,2397
644142393,4023,1855,2168,2079
644142394,3501,1533,1968,2144
644142411,79,60,19,3
644142421,1,1,0,1
644142422,7,4,3,2
644142424,10,4,6,4
644142432,13,6,7,5
644142433,53,28,25,30
644142441,167,82,85,64
644142442,24,11,13,8
644142443,1387,494,893,214
644142444,46,18,28,22
644142451,518,242,276,201
644142452,636,161,475,59
644142453,361,165,196,95
644142454,2095,967,1128,819
644142461,1133,522,611,471
644142462,3313,1470,1843,1430
644142463,3134,1418,1716,1322
644142464,2822,1275,1547,1183
644142471,3400,1516,1884,1574
644142472,3220,1427,1793,1666
644142473,2970,1337,1633,1434
644142474,3508,1545,1963,1871
644142481,1751,782,969,830
644142482,2886,1289,1597,1941
644142483,2120,913,1207,1251
644142484,2422,1053,1369,1626
644142491,3895,1697,2198,2430
644142492,3629,1606,2023,2286
644142493,3755,1680,2075,1982
644142494,3564,1724,1840,2257
644142502,90,36,54,33
644142504,351,174,177,132
644142512,2,2,0,1
644142513,485,224,261,161
644142514,31,16,15,11
644142521,2,1,1,1
644142523,7,3,4,2
644142524,10,5,5,5
644142531,1008,415,593,315
644142532,243,116,127,90
644142533,510,201,309,198
644142534,810,376,434,322
644142541,832,347,485,318
644142542,1109,538,571,359
644142543,623,288,335,260
644142544,188,91,97,80
644142551,699,311,388,291
644142552,2152,972,1180,806
644142554,2422,1094,1328,1161
644142561,3273,1473,1800,1428
644142562,3291,1522,1769,1566
644142563,3401,1545,1856,1575
644142564,3022,1325,1697,1573
644142571,3277,1504,1773,1873
644142572,4305,1959,2346,2686
644142573,3906,1815,2091,2727
644142574,4787,2135,2652,3430
644142581,1500,674,826,917
644142582,2833,1385,1448,1865
644142583,2595,1201,1394,1823
644142584,1358,684,674,1043
644142591,2793,1395,1398,1669
644142592,3750,1718,2032,2096
644142593,2609,1275,1334,1698
644142594,2720,1252,1468,1484
644142601,422,199,223,154
644142602,173,83,90,76
644142603,1829,840,989,649
644142604,1130,518,612,424
644142611,1660,792,868,660
644142612,377,166,211,146
644142613,1150,552,598,446
644142614,1042,493,549,437
644142623,21,8,13,13
644142631,52,27,25,21
644142632,537,245,292,210
644142633,754,247,507,113
644142634,734,329,405,274
644142641,348,150,198,138
644142643,1486,695,791,621
644142644,939,436,503,470
644142651,1290,567,723,670
644142652,3667,1649,2018,2040
644142653,2414,1098,1316,1316
644142654,4456,1881,2575,2671
644142661,3352,1467,1885,1881
644142662,4215,1925,2290,2793
644142663,3621,1576,2045,2354
644142664,1701,712,989,1045
644142671,5022,2417,2605,3836
644142672,4524,2186,2338,3541
644142673,2270,967,1303,1603
644142674,2444,1126,1318,1693
644142681,1721,853,868,1354
644142682,1888,925,963,1359
644142683,159,71,88,118
644142684,3360,1568,1792,2621
644142691,2902,1338,1564,1621
644142692,2911,1359,1552,1845
644142693,2577,1198,1379,1856
644142694,4365,1991,2374,2716
644142701,1444,681,763,587
644142702,1499,666,833,599
644142703,1423,673,750,543
644142704,1770,836,934,685
644142711,1297,624,673,521
644142712,1562,730,832,623
644142713,1784,824,960,705
644142714,1510,685,825,584
644142721,301,141,160,117
644142722,236,134,102,7
644142723,926,425,501,400
644142724,109,54,55,53
644142731,611,286,325,252
644142732,1589,741,848,685
644142733,1625,758,867,583
644142734,2339,1090,1249,1019
644142741,2537,1190,1347,1025
644142742,3596,1547,2049,1900
644142743,2759,1283,1476,1228
644142744,3249,1489,1760,1681
644142751,3433,1456,1977,1984
644142752,3819,1707,2112,2115
644142753,3914,1673,2241,2135
644142754,3993,1798,2195,2141
644142761,2529,1118,1411,1506
644142762,1801,798,1003,1110
644142763,2961,1365,1596,1789
644142764,3359,1452,1907,1921
644142771,298,128,170,210
644142772,637,285,352,477
644142773,1882,894,988,1136
644142774,346,148,198,209
644142781,15,8,7,10
644142782,2799,1264,1535,1878
644142783,7,4,3,3
644142784,2414,1105,1309,1790
644142791,2408,1059,1349,1360
644142792,2747,1163,1584,1761
644142793,1752,765,987,990
644142794,2564,1178,1386,1306
644142801,10,5,5,2
644142802,1224,570,654,465
644142803,29,13,16,9
644142804,1459,688,771,528
644142811,2041,948,1093,817
644142812,1858,833,1025,782
644142813,1673,801,872,676
644142814,1964,923,1041,790
644142821,1594,719,875,685
644142822,544,244,300,171
644142823,1362,642,720,563
644142824,1536,716,820,741
644142831,1661,778,883,744
644142832,3315,1543,1772,1593
644142833,2291,1086,1205,932
644142834,3463,1592,1871,1821
644142841,2961,1336,1625,1497
644142842,2025,998,1027,1066
644142843,4280,1969,2311,2808
644142844,3586,1644,1942,2157
644142851,2820,1243,1577,1595
644142852,1597,761,836,845
644142853,2108,968,1140,1237
644142854,62,28,34,39
644142861,2942,1421,1521,1466
644142862,2527,1213,1314,1169
644142863,2294,1083,1211,1036
644142864,1086,524,562,492
644142871,1531,750,781,861
644142872,1670,723,947,1093
644142874,2074,1071,1003,1557
644142881,639,299,340,386
644142882,1892,869,1023,1175
644142883,3730,1768,1962,2612
644142884,3302,1567,1735,1733
644142891,1675,803,872,732
644142892,1305,611,694,594
644142893,3339,1485,1854,1890
644142894,966,468,498,494
644142902,222,113,109,88
644142904,333,162,171,125
644142911,855,389,466,335
644142912,1781,823,958,739
644142913,511,248,263,198
644142914,2626,1176,1450,1095
644142921,2077,924,1153,881
644142922,3111,1415,1696,1435
644142923,2954,1367,1587,1208
644142924,2139,1026,1113,1046
644142931,2155,998,1157,1101
644142932,2816,1291,1525,1487
644142933,2641,1173,1468,1463
644142934,2992,1387,1605,1462
644142941,4588,1929,2659,2895
644142942,4284,1855,2429,2325
644142943,4045,1807,2238,2150
644142944,4084,1772,2312,2053
644142951,1138,451,687,474
644142952,242,116,126,100
644142953,2890,1370,1520,1417
644142954,1492,735,757,712
644142961,808,492,316,398
644142962,178,89,89,106
644142963,750,385,365,299
644142964,277,254,23,4
644142972,2896,1688,1208,2272
644142973,1103,576,527,851
644142974,4165,2129,2036,3192
644142981,3487,1843,1644,2377
644142982,2732,1255,1477,1633
644142983,2572,1324,1248,1651
644142984,3057,1399,1658,1480
644142991,4895,1971,2924,2865
644142992,2821,1310,1511,1673
644142993,2463,1184,1279,1464
644142994,3286,1498,1788,1885
644143001,1899,912,987,752
644143002,1573,749,824,699
644143003,1859,876,983,796
644143004,1425,691,734,681
644143011,1182,548,634,460
644143012,5,3,2,2
644143013,1744,829,915,745
644143014,774,363,411,292
644143031,4,3,1,4
644143032,10,5,5,7
644143033,102,56,46,40
644143041,1888,866,1022,1138
644143042,950,454,496,448
644143043,1183,550,633,558
644143044,424,203,221,199
644143051,1101,528,573,393
644143052,1749,803,946,597
644143053,815,374,441,360
644143054,1592,732,860,608
644143061,1318,576,742,460
644143062,923,415,508,329
644143063,1938,921,1017,725
644143064,1242,590,652,418
644143071,278,129,149,93
644143072,1509,721,788,448
644143073,32,15,17,12
644143074,1402,655,747,456
644143081,697,311,386,213
644143083,1467,700,767,497
644143091,5,2,3,2
644143093,224,75,149,4
644143101,863,442,421,414
644143102,707,327,380,332
644143103,1562,754,808,664
644143104,1006,489,517,473
644143111,2276,1134,1142,997
644143112,1568,738,830,644
644143113,1623,749,874,641
644143114,1473,673,800,626
644143121,306,151,155,122
644143123,1922,869,1053,755
644143124,18,5,13,5
644143132,648,310,338,266
644143133,592,296,296,220
644143134,2364,1085,1279,1031
644143141,1824,860,964,681
644143142,1386,671,715,612
644143143,1508,748,760,609
644143144,1426,701,725,529
644143151,1030,500,530,388
644143152,1323,639,684,491
644143153,1309,620,689,494
644143154,1859,887,972,699
644143161,1760,811,949,667
644143162,1583,755,828,548
644143163,1815,855,960,677
644143164,1541,735,806,528
644143171,1151,546,605,390
644143172,1577,731,846,538
644143173,1004,469,535,330
644143174,1393,632,761,494
644143181,2025,935,1090,705
644143183,1763,818,945,618
644143184,794,445,349,302
644143191,2,0,2,1
644143192,262,132,130,81
644143193,119,55,64,39
644143194,637,311,326,185
644143201,890,433,457,358
644143202,1988,952,1036,829
644143203,1543,736,807,793
644143204,2264,1099,1165,1073
644143211,1898,860,1038,820
644143212,2360,1102,1258,1054
644143213,2432,1100,1332,1096
644143214,2543,1169,1374,1223
644143221,2534,1164,1370,1171
644143222,2332,1068,1264,1084
644143223,2067,984,1083,904
644143224,1011,474,537,447
644143231,1742,817,925,672
644143232,1618,769,849,603
644143233,683,329,354,300
644143234,1756,795,961,649
644143241,1561,759,802,584
644143242,2190,1060,1130,852
644143243,1889,891,998,739
644143244,1990,945,1045,819
644143251,1773,820,953,693
644143252,1484,698,786,613
644143253,1743,880,863,858
644143254,1226,575,651,437
644143261,1954,918,1036,756
644143262,1499,702,797,553
644143263,1855,868,987,780
644143264,1505,642,863,500
644143271,1042,495,547,377
644143272,1450,671,779,537
644143273,1524,706,818,596
644143274,1257,599,658,494
644143281,982,463,519,370
644143282,297,150,147,107
644143283,1099,529,570,424
644143284,763,359,404,291
644143291,703,336,367,222
644143292,1183,581,602,435
644143293,1119,543,576,377
644143294,437,195,242,174
644143301,3298,1560,1738,1722
644143302,2250,1015,1235,813
644143303,3019,1390,1629,1501
644143304,880,442,438,438
644143311,2864,1337,1527,1326
644143312,2546,1160,1386,1347
644143313,2311,1025,1286,1071
644143314,3369,1454,1915,1755
644143321,2569,1127,1442,1253
644143322,728,338,390,271
644143323,1925,880,1045,948
644143324,2278,1064,1214,901
644143331,90,38,52,43
644143332,1244,561,683,459
644143333,1506,740,766,693
644143334,2820,1371,1449,1407
644143341,2345,1124,1221,1146
644143342,2082,935,1147,1065
644143343,3155,1534,1621,1794
644143344,2911,1318,1593,1518
644143351,2505,1186,1319,1290
644143352,777,394,383,404
644143353,1355,633,722,645
644143361,3260,1445,1815,1487
644143362,3876,1735,2141,1581
644143363,836,390,446,521
644143364,1920,896,1024,978
644143371,1690,794,896,736
644143372,1472,706,766,576
644143373,4217,1906,2311,2105
644143374,2233,966,1267,1151
644143381,1118,500,618,469
644143382,1417,650,767,508
644143383,2099,976,1123,931
644143384,1177,557,620,444
644143391,1441,626,815,602
644143392,3196,1444,1752,1410
644143393,1789,785,1004,801
644143394,1715,721,994,843
644143401,3400,1613,1787,1953
644143402,3401,1680,1721,1799
644143403,3452,1650,1802,1970
644143404,3143,1490,1653,1785
644143411,2920,1332,1588,1475
644143412,2673,1248,1425,1436
644143413,2601,1254,1347,1481
644143414,2451,1201,1250,1244
644143421,3298,1594,1704,1613
644143422,3227,1560,1667,1878
644143423,2447,1192,1255,1318
644143424,3274,1436,1838,2050
644143431,2986,1432,1554,1680
644143432,3509,1604,1905,2132
644143433,3581,1620,1961,2077
644143434,3624,1747,1877,2138
644143441,2324,1155,1169,1338
644143442,2160,1038,1122,1047
644143443,1438,697,741,690
644143444,1482,702,780,620
644143451,194,97,97,102
644143453,783,389,394,329
644143461,191,99,92,101
644143462,1660,776,884,848
644143464,2183,1082,1101,997
644143471,3354,1450,1904,1710
644143472,1727,740,987,881
644143473,2685,1257,1428,1294
644143474,898,382,516,497
644143481,2236,978,1258,1097
644143482,2615,1144,1471,1117
644143483,2186,981,1205,1030
644143484,1385,619,766,528
644143491,2577,1175,1402,1188
644143492,943,415,528,458
644143493,1501,670,831,640
644143494,1002,449,553,446
644143501,1467,669,798,806
644143502,2883,1417,1466,1602
644143503,3728,1761,1967,2082
644143504,3129,1390,1739,1541
644143511,3247,1480,1767,1739
644143512,3054,1443,1611,1874
644143513,3463,1607,1856,2105
644143514,3964,1760,2204,2321
644143521,2303,1034,1269,1174
644143522,3292,1539,1753,1941
644143523,3357,1542,1815,1812
644143524,2791,1323,1468,1381
644143531,2625,1225,1400,1469
644143532,2077,975,1102,962
644143533,2060,984,1076,940
644143534,2053,1018,1035,889
644143541,1513,718,795,711
644143542,1188,573,615,476
644143543,1130,551,579,493
644143544,878,418,460,366
644143551,557,276,281,267
644143552,422,190,232,160
644143553,1790,857,933,784
644143554,2205,1020,1185,894
644143561,772,374,398,286
644143562,1612,768,844,708
644143563,1546,748,798,585
644143564,1966,930,1036,840
644143571,3261,1540,1721,1623
644143572,2047,966,1081,1022
644143573,1780,830,950,784
644143574,1438,649,789,557
644143581,1460,668,792,613
644143582,2085,956,1129,817
644143583,995,468,527,390
644143584,1685,764,921,584
644143591,1764,841,923,676
644143592,269,121,148,100
644143593,1602,718,884,409
644143601,2901,1322,1579,1470
644143602,2709,1201,1508,1689
644143603,2687,1230,1457,1662
644143604,2468,1152,1316,1215
644143611,4474,2079,2395,2509
644143612,2777,1355,1422,1411
644143613,1186,568,618,639
644143614,1021,500,521,527
644143621,1973,929,1044,964
644143622,3046,1405,1641,1528
644143623,1962,960,1002,864
644143624,3210,1599,1611,1514
644143631,3065,1458,1607,1348
644143632,2201,1058,1143,955
644143633,2251,1082,1169,1047
644143634,2312,1119,1193,1049
644143641,1938,968,970,835
644143642,1948,897,1051,727
644143643,1685,843,842,710
644143644,1915,947,968,735
644143651,1860,896,964,765
644143652,1245,597,648,486
644143653,1392,667,725,526
644143654,446,211,235,159
644143661,1365,662,703,481
644143662,1111,534,577,432
644143663,31,14,17,9
644143664,388,186,202,125
644143671,1582,756,826,628
644143672,1115,546,569,410
644143673,1015,466,549,292
644143674,1569,742,827,566
644143681,1667,786,881,624
644143682,1073,503,570,390
644143683,1702,787,915,701
644143684,1084,529,555,411
644143691,1067,490,577,405
644143693,434,197,237,167
644143701,2842,1331,1511,1663
644143702,1379,674,705,691
644143703,887,418,469,481
644143704,2159,1059,1100,996
644143711,1534,759,775,706
644143712,1067,512,555,498
644143713,1251,594,657,587
644143714,813,387,426,329
644143721,962,506,456,334
644143722,1994,951,1043,951
644143723,2029,1005,1024,876
644143724,2218,1078,1140,908
644143731,2198,1041,1157,934
644143732,2005,967,1038,838
644143733,2180,1063,1117,899
644143734,2570,1227,1343,1045
644143741,2025,991,1034,783
644143742,1787,856,931,620
644143743,1690,820,870,627
644143744,1029,503,526,362
644143751,988,467,521,318
644143752,85,40,45,30
644143753,445,211,234,132
644143754,96,48,48,41
644143762,125,47,78,28
644143764,76,35,41,29
644143771,203,35,168,2
644143772,840,377,463,276
644143774,766,363,403,222
644143781,2211,1016,1195,822
644143782,1973,964,1009,939
644143783,1177,562,615,423
644143784,936,454,482,461
644143791,445,271,174,299
644143792,24,11,13,10
644143793,577,348,229,466
644143794,1382,808,574,999
644143801,699,326,373,295
644143802,79,37,42,40
644143803,420,189,231,191
644143804,837,414,423,322
644143811,562,270,292,256
644143812,891,434,457,400
644143813,847,404,443,355
644143814,396,202,194,182
644143821,1384,688,696,586
644143822,1630,809,821,652
644143823,631,326,305,279
644143824,1926,941,985,834
644143831,962,489,473,442
644143832,1794,836,958,744
644143833,1575,761,814,638
644143834,70,29,41,38
644143841,873,445,428,341
644143842,56,31,25,22
644143843,76,38,38,37
644143844,49,24,25,21
644143851,240,131,109,4
644143852,594,258,336,42
644143853,183,105,78,8
644143854,31,14,17,14
644143862,43,21,22,15
644143863,3,1,2,1
644143864,72,37,35,26
644143872,50,30,20,15
644143881,1277,616,661,362
644143882,1161,566,595,526
644143883,143,69,74,48
644143884,1077,506,571,426
644143891,882,464,418,599
644143892,1799,992,807,1283
644143893,1772,810,962,790
644143894,1433,708,725,1028
644143901,2522,1186,1336,1189
644143902,2749,1279,1470,1158
644143903,1798,831,967,921
644143904,2135,1041,1094,1003
644143911,1968,949,1019,899
644143912,1639,756,883,686
644143913,2191,1029,1162,870
644143914,2667,2189,478,470
644143921,646,282,364,199
644143922,922,455,467,393
644143923,582,248,334,254
644143924,132,63,69,57
644143931,979,479,500,425
644143932,11,6,5,4
644143933,92,46,46,38
644143934,263,133,130,93
644143941,24,11,13,12
644143943,12,4,8,4
644143944,59,29,30,19
644143952,104,27,77,2
644143953,39,18,21,14
644143954,96,51,45,39
644143961,7,3,4,1
644143962,7,5,2,2
644143964,12,5,7,3
644143973,4,2,2,2
644143974,95,12,83,2
644143982,539,253,286,202
644143984,46,23,23,13
644143991,1310,616,694,675
644143992,1241,557,684,557
644143993,783,357,426,300
644143994,1426,652,774,702
644144011,13,7,6,4
644144012,55,27,28,18
644144013,9,4,5,4
644144014,31,16,15,13
644144023,81,37,44,33
644144034,10,6,4,4
644144042,90,51,39,40
644144043,12,8,4,4
644144044,7,4,3,4
644144051,53,22,31,22
644144052,6,3,3,2
644144053,7,6,1,6
644144054,4,1,3,1
644144062,1,1,0,1
644144072,26,13,13,8
644144073,10,6,4,3
644144074,8,4,4,3
644144081,4,2,2,2
644144083,8,5,3,2
644144084,6,3,3,2
644144091,7,4,3,3
644144092,5,3,2,2
644144094,1,0,1,1
644144101,3,2,1,2
644144102,51,11,40,12
644144103,1054,498,556,422
644144104,710,353,357,261
644144111,105,26,79,4
644144112,10,4,6,4
644144113,16,8,8,6
644144121,17,7,10,9
644144123,10,4,6,3
644144132,2,1,1,1
644144133,2,0,2,1
644144142,11,7,4,4
644144144,9,4,5,2
644144151,23,11,12,8
644144152,26,14,12,7
644144153,16,9,7,7
644144162,7,2,5,2
644144171,7,4,3,2
644144172,16,7,9,4
644144173,12,7,5,4
644144174,3,1,2,2
644144182,8,3,5,3
644144183,11,4,7,3
644144184,15,7,8,4
644144191,3,2,1,1
644144192,12,6,6,4
644144193,5,3,2,2
644144194,6,3,3,3
644144201,833,395,438,352
644144202,43,22,21,15
644144203,449,206,243,185
644144204,9,3,6,5
644144212,3,3,0,1
644144221,3,2,1,1
644144232,5,3,2,2
644144233,5,3,2,2
644144234,8,4,4,3
644144242,11,4,7,3
644144244,52,22,30,4
644144251,5,3,2,1
644144254,15,8,7,4
644144262,11,5,6,3
644144264,36,16,20,11
644144271,2,1,1,1
644144272,3,1,2,1
644144274,2,1,1,1
644144281,3,1,2,1
644144283,12,5,7,5
644144284,2,1,1,1
644144291,6,3,3,2
644144294,12,7,5,4
644144301,743,332,411,316
644144303,33,14,19,12
644144342,14,7,7,4
644144343,21,11,10,6
644144344,9,5,4,3
644144353,10,4,6,2
644144362,3,2,1,1
644144363,4,2,2,2
644144364,3,2,1,1
644144371,20,11,9,6
644144372,375,175,200,132
644144373,14,8,6,5
644144374,62,27,35,26
644144381,69,36,33,21
644144382,38,22,16,7
644144383,20,10,10,6
644144384,2,1,1,1
644144393,15,8,7,3
644144394,5,2,3,1
644144401,7,4,3,3
644144403,107,23,84,5
644144432,5,3,2,2
644144441,24,11,13,8
644144443,14,5,9,5
644144452,3,2,1,1
644144461,4,1,3,1
644144462,18,9,9,7
644144463,10,5,5,2
644144464,2,1,1,1
644144471,11,6,5,3
644144472,11,6,5,3
644144481,1,1,0,1
644144483,4,1,3,1
644144484,8,5,3,3
644144491,4,2,2,2
644144493,32,17,15,7
644144494,8,4,4,3
644144501,2,1,1,1
644144534,29,13,16,11
644144541,28,12,16,8
644144542,3,2,1,1
644144543,13,6,7,5
644144553,32,18,14,9
644144562,1,1,0,1
644144564,3,1,2,1
644144571,29,11,18,6
644144574,4,2,2,1
644144581,5,2,3,1
644144583,4,3,1,1
644144592,6,2,4,2
644144593,9,5,4,3
644144594,16,8,8,6
644144632,35,16,19,11
644144634,26,11,15,11
644144644,16,7,9,5
644144651,4,1,3,1
644144653,2,1,1,1
644144654,3,1,2,1
644144664,6,1,5,1
644144671,8,5,3,2
644144672,9,4,5,4
644144674,7,4,3,2
644144681,4,2,2,1
644144682,11,5,6,4
644144683,12,6,6,4
644144684,21,11,10,6
644144691,6,2,4,3
644144693,12,7,5,5
644144701,486,246,240,219
644144702,281,127,154,109
644144703,1279,680,599,529
644144704,69,38,31,34
644144722,6,4,2,1
644144731,10,5,5,4
644144732,12,6,6,5
644144734,17,9,8,6
644144741,2,1,1,1
644144752,6,3,3,2
644144754,6,2,4,1
644144761,13,9,4,6
644144762,16,8,8,6
644144772,12,7,5,3
644144781,2,1,1,1
644144782,13,7,6,3
644144783,27,11,16,11
644144784,1,1,0,1
644144791,19,11,8,4
644144792,7,3,4,4
644144793,5,4,1,3
644144794,1,1,0,1
644144801,12,2,10,12
644144803,53,26,27,25
644144804,126,126,0,1
644144831,5,3,2,2
644144832,95,55,40,15
644144833,4,1,3,1
644144834,16,9,7,6
644144841,4,2,2,2
644144843,9,5,4,3
644144852,13,6,7,4
644144854,3,1,2,1
644144862,6,3,3,2
644144863,2,1,1,1
644144864,23,10,13,8
644144872,5,4,1,4
644144893,5,3,2,2
644144894,16,9,7,4
644144901,1058,487,571,485
644144902,142,66,76,60
644144903,1735,800,935,767
644144904,1260,622,638,570
644144911,249,71,178,3
644144912,126,53,73,48
644144913,272,135,137,120
644144914,1450,766,684,616
644144922,100,100,0,3
644144923,566,276,290,240
644144924,972,527,445,490
644144931,11,6,5,5
644144932,36,17,19,16
644144933,1209,596,613,468
644144934,53,29,24,18
644144941,14,7,7,4
644144943,16,7,9,7
644144963,89,17,72,1
644144964,6,4,2,1
644144971,2,1,1,1
644144972,14,5,9,5
644144981,8,4,4,3
644144982,12,7,5,3
644144992,6,3,3,1
644144993,3,2,1,1
644145002,15,9,6,6
644145003,19,7,12,4
644145004,5,3,2,2
644145011,4,2,2,2
644145012,2,1,1,1
644145013,7,4,3,2
644145014,5,3,2,2
644145022,2,1,1,1
644145023,5,3,2,2
644145024,7,3,4,2
644145032,15,6,9,4
644145033,11,7,4,4
644145034,9,5,4,3
644145041,7,3,4,4
644145042,8,5,3,3
644145043,17,7,10,6
644145044,86,42,44,39
644145052,140,75,65,49
644145053,198,85,113,62
644145054,834,382,452,365
644145061,346,166,180,133
644145062,80,37,43,41
644145063,672,334,338,259
644145064,160,73,87,69
644145071,56,28,28,19
644145072,2,1,1,1
644145073,31,15,16,13
644145074,5,2,3,2
644145081,73,20,53,2
644145082,57,51,6,3
644145091,29,27,2,1
644145102,2,1,1,1
644145103,10,6,4,2
644145104,9,5,4,3
644145111,14,7,7,6
644145113,3,2,1,2
644145114,12,8,4,5
644145121,5,2,3,3
644145122,6,4,2,2
644145123,8,4,4,2
644145124,11,4,7,2
644145131,8,5,3,2
644145132,9,5,4,4
644145133,30,11,19,8
644145141,117,53,64,49
644145142,923,409,514,321
644145143,13,4,9,4
644145144,311,142,169,123
644145151,537,246,291,239
644145152,430,195,235,175
644145153,721,342,379,309
644145154,225,104,121,77
644145161,480,225,255,206
644145162,43,24,19,18
644145163,112,53,59,40
644145164,136,56,80,47
644145171,34,14,20,11
644145172,3,2,1,1
644145173,5,2,3,2
644145174,24,11,13,12
644145181,20,9,11,7
644145183,11,7,4,3
644145184,13,6,7,5
644145194,2,1,1,1
644145201,3,1,2,1
644145202,5,3,2,2
644145203,16,9,7,4
644145211,6,2,4,2
644145212,12,5,7,3
644145213,2,1,1,1
644145214,2,1,1,1
644145221,4,3,1,1
644145222,9,5,4,4
644145223,5,1,4,2
644145224,11,4,7,5
644145231,16,7,9,5
644145232,18,9,9,8
644145234,7,5,2,3
644145241,2,1,1,1
644145242,18,6,12,7
644145243,5,2,3,2
644145244,17,9,8,7
644145251,12,6,6,4
644145252,17,12,5,5
644145253,6,2,4,1
644145254,9,4,5,4
644145261,6,4,2,3
644145262,11,6,5,5
644145263,3,1,2,2
644145271,3,1,2,1
644145272,2,1,1,1
644145273,6,3,3,2
644145274,2,1,1,1
644145301,2,1,1,1
644145302,5,3,2,3
644145304,6,3,3,2
644145312,7,3,4,2
644145313,45,19,26,9
644145321,10,5,5,4
644145322,3,1,2,1
644145323,16,10,6,5
644145331,3,1,2,2
644145332,6,4,2,2
644145333,8,3,5,2
644145334,7,4,3,2
644145341,3,1,2,1
644145343,7,2,5,3
644145344,16,8,8,5
644145351,11,5,6,4
644145352,16,9,7,5
644145353,4,2,2,2
644145354,11,6,5,4
644145361,9,4,5,4
644145362,11,6,5,4
644145363,7,3,4,2
644145372,5,2,3,2
644145373,22,9,13,9
644145374,12,7,5,4
644145381,12,8,4,3
644145383,9,4,5,3
644145403,2,1,1,1
644145404,5,2,3,2
644145412,16,6,10,4
644145414,8,3,5,2
644145421,9,4,5,3
644145422,10,3,7,2
644145423,12,6,6,4
644145431,11,5,6,3
644145432,15,8,7,5
644145434,7,3,4,3
644145441,2,1,1,1
644145442,6,3,3,1
644145443,6,3,3,1
644145444,9,6,3,3
644145451,5,2,3,2
644145452,10,5,5,2
644145453,6,3,3,2
644145454,19,8,11,6
644145462,9,6,3,3
644145464,1,1,0,1
644145471,9,4,5,5
644145472,8,4,4,3
644145473,4,2,2,3
644145474,5,3,2,2
644145481,7,4,3,3
644145482,3,2,1,1
644145483,4,1,3,2
644145494,4,2,2,1
644145501,28,16,12,7
644145502,4,2,2,2
644145503,4,2,2,2
644145504,5,2,3,2
644145511,16,8,8,3
644145512,3,2,1,1
644145513,10,7,3,2
644145514,13,6,7,3
644145521,29,8,21,4
644145522,3,1,2,1
644145523,4,1,3,2
644145524,10,6,4,2
644145532,2,1,1,1
644145533,8,4,4,3
644145534,6,3,3,2
644145541,3,1,2,2
644145542,3,1,2,1
644145543,3,2,1,2
644145544,6,3,3,1
644145551,3,1,2,2
644145552,6,3,3,2
644145553,3,1,2,1
644145554,4,2,2,1
644145561,24,14,10,7
644145562,9,5,4,2
644145563,8,4,4,2
644145564,18,8,10,5
644145572,18,9,9,4
644145574,4,1,3,2
644145581,8,4,4,2
644145583,4,2,2,2
644145584,14,8,6,4
644145592,18,7,11,8
644145593,12,8,4,3
644145594,5,1,4,4
644145602,4,2,2,1
644145604,1,1,0,1
644145611,10,5,5,3
644145613,9,6,3,3
644145614,8,5,3,4
644145622,55,25,30,16
644145623,12,4,8,3
644145624,19,10,9,7
644145631,15,6,9,3
644145633,41,19,22,12
644145634,6,3,3,2
644145642,5,3,2,1
644145644,12,7,5,4
644145651,5,2,3,2
644145652,11,5,6,4
644145654,12,6,6,3
644145661,11,4,7,4
644145662,8,4,4,3
644145663,4,2,2,3
644145664,23,10,13,6
644145671,3,1,2,1
644145672,15,6,9,5
644145674,1,1,0,1
644145681,6,2,4,3
644145682,14,7,7,6
644145683,12,8,4,6
644145684,22,9,13,9
644145691,11,6,5,3
644145692,11,5,6,4
644145693,27,16,11,7
644145694,9,4,5,3
644145701,6,2,4,1
644145702,31,13,18,9
644145703,11,5,6,5
644145704,4,2,2,2
644145711,342,157,185,127
644145712,430,210,220,167
644145713,357,178,179,130
644145714,463,208,255,159
644145721,235,112,123,107
644145722,621,294,327,212
644145723,676,323,353,273
644145724,1037,498,539,354
644145731,449,228,221,139
644145733,102,49,53,32
644145734,12,7,5,4
644145742,2,1,1,1
644145743,3,2,1,1
644145744,6,2,4,2
644145751,7,3,4,2
644145752,9,4,5,3
644145753,13,7,6,3
644145754,7,4,3,2
644145762,6,3,3,2
644145763,5,3,2,2
644145764,12,6,6,4
644145772,80,40,40,35
644145773,15,7,8,7
644145774,54,26,28,21
644145781,149,73,76,59
644145782,14,6,8,4
644145783,54,30,24,22
644145784,7,4,3,1
644145791,12,6,6,3
644145792,12,7,5,5
644145793,3,2,1,2
644145794,17,7,10,5
644145801,5,2,3,1
644145802,8,5,3,2
644145803,5,3,2,2
644145804,2,1,1,1
644145811,10,5,5,4
644145812,109,38,71,61
644145814,43,17,26,18
644145821,813,367,446,301
644145822,464,224,240,158
644145823,69,34,35,9
644145824,20,9,11,7
644145831,13,7,6,4
644145833,6,3,3,2
644145834,11,5,6,3
644145841,19,8,11,6
644145843,10,6,4,3
644145844,26,13,13,8
644145853,3,1,2,2
644145854,5,3,2,2
644145861,28,14,14,8
644145862,9,5,4,2
644145863,10,5,5,4
644145864,2,1,1,1
644145871,2,1,1,1
644145872,5,2,3,2
644145873,6,3,3,1
644145874,1,1,0,1
644145881,11,5,6,3
644145882,9,5,4,5
644145883,12,6,6,4
644145891,9,4,5,3
644145892,17,7,10,5
644145893,20,12,8,6
644145894,4,3,1,2
644145902,10,5,5,2
644145913,8,4,4,4
644145914,6,3,3,2
644145921,2,1,1,1
644145922,8,2,6,3
644145923,16,8,8,5
644145924,1,1,0,1
644145931,26,13,13,9
644145932,5,3,2,2
644145933,5,3,2,1
644145934,6,3,3,2
644145941,9,5,4,3
644145942,2,1,1,1
644145943,3,1,2,2
644145944,9,4,5,4
644145951,15,8,7,4
644145952,4,2,2,2
644145953,5,3,2,2
644145954,4,2,2,2
644145961,4,2,2,2
644145962,6,4,2,4
644145971,12,5,7,3
644145972,11,6,5,4
644145974,13,6,7,4
644145981,4,2,2,2
644145982,16,8,8,4
644146012,6,2,4,3
644146014,4,2,2,2
644146021,4,2,2,2
644146022,33,14,19,13
644146023,7,3,4,4
644146024,65,29,36,29
644146031,118,61,57,44
644146032,23,12,11,7
644146033,178,90,88,75
644146034,95,46,49,51
644146043,15,8,7,5
644146044,7,3,4,2
644146051,18,6,12,5
644146053,6,3,3,2
644146062,9,4,5,4
644146064,9,4,5,3
644146071,4,2,2,2
644146072,7,4,3,3
644146073,14,6,8,4
644146074,17,9,8,4
644146081,6,2,4,2
644146082,9,5,4,3
644146083,7,4,3,3
644146084,9,4,5,4
644146092,2,1,1,1
644146093,8,4,4,3
644146094,2,1,1,1
644146103,7,4,3,2
644146111,7,3,4,4
644146112,139,57,82,46
644146114,2,0,2,2
644146121,170,74,96,70
644146122,424,197,227,185
644146123,8,3,5,4
644146124,310,137,173,136
644146131,423,197,226,178
644146132,54,25,29,20
644146133,212,95,117,86
644146134,34,19,15,14
644146141,12,5,7,5
644146143,14,7,7,5
644146144,6,3,3,2
644146153,4,1,3,2
644146154,13,8,5,4
644146161,11,6,5,4
644146162,22,11,11,5
644146163,4,2,2,2
644146171,8,5,3,3
644146173,3,2,1,1
644146174,29,19,10,8
644146181,2,1,1,1
644146182,7,3,4,2
644146183,19,9,10,8
644146184,10,6,4,3
644146191,7,4,3,2
644146192,8,3,5,2
644146193,8,3,5,4
644146194,4,1,3,1
644146212,3,0,3,1
644146214,36,18,18,13
644146221,27,11,16,10
644146222,239,104,135,113
644146223,54,30,24,17
644146224,2,1,1,1
644146231,23,9,14,14
644146232,26,15,11,10
644146234,11,6,5,3
644146241,2,0,2,2
644146242,6,3,3,3
644146243,11,7,4,3
644146244,14,6,8,3
644146251,13,8,5,3
644146252,26,13,13,5
644146253,4,2,2,2
644146254,6,3,3,1
644146261,10,4,6,3
644146262,19,10,9,6
644146263,9,6,3,3
644146264,11,5,6,2
644146271,11,5,6,4
644146272,29,14,15,8
644146273,5,2,3,2
644146281,19,8,11,7
644146282,83,42,41,37
644146283,9,5,4,4
644146284,297,151,146,150
644146291,2,1,1,2
644146292,6,2,4,3
644146293,221,99,122,97
644146294,34,15,19,13
644146302,6,3,3,2
644146311,22,10,12,6
644146312,15,6,9,6
644146321,3,2,1,1
644146322,6,2,4,1
644146323,14,7,7,5
644146324,12,6,6,3
644146331,17,8,9,5
644146332,27,13,14,7
644146333,3,0,3,1
644146334,17,8,9,5
644146341,46,18,28,22
644146342,60,28,32,28
644146343,111,51,60,60
644146344,257,122,135,119
644146351,10,6,4,4
644146352,10,4,6,3
644146353,113,40,73,8
644146354,6,4,2,1
644146362,11,6,5,4
644146363,20,6,14,5
644146364,11,6,5,5
644146371,13,4,9,6
644146372,1,1,0,1
644146373,3,2,1,2
644146374,12,7,5,3
644146381,71,39,32,32
644146382,86,43,43,39
644146383,4,2,2,2
644146391,12,4,8,5
644146393,4,3,1,1
644146404,9,4,5,4
644146412,12,5,7,5
644146414,18,8,10,6
644146421,16,7,9,4
644146422,12,7,5,4
644146423,12,5,7,2
644146424,5,2,3,2
644146431,7,3,4,2
644146432,9,6,3,3
644146433,15,7,8,5
644146441,86,44,42,45
644146442,167,65,102,80
644146443,14,6,8,4
644146444,9,5,4,2
644146451,33,16,17,15
644146452,33,17,16,9
644146453,3,1,2,2
644146454,7,3,4,2
644146461,6,3,3,2
644146462,3,1,2,1
644146464,33,15,18,7
644146471,5,2,3,2
644146472,3,1,2,1
644146473,24,12,12,7
644146474,4,3,1,1
644146481,6,4,2,3
644146483,9,5,4,3
644146491,2,1,1,1
644146492,4,2,2,1
644146493,4,2,2,1
644146501,6,3,3,1
644146502,3,2,1,1
644146503,11,5,6,5
644146504,5,3,2,2
644146512,17,9,8,6
644146521,4,2,2,2
644146523,82,36,46,35
644146524,254,120,134,106
644146531,10,5,5,5
644146532,11,7,4,6
644146533,43,24,19,16
644146541,17,9,8,7
644146542,11,7,4,5
644146543,45,23,22,12
644146544,5,1,4,2
644146551,7,4,3,2
644146552,17,9,8,4
644146553,3,2,1,1
644146554,13,7,6,3
644146561,3,1,2,2
644146562,7,3,4,2
644146572,9,4,5,4
644146573,3,2,1,1
644146574,10,4,6,4
644146581,5,2,3,2
644146601,3,1,2,2
644146602,6,4,2,2
644146603,11,5,6,4
644146612,8,4,4,4
644146613,7,2,5,4
644146614,18,10,8,12
644146621,378,176,202,166
644146622,1375,639,736,590
644146623,351,157,194,151
644146624,612,285,327,279
644146631,1036,488,548,403
644146632,346,163,183,126
644146633,1051,475,576,447
644146634,276,108,168,81
644146641,86,49,37,44
644146642,10,5,5,4
644146643,290,110,180,100
644146644,4,3,1,3
644146651,9,4,5,3
644146652,7,3,4,3
644146653,7,4,3,1
644146654,7,4,3,2
644146661,2,1,1,1
644146662,15,7,8,6
644146663,8,3,5,3
644146664,15,8,7,4
644146671,6,3,3,2
644146672,5,4,1,3
644146673,11,7,4,2
644146681,8,4,4,2
644146682,5,2,3,2
644146683,2,1,1,1
644146684,12,5,7,2
644146701,10,6,4,4
644146702,28,13,15,12
644146704,8,4,4,6
644146712,270,126,144,121
644146713,4,2,2,1
644146714,181,84,97,75
644146721,684,313,371,318
644146722,943,433,510,434
644146723,112,52,60,46
644146724,389,167,222,165
644146731,396,194,202,168
644146732,33,16,17,16
644146733,16,8,8,6
644146734,18,9,9,8
644146741,12,7,5,3
644146742,31,14,17,10
644146743,6,2,4,2
644146744,8,3,5,3
644146751,9,5,4,2
644146752,6,2,4,2
644146753,10,4,6,2
644146754,6,3,3,2
644146761,2,1,1,1
644146762,2,1,1,1
644146763,9,4,5,4
644146764,4,2,2,1
644146771,9,4,5,4
644146772,13,8,5,3
644146773,14,7,7,6
644146774,16,11,5,4
644146801,19,8,11,7
644146802,9,5,4,2
644146803,4,3,1,1
644146812,34,20,14,16
644146814,21,12,9,10
644146821,5,3,2,2
644146831,1,1,0,1
644146832,2,1,1,1
644146833,5,2,3,1
644146834,3,1,2,1
644146841,11,6,5,3
644146842,26,12,14,11
644146843,7,4,3,3
644146844,13,4,9,5
644146851,4,2,2,2
644146852,23,12,11,5
644146853,18,11,7,5
644146861,2,1,1,1
644146864,5,3,2,2
644146871,2,1,1,1
644146872,4,1,3,1
644146934,1,0,1,1
644146941,8,2,6,2
644146942,8,4,4,3
644146943,8,4,4,3
644146944,2,0,2,1
644146951,6,3,3,2
644146952,12,6,6,4
644146953,8,5,3,2
644146954,12,7,5,3
644146961,13,5,8,4
644146962,2,1,1,1
644146964,2,1,1,1
644146972,3,1,2,2
644146973,6,3,3,3
644146974,3,1,2,1
644147001,4,2,2,1
644147101,1,0,1,1
644147102,3,1,2,1
644147103,5,3,2,2
644147104,4,2,2,2
644147201,12,4,8,4
644147202,2,1,1,1
644147203,9,5,4,2
644147204,2,1,1,1
644147234,2,1,1,1
644147272,9,3,6,6
644147273,52,26,26,23
644147274,238,106,132,141
644147281,86,47,39,43
644147283,152,71,81,80
644147284,119,33,86,52
644147291,15,8,7,8
644147301,1,0,1,1
644147302,4,1,3,3
644147304,8,5,3,2
644147332,4,2,2,1
644147334,2,1,1,1
644147364,96,47,49,54
644147371,220,99,121,135
644147372,178,95,83,78
644147373,227,106,121,112
644147374,44,20,24,22
644147381,18,8,10,9
644147411,27,13,14,7
644147412,11,5,6,6
644147414,42,18,24,17
644147422,20,10,10,3
644147423,33,15,18,16
644147424,11,4,7,2
644147431,2,1,1,1
644147432,7,3,4,2
644147433,35,16,19,8
644147434,17,9,8,4
644147442,6,1,5,4
644147451,3,1,2,1
644147462,21,12,9,12
644147463,3,2,1,2
644147464,68,33,35,34
644147471,221,104,117,109
644147473,100,43,57,57
644147501,3,1,2,1
644147521,10,7,3,4
644147522,1,0,1,1
644147524,15,6,9,4
644147561,6,4,2,4
644147562,105,54,51,55
644147564,17,5,12,11
644147571,328,151,177,177
644147573,376,173,203,219
644147622,5,2,3,3
644147671,35,22,13,27
644147673,14,5,9,9
644147674,174,70,104,86
644147683,73,34,39,38
644147722,5,3,2,2
644147772,78,35,43,40
644147774,13,9,4,8
644147781,212,97,115,108
644147782,11,3,8,6
644147784,8,3,5,5
644150731,71,34,37,31
644150733,73,34,39,33
644150774,3,1,2,2
644150803,2,1,1,1
644150831,447,128,319,72
644150833,409,206,203,160
644150834,12,4,8,3
644150881,4,3,1,1
644150882,62,26,36,24
644150891,67,32,35,27
644150892,63,28,35,30
644150893,44,21,23,19
644150894,112,49,63,48
644150901,8,3,5,4
644150903,8,4,4,4
644150921,169,76,93,54
644150922,31,14,17,11
644150923,375,184,191,120
644150924,950,440,510,330
644150931,21,11,10,10
644150932,185,93,92,79
644150933,1408,619,789,463
644150934,333,171,162,124
644150941,370,162,208,146
644150942,12,5,7,4
644150943,1209,523,686,440
644150944,311,144,167,113
644151194,57,28,29,22
644151292,543,259,284,204
644151293,607,294,313,226
644151294,1558,710,848,616
644151383,16,7,9,5
644151384,389,172,217,151
644151391,878,426,452,325
644151392,1515,698,817,626
644151393,1614,738,876,700
644151394,2321,1052,1269,1095
644151453,3,1,2,1
644151454,265,90,175,10
644151463,220,97,123,83
644151464,486,229,257,198
644151472,593,292,301,210
644151473,897,418,479,324
644151474,1301,622,679,484
644151481,1149,494,655,382
644151482,999,471,528,430
644151483,1543,744,799,652
644151484,1372,635,737,635
644151491,2383,1036,1347,1108
644151492,1849,835,1014,896
644151493,1642,751,891,679
644151494,1325,602,723,611
644151513,23,12,11,10
644151514,66,28,38,28
644151543,34,17,17,15
644151544,560,272,288,210
644151552,92,47,45,31
644151553,481,232,249,168
644151554,898,424,474,363
644151561,1464,723,741,505
644151562,1159,574,585,438
644151563,1288,585,703,511
644151564,1800,788,1012,636
644151571,1597,751,846,631
644151572,1188,566,622,441
644151573,1958,924,1034,801
644151574,666,297,369,243
644151581,750,354,396,312
644151582,1074,539,535,533
644151583,147,79,68,70
644151584,2073,942,1131,801
644151591,2019,937,1082,865
644151592,1360,644,716,565
644151593,1368,647,721,575
644151594,1769,894,875,800
644151602,29,12,17,14
644151603,11,5,6,3
644151604,26,12,14,16
644151611,399,189,210,183
644151612,515,242,273,230
644151613,628,304,324,292
644151614,683,309,374,313
644151622,110,55,55,42
644151623,333,156,177,124
644151624,980,437,543,388
644151631,456,241,215,72
644151632,99,54,45,41
644151633,461,220,241,200
644151634,15,10,5,6
644151641,237,112,125,64
644151642,495,252,243,172
644151651,28,13,15,8
644151652,1703,801,902,624
644151653,489,222,267,153
644151654,1022,496,526,367
644151661,1782,859,923,635
644151662,2814,1252,1562,1093
644151663,1164,563,601,427
644151664,833,367,466,248
644151671,1684,804,880,641
644151672,657,316,341,248
644151673,520,239,281,173
644151674,334,147,187,71
644151681,47,22,25,16
644151682,1672,849,823,773
644151683,1054,517,537,303
644151684,1210,586,624,421
644151691,1552,775,777,701
644151692,595,293,302,241
644151693,1589,757,832,680
644151694,1556,816,740,724
644151702,61,30,31,21
644151704,153,67,86,62
644151711,106,46,60,46
644151712,931,460,471,489
644151713,417,202,215,156
644151714,364,179,185,110
644151721,871,402,469,385
644151722,517,253,264,275
644151723,29,14,15,14
644151731,637,294,343,288
644151732,897,422,475,372
644151734,39,18,21,15
644151741,332,206,126,98
644151742,9,2,7,6
644151752,11,4,7,7
644151761,28,13,15,7
644151762,24,12,12,9
644151771,39,20,19,11
644151772,47,19,28,17
644151773,14,8,6,4
644151774,8,4,4,4
644151781,581,295,286,179
644151782,1093,425,668,264
644151783,20,9,11,9
644151784,1149,516,633,518
644151791,1707,817,890,671
644151792,1161,568,593,457
644151793,1215,537,678,544
644151794,63,26,37,19
644151801,4,2,2,2
644151802,123,61,62,51
644151811,164,85,79,63
644151812,1,0,1,1
644151882,67,29,38,34
644151891,28,15,13,12
644151894,5,2,3,1
644152001,156,33,123,8
644152002,1114,517,597,432
644152003,160,83,77,51
644152004,2002,960,1042,786
644152011,1198,572,626,572
644152012,2617,1210,1407,1115
644152013,1648,775,873,699
644152014,1375,650,725,665
644152021,2442,1122,1320,1114
644152022,2216,1044,1172,1021
644152023,2062,952,1110,1037
644152024,2708,1262,1446,1087
644152031,3080,1415,1665,1560
644152032,2537,1217,1320,1178
644152033,2479,1166,1313,1098
644152034,2104,972,1132,842
644152041,1538,792,746,671
644152042,3279,1598,1681,1560
644152043,1184,605,579,460
644152044,3093,1437,1656,1277
644152051,2669,1218,1451,1196
644152052,2911,1387,1524,1314
644152053,2612,1213,1399,1173
644152054,2648,1331,1317,1239
644152061,1692,774,918,891
644152062,224,133,91,186
644152063,2043,919,1124,927
644152064,2712,1422,1290,1304
644152071,3258,1821,1437,2299
644152072,3664,1935,1729,2664
644152073,2863,1369,1494,1863
644152074,3416,1536,1880,2474
644152081,2542,1335,1207,1422
644152082,2173,1044,1129,1072
644152083,2431,1215,1216,1448
644152084,2079,992,1087,1021
644152091,2774,1238,1536,1562
644152092,2650,1194,1456,1548
644152093,2756,1330,1426,1302
644152094,3442,1584,1858,1807
644152101,195,79,116,82
644152102,1363,665,698,523
644152103,894,429,465,349
644152104,1365,581,784,612
644152111,1715,851,864,821
644152112,3092,1446,1646,1388
644152113,1647,782,865,720
644152114,1911,879,1032,765
644152121,2826,1330,1496,1257
644152122,1635,768,867,769
644152123,1740,783,957,725
644152124,2434,1177,1257,1060
644152131,2464,1137,1327,1116
644152132,2983,1442,1541,1282
644152133,2675,1240,1435,1237
644152134,1649,787,862,691
644152141,1726,820,906,681
644152142,1862,887,975,745
644152143,1172,540,632,486
644152144,420,204,216,166
644152151,2157,1024,1133,860
644152152,3002,1346,1656,1187
644152153,2341,1092,1249,992
644152154,2409,1118,1291,1051
644152161,2126,1038,1088,937
644152162,2592,1266,1326,1418
644152163,2680,1302,1378,1339
644152164,3417,1591,1826,1701
644152171,3455,1577,1878,2314
644152172,2242,1065,1177,1483
644152173,3508,1626,1882,2215
644152174,1987,970,1017,1258
644152181,2371,1194,1177,1225
644152182,2152,1053,1099,1068
644152183,2653,1330,1323,1363
644152184,2582,1268,1314,1282
644152191,3326,1624,1702,1840
644152192,3065,1430,1635,1931
644152193,3416,1620,1796,1798
644152194,2680,1290,1390,1387
644152201,1195,559,636,490
644152202,1999,971,1028,778
644152203,2252,1047,1205,925
644152204,2389,1133,1256,797
644152211,865,440,425,335
644152212,274,144,130,125
644152213,1823,750,1073,519
644152214,939,463,476,336
644152221,151,68,83,62
644152222,60,32,28,33
644152223,133,67,66,59
644152231,604,293,311,263
644152232,1332,617,715,580
644152233,629,301,328,266
644152234,504,249,255,196
644152241,460,227,233,194
644152242,1031,477,554,409
644152243,1487,710,777,565
644152244,2335,1092,1243,898
644152251,2035,938,1097,875
644152252,2526,1197,1329,1031
644152253,1815,820,995,729
644152254,1916,880,1036,729
644152261,1937,924,1013,902
644152262,3307,1573,1734,1668
644152263,2854,1314,1540,1218
644152264,3890,1794,2096,2241
644152271,3190,1435,1755,2153
644152272,1987,971,1016,1183
644152273,3356,1420,1936,2246
644152274,2026,1012,1014,1121
644152281,2661,1288,1373,1215
644152282,2373,1151,1222,1168
644152283,2862,1373,1489,1314
644152284,2730,1292,1438,1300
644152291,2871,1340,1531,1477
644152292,3135,1501,1634,1573
644152293,3023,1394,1629,1430
644152294,2516,1203,1313,1225
644152301,1920,909,1011,795
644152302,1250,575,675,499
644152303,1778,838,940,769
644152304,1058,510,548,384
644152311,1592,769,823,592
644152312,1584,760,824,585
644152313,1921,920,1001,731
644152314,1275,593,682,489
644152321,758,388,370,356
644152322,4,2,2,1
644152323,1476,711,765,514
644152324,202,104,98,80
644152331,66,33,33,28
644152332,1006,472,534,356
644152333,256,113,143,85
644152334,1548,762,786,552
644152341,1953,939,1014,775
644152342,1509,713,796,621
644152343,949,464,485,339
644152344,1878,913,965,755
644152351,1647,738,909,605
644152352,2083,1039,1044,813
644152353,1292,603,689,532
644152354,2214,1037,1177,955
644152361,2203,1049,1154,831
644152362,3376,1445,1931,2153
644152363,1691,795,896,757
644152364,2708,1197,1511,1196
644152371,3623,1614,2009,2619
644152372,2491,1216,1275,1338
644152373,1739,845,894,1084
644152374,2092,1020,1072,947
644152381,3038,1425,1613,1383
644152382,2040,977,1063,955
644152383,2211,1031,1180,936
644152384,2288,1082,1206,1001
644152391,2975,1400,1575,1264
644152392,2653,1292,1361,1248
644152393,3068,1399,1669,1425
644152394,1983,885,1098,862
644152401,1761,798,963,691
644152402,1826,837,989,707
644152403,1390,653,737,581
644152404,2030,961,1069,796
644152411,1443,700,743,594
644152412,1869,888,981,713
644152413,1296,615,681,465
644152414,1902,907,995,697
644152421,1839,889,950,654
644152422,393,196,197,136
644152423,913,442,471,317
644152424,781,346,435,230
644152431,244,115,129,75
644152432,667,304,363,103
644152433,3,2,1,1
644152441,540,261,279,210
644152442,1470,721,749,628
644152443,1591,774,817,653
644152444,2115,997,1118,905
644152451,1781,827,954,761
644152452,1566,723,843,679
644152453,1997,952,1045,886
644152454,1936,904,1032,795
644152461,2328,1055,1273,963
644152462,1878,885,993,794
644152463,2067,945,1122,866
644152464,1486,703,783,636
644152471,1368,664,704,609
644152472,1896,914,982,815
644152473,1403,650,753,580
644152474,1589,722,867,695
644152481,1314,652,662,529
644152482,2026,974,1052,842
644152483,1714,804,910,705
644152484,1901,908,993,731
644152491,2235,1076,1159,961
644152492,1070,504,566,454
644152493,737,367,370,303
644152494,208,106,102,114
644152501,822,385,437,354
644152502,1860,891,969,770
644152503,2197,1058,1139,916
644152504,1427,665,762,549
644152511,1415,689,726,512
644152512,780,376,404,279
644152513,908,436,472,330
644152514,1097,526,571,394
644152521,1176,598,578,414
644152522,944,461,483,315
644152523,265,128,137,87
644152524,299,143,156,95
644152534,74,24,50,3
644152541,163,79,84,58
644152542,1300,624,676,543
644152544,748,359,389,263
644152551,2170,1048,1122,856
644152552,1926,922,1004,760
644152553,1735,792,943,660
644152554,1059,500,559,378
644152561,1536,735,801,667
644152562,1551,713,838,642
644152563,1497,699,798,604
644152564,1255,614,641,476
644152571,1495,706,789,597
644152572,1479,690,789,631
644152573,1865,892,973,743
644152574,1155,540,615,438
644152581,1866,868,998,736
644152582,1325,638,687,481
644152583,1237,587,650,515
644152584,1811,841,970,707
644152591,32,16,16,13
644152592,8,3,5,3
644152593,1537,677,860,497
644152594,213,95,118,86
644152601,1764,965,799,856
644152602,813,404,409,362
644152603,663,317,346,226
644152604,159,86,73,18
644152611,672,309,363,247
644152612,616,319,297,218
644152613,15,6,9,6
644152614,42,18,24,13
644152621,280,139,141,102
644152622,204,106,98,73
644152623,1488,744,744,552
644152624,1427,684,743,553
644152631,6,3,3,3
644152633,1456,668,788,474
644152634,330,147,183,110
644152642,42,20,22,15
644152643,28,14,14,12
644152644,14,7,7,5
644152651,1878,798,1080,806
644152652,1306,604,702,490
644152653,1127,539,588,404
644152654,1252,602,650,450
644152661,1985,922,1063,696
644152662,1470,672,798,523
644152663,1093,530,563,342
644152664,708,337,371,202
644152671,1464,709,755,547
644152672,1331,652,679,472
644152673,1350,633,717,453
644152674,1353,677,676,447
644152681,1808,850,958,727
644152682,1807,849,958,709
644152683,691,325,366,266
644152684,1384,661,723,540
644152691,1793,858,935,736
644152692,643,313,330,248
644152693,1725,795,930,684
644152694,1619,731,888,536
644152701,77,30,47,26
644152711,12,5,7,5
644152712,372,175,197,115
644152713,5,1,4,3
644152714,388,191,197,114
644152721,1233,609,624,420
644152722,1589,730,859,629
644152723,1247,605,642,397
644152724,1370,636,734,476
644152731,2012,958,1054,765
644152732,1015,489,526,415
644152733,1818,875,943,715
644152734,1366,640,726,537
644152741,60,30,30,18
644152742,183,98,85,62
644152743,1086,522,564,424
644152744,1266,601,665,469
644152751,429,223,206,95
644152752,1141,550,591,330
644152753,19,5,14,3
644152754,31,15,16,11
644152761,931,423,508,347
644152762,809,389,420,312
644152763,3,1,2,2
644152764,26,11,15,10
644152771,815,327,488,235
644152772,1180,568,612,429
644152773,371,177,194,125
644152774,1068,516,552,397
644152781,1737,816,921,658
644152782,1424,667,757,596
644152783,1117,545,572,430
644152784,1825,852,973,759
644152791,1721,778,943,693
644152792,497,233,264,181
644152793,1761,815,946,712
644152794,1193,579,614,407
644152811,4,2,2,1
644152814,7,3,4,3
644152821,341,183,158,97
644152822,270,134,136,89
644152824,902,444,458,282
644152831,1401,686,715,511
644152832,1384,684,700,544
644152833,790,384,406,309
644152834,1197,591,606,471
644152841,1724,820,904,692
644152842,1740,845,895,667
644152843,1410,660,750,590
644152844,1008,483,525,427
644152851,604,280,324,244
644152852,10,4,6,4
644152853,1266,612,654,500
644152854,140,68,72,64
644152863,7,2,5,5
644152864,2,1,1,1
644152871,1,1,0,1
644152872,364,179,185,139
644152874,572,281,291,195
644152881,1297,616,681,467
644152882,1958,900,1058,742
644152883,1449,662,787,521
644152884,1437,680,757,572
644152891,1967,949,1018,768
644152892,959,473,486,362
644152893,311,142,169,95
644152894,404,200,204,131
644152922,5,3,2,2
644152931,28,16,12,9
644152932,246,116,130,90
644152941,1371,649,722,517
644152942,1336,655,681,600
644152943,341,154,187,124
644152944,1008,476,532,369
644152951,748,351,397,313
644152952,122,55,67,48
644152953,1491,665,826,614
644152954,822,383,439,346
644152962,99,48,51,31
644152963,63,34,29,20
644152964,54,33,21,29
644152971,844,412,432,244
644152972,429,221,208,129
644152973,785,386,399,257
644152974,884,414,470,272
644152981,974,463,511,356
644152982,144,69,75,62
644152983,365,171,194,130
644152984,608,207,401,75
644152991,5,3,2,2
644152992,105,49,56,44
644152994,15,6,9,7
644153001,2730,1275,1455,1359
644153002,1809,823,986,754
644153003,2907,1375,1532,1537
644153004,1343,648,695,515
644153011,2383,1081,1302,1159
644153012,1944,681,1263,595
644153013,2369,1121,1248,952
644153014,2018,970,1048,821
644153021,1965,931,1034,821
644153022,222,113,109,116
644153023,1732,820,912,668
644153024,1044,499,545,415
644153031,14,8,6,7
644153032,244,122,122,89
644153033,566,269,297,218
644153034,73,30,43,30
644153041,589,320,269,132
644153042,436,234,202,181
644153043,32,13,19,11
644153044,6,3,3,3
644153051,49,20,29,19
644153052,84,40,44,37
644153053,3,1,2,2
644153054,6,2,4,3
644153061,41,23,18,18
644153062,89,45,44,38
644153064,3,2,1,3
644153073,5,3,2,3
644153082,4,3,1,1
644153083,3,2,1,1
644153091,15,5,10,8
644153092,702,342,360,246
644153094,182,45,137,6
644153101,2753,1252,1501,1461
644153102,1530,702,828,689
644153103,2890,1397,1493,1287
644153104,2055,964,1091,801
644153111,1162,575,587,509
644153112,1567,756,811,665
644153113,1493,709,784,632
644153114,1316,625,691,504
644153121,1311,660,651,601
644153122,2004,937,1067,811
644153123,1827,885,942,697
644153124,1626,767,859,619
644153131,1886,867,1019,693
644153132,1268,625,643,502
644153133,1622,764,858,637
644153134,1417,675,742,522
644153141,208,96,112,75
644153142,288,145,143,109
644153143,639,315,324,204
644153144,194,82,112,54
644153152,19,11,8,7
644153153,31,24,7,1
644153161,23,10,13,8
644153162,7,3,4,2
644153181,4,2,2,2
644153183,6,1,5,1
644153191,5,3,2,5
644153194,1,0,1,1
644153201,1691,768,923,635
644153202,1373,662,711,568
644153203,1422,676,746,559
644153204,1163,549,614,472
644153211,959,477,482,379
644153212,1567,717,850,613
644153213,227,111,116,85
644153214,55,21,34,28
644153221,1541,705,836,566
644153222,1393,670,723,460
644153223,247,122,125,82
644153224,188,78,110,39
644153231,1457,702,755,544
644153232,1563,753,810,579
644153233,1684,831,853,585
644153234,1652,800,852,644
644153241,415,219,196,158
644153242,14,6,8,6
644153243,1400,687,713,521
644153244,190,95,95,79
644153251,33,19,14,11
644153253,149,84,65,50
644153254,6,2,4,4
644153262,14,7,7,4
644153271,6,4,2,3
644153272,8,5,3,3
644153273,4,1,3,2
644153281,8,3,5,2
644153283,17,9,8,5
644153301,1069,530,539,421
644153302,33,18,15,14
644153303,167,140,27,7
644153312,44,23,21,12
644153313,41,19,22,19
644153314,281,106,175,74
644153321,65,33,32,26
644153323,26,13,13,9
644153324,40,22,18,16
644153331,1085,548,537,323
644153332,2277,1099,1178,776
644153333,85,42,43,27
644153334,220,112,108,68
644153341,1012,501,511,408
644153342,31,18,13,13
644153343,10,5,5,3
644153344,38,19,19,12
644153351,27,13,14,14
644153352,46,23,23,20
644153353,6,2,4,2
644153371,28,14,14,7
644153373,19,11,8,9
644153374,20,11,9,7
644153381,9,4,5,3
644153411,21,8,13,7
644153412,149,57,92,21
644153413,117,34,83,15
644153414,137,66,71,55
644153421,95,46,49,36
644153422,38,20,18,11
644153423,796,391,405,338
644153424,450,215,235,189
644153433,93,43,50,30
644153442,25,14,11,10
644153451,107,54,53,42
644153452,9,4,5,3
644153453,82,47,35,26
644153454,136,70,66,51
644153472,1,1,0,1
644153481,29,17,12,9
644153482,1,0,1,1
644153484,40,18,22,12
644153491,7,3,4,2
644153493,4,1,3,1
644153501,15,7,8,6
644153502,47,27,20,18
644153503,913,446,467,345
644153504,279,113,166,75
644153511,35,17,18,12
644153512,264,137,127,91
644153513,33,16,17,14
644153521,2054,1000,1054,792
644153522,129,68,61,65
644153523,770,373,397,287
644153524,355,194,161,165
644153531,658,329,329,283
644153532,16,7,9,6
644153533,462,250,212,201
644153534,111,34,77,14
644153543,34,20,14,10
644153544,38,19,19,15
644153551,644,321,323,239
644153552,173,86,87,69
644153553,349,164,185,138
644153554,301,156,145,120
644153571,7,4,3,3
644153581,4,2,2,1
644153582,4,2,2,2
644153583,15,6,9,5
644153591,11,7,4,5
644153592,21,11,10,7
644153601,25,12,13,7
644153602,64,38,26,7
644153603,92,47,45,25
644153604,16,6,10,5
644153611,116,59,57,48
644153612,1,1,0,1
644153613,1,1,0,1
644153614,4,2,2,2
644153621,2,1,1,1
644153622,491,254,237,177
644153624,5,3,2,2
644153631,22,10,12,9
644153633,2,1,1,1
644153634,3,1,2,2
644153641,18,7,11,6
644153642,6,3,3,2
644153643,11,6,5,6
644153644,20,10,10,7
644153651,37,21,16,24
644153653,20,10,10,7
644153654,3,1,2,1
644153662,3,2,1,1
644153672,7,2,5,4
644153674,4,2,2,2
644153681,3,3,0,1
644153701,505,252,253,161
644153702,30,12,18,12
644153703,1169,589,580,385
644153704,912,433,479,329
644153711,2,1,1,1
644153712,11,7,4,5
644153713,25,11,14,9
644153714,3,2,1,1
644153721,6,2,4,2
644153743,4,1,3,1
644153744,17,9,8,7
644153751,8,4,4,3
644153752,27,15,12,9
644153753,12,7,5,4
644153772,5,3,2,3
644153801,1859,899,960,716
644153802,1238,587,651,461
644153803,1497,688,809,621
644153804,1589,742,847,638
644153811,237,112,125,76
644153812,200,86,114,69
644153813,1288,594,694,464
644153814,921,420,501,388
644153821,138,72,66,48
644153823,1955,894,1061,839
644153824,215,93,122,69
644153832,3,2,1,1
644153834,10,2,8,3
644153841,40,24,16,6
644153842,8,5,3,2
644153843,12,7,5,3
644153851,3,2,1,2
644153864,2,1,1,1
644153882,6,4,2,2
644153884,2,1,1,1
644153901,517,238,279,207
644153902,1267,599,668,400
644153903,36,15,21,14
644153904,914,428,486,302
644153911,1254,601,653,444
644153912,1304,602,702,472
644153913,1471,703,768,492
644153914,1539,731,808,555
644153921,2284,1072,1212,898
644153922,1103,534,569,359
644153923,1355,648,707,464
644153924,758,370,388,246
644153931,93,42,51,27
644153933,1074,521,553,395
644153934,37,18,19,12
644153963,3,2,1,1
644153964,3,2,1,2
644153971,5,2,3,3
644153972,27,10,17,5
644153973,4,2,2,1
644153981,10,5,5,3
644153982,17,12,5,4
644153983,3,2,1,1
644153984,7,3,4,3
644153991,5,2,3,2
644153992,5,3,2,1
644153993,9,5,4,2
644154001,1108,524,584,500
644154002,962,453,509,366
644154003,1106,527,579,425
644154004,1011,483,528,406
644154011,529,271,258,225
644154012,1344,641,703,583
644154013,1310,625,685,600
644154014,1203,606,597,606
644154021,1673,831,842,808
644154022,1837,903,934,762
644154023,2261,1035,1226,1030
644154024,1792,817,975,749
644154031,1512,716,796,498
644154032,195,99,96,63
644154033,881,418,463,327
644154034,35,16,19,15
644154041,31,16,15,13
644154043,10,4,6,3
644154044,14,6,8,7
644154054,19,10,9,6
644154061,2,1,1,1
644154071,8,3,5,2
644154072,1,1,0,1
644154073,61,37,24,3
644154084,11,5,6,5
644154092,20,11,9,7
644154094,21,10,11,5
644154101,464,226,238,165
644154102,1274,614,660,491
644154103,70,32,38,23
644154104,1160,538,622,443
644154111,1386,644,742,559
644154112,836,373,463,443
644154113,1075,516,559,424
644154114,1187,545,642,492
644154121,1492,699,793,744
644154122,2118,976,1142,873
644154123,1365,655,710,701
644154124,667,331,336,311
644154131,658,302,356,285
644154132,113,53,60,50
644154133,800,377,423,349
644154134,130,54,76,40
644154141,10,10,0,10
644154142,2,2,0,2
644154143,612,300,312,225
644154144,392,199,193,123
644154151,72,37,35,22
644154152,24,10,14,7
644154153,1133,547,586,331
644154154,648,312,336,188
644154163,170,50,120,19
644154164,14,5,9,5
644154173,9,3,6,3
644154182,2,1,1,1
644154183,13,8,5,4
644154184,4,2,2,1
644154193,2,2,0,1
644154201,16,9,7,6
644154202,75,38,37,28
644154203,5,3,2,2
644154204,411,157,254,82
644154211,597,271,326,216
644154212,1001,468,533,389
644154213,1167,544,623,323
644154214,1452,682,770,507
644154221,1221,562,659,528
644154222,1221,591,630,540
644154223,1209,572,637,470
644154224,1364,629,735,567
644154231,1139,552,587,491
644154232,1179,548,631,485
644154233,1091,511,580,456
644154234,1244,550,694,522
644154241,1430,689,741,530
644154242,1354,662,692,465
644154243,1125,523,602,455
644154244,1141,523,618,456
644154251,1406,681,725,422
644154252,398,190,208,163
644154253,400,195,205,138
644154254,633,308,325,225
644154261,1121,517,604,504
644154262,521,249,272,204
644154263,1044,498,546,388
644154264,506,244,262,162
644154271,13,5,8,4
644154272,17,7,10,7
644154273,20,11,9,4
644154282,4,1,3,1
644154291,12,6,6,3
644154292,3,2,1,2
644154293,14,7,7,3
644154301,3,1,2,1
644154302,541,249,292,133
644154303,7,3,4,3
644154304,2,2,0,2
644154311,1661,780,881,497
644154312,1711,825,886,585
644154313,1211,571,640,401
644154314,1450,680,770,524
644154321,1409,663,746,545
644154322,1122,515,607,469
644154323,481,224,257,181
644154324,1137,543,594,385
644154331,1078,518,560,420
644154332,916,411,505,399
644154333,571,276,295,212
644154334,493,250,243,253
644154341,659,300,359,286
644154342,645,281,364,245
644154343,482,256,226,258
644154344,480,210,270,194
644154351,644,301,343,242
644154352,1072,520,552,419
644154353,181,87,94,73
644154354,106,47,59,42
644154361,1037,499,538,343
644154362,34,18,16,13
644154363,837,409,428,262
644154364,19,8,11,7
644154372,5,3,2,2
644154373,20,13,7,7
644154374,3,1,2,1
644154383,5,3,2,1
644154384,2,1,1,1
644154401,7,5,2,2
644154402,9,5,4,6
644154404,4,2,2,1
644154411,140,77,63,45
644154412,1366,673,693,474
644154414,3,2,1,1
644154421,488,247,241,184
644154422,677,323,354,212
644154423,24,11,13,8
644154431,392,183,209,154
644154432,425,212,213,163
644154433,22,10,12,11
644154434,14,5,9,10
644154453,12,6,6,4
644154471,26,11,15,8
644154484,3,1,2,2
644154493,5,2,3,1
644154501,2,1,1,1
644154524,12,5,7,4
644154533,28,14,14,12
644154534,22,7,15,8
644154542,3,1,2,1
644154543,16,8,8,5
644154544,17,8,9,5
644154553,7,3,4,4
644154554,11,4,7,4
644154563,11,6,5,3
644154564,8,3,5,2
644154582,3,1,2,1
644154591,9,4,5,4
644154592,19,10,9,7
644154593,116,57,59,39
644154594,779,355,424,256
644154612,5,2,3,2
644154613,5,2,3,2
644154614,33,16,17,12
644154621,10,5,5,5
644154624,14,9,5,7
644154632,34,17,17,12
644154633,5,2,3,2
644154634,9,4,5,3
644154641,9,3,6,3
644154643,16,10,6,6
644154644,11,7,4,5
644154651,3,1,2,1
644154652,3,1,2,1
644154653,13,8,5,4
644154654,5,3,2,2
644154662,6,4,2,1
644154663,5,2,3,2
644154672,3,1,2,2
644154673,16,9,7,6
644154683,15,6,9,5
644154691,7,3,4,3
644154692,262,115,147,93
644154694,11,6,5,4
644154701,4,2,2,2
644154703,36,19,17,10
644154711,10,6,4,3
644154712,4,2,2,2
644154713,9,5,4,2
644154714,29,15,14,8
644154721,6,3,3,1
644154722,4,1,3,1
644154723,32,16,16,9
644154724,6,4,2,1
644154732,3,2,1,1
644154734,14,6,8,5
644154741,5,2,3,2
644154742,9,4,5,2
644154744,15,7,8,4
644154752,5,3,2,1
644154761,5,2,3,2
644154763,3,1,2,1
644154792,4,1,3,2
644154802,23,14,9,5
644154803,2,1,1,1
644154811,12,5,7,4
644154814,25,13,12,5
644154821,5,3,2,1
644154832,5,1,4,1
644154833,7,4,3,2
644154834,9,4,5,3
644154841,12,6,6,6
644154842,4,1,3,1
644154843,11,6,5,3
644154844,9,5,4,2
644154853,4,2,2,2
644154854,3,2,1,1
644154861,14,6,8,4
644154862,19,9,10,6
644154871,3,1,2,1
644154872,19,7,12,5
644154874,9,4,5,2
644154881,4,2,2,2
644154882,7,3,4,3
644154901,10,5,5,3
644154903,15,8,7,4
644154911,3,2,1,1
644154912,5,2,3,2
644154913,11,6,5,3
644154921,6,2,4,3
644154922,22,8,14,6
644154924,7,4,3,2
644154931,25,11,14,6
644154932,5,2,3,1
644154933,2,1,1,1
644154934,19,9,10,6
644154941,12,4,8,4
644154942,5,2,3,2
644154943,6,2,4,3
644154944,23,10,13,6
644154952,16,9,7,5
644154961,9,6,3,2
644154963,7,3,4,2
644154964,20,11,9,6
644154972,6,3,3,3
644154974,15,5,10,4
644154981,4,2,2,2
644154984,13,6,7,3
644154992,12,7,5,3
644154994,11,4,7,4
644155001,5,3,2,2
644155002,7,3,4,3
644155003,2,1,1,1
644155004,3,1,2,1
644155014,12,5,7,4
644155021,34,14,20,8
644155022,22,12,10,7
644155023,4,2,2,2
644155031,17,10,7,5
644155032,7,3,4,2
644155034,3,2,1,1
644155042,16,9,7,4
644155043,8,4,4,4
644155051,14,5,9,4
644155052,6,3,3,3
644155063,3,1,2,1
644155072,7,4,3,3
644155073,20,10,10,6
644155074,6,1,5,3
644155081,8,3,5,3
644155082,6,2,4,3
644155084,3,1,2,2
644155091,27,9,18,9
644155092,37,14,23,19
644155093,5,3,2,3
644155094,38,16,22,21
644155101,11,6,5,4
644155104,10,7,3,4
644155121,6,3,3,2
644155134,20,10,10,4
644155143,8,5,3,3
644155144,19,9,10,5
644155151,2,1,1,1
644155152,6,4,2,1
644155153,3,2,1,1
644155154,11,5,6,4
644155161,17,8,9,4
644155163,2,1,1,1
644155164,14,5,9,3
644155171,9,4,5,3
644155172,20,10,10,5
644155173,12,5,7,3
644155174,15,8,7,4
644155181,4,2,2,1
644155182,19,11,8,6
644155184,14,7,7,4
644155191,12,6,6,5
644155192,4,3,1,2
644155201,2,2,0,1
644155203,2,1,1,1
644155223,10,5,5,3
644155231,7,2,5,2
644155232,9,5,4,3
644155234,6,3,3,2
644155242,13,6,7,6
644155243,3,1,2,1
644155251,8,4,4,4
644155252,2,1,1,1
644155254,3,1,2,1
644155261,3,2,1,2
644155262,22,10,12,6
644155263,11,4,7,2
644155264,3,1,2,1
644155273,1,0,1,1
644155274,12,5,7,3
644155281,12,5,7,4
644155282,10,7,3,4
644155283,32,17,15,8
644155284,16,9,7,4
644155291,23,12,11,4
644155292,13,6,7,4
644155293,3,1,2,2
644155294,24,11,13,9
644155302,2,1,1,1
644155304,6,4,2,2
644155322,3,2,1,1
644155333,23,10,13,6
644155342,6,2,4,2
644155344,2,1,1,1
644155352,5,2,3,2
644155353,11,5,6,4
644155354,9,4,5,4
644155361,8,4,4,3
644155362,5,3,2,1
644155363,12,8,4,2
644155364,13,6,7,5
644155371,12,5,7,4
644155372,6,3,3,2
644155373,5,2,3,3
644155374,3,2,1,2
644155381,6,3,3,2
644155382,14,7,7,6
644155383,2,1,1,1
644155384,92,45,47,42
644155391,7,2,5,4
644155392,36,16,20,12
644155393,297,138,159,109
644155394,42,18,24,21
644155401,3,1,2,1
644155403,11,6,5,4
644155404,4,2,2,1
644155411,10,7,3,2
644155412,3,1,2,1
644155413,7,4,3,3
644155414,5,2,3,2
644155421,3,2,1,1
644155422,3,2,1,1
644155424,8,2,6,2
644155441,4,1,3,1
644155443,11,6,5,2
644155444,3,2,1,1
644155451,11,7,4,3
644155452,3,2,1,1
644155453,4,1,3,1
644155454,4,1,3,2
644155461,7,2,5,4
644155462,1,0,1,1
644155463,6,3,3,3
644155464,4,2,2,1
644155471,16,7,9,5
644155472,1,0,1,1
644155473,6,2,4,3
644155481,21,9,12,6
644155482,140,62,78,71
644155483,5,3,2,2
644155484,42,19,23,22
644155491,332,160,172,144
644155492,437,168,269,148
644155493,378,173,205,153
644155494,426,200,226,179
644155503,611,287,324,224
644155504,7,5,2,4
644155511,3,1,2,1
644155512,24,13,11,6
644155514,7,3,4,1
644155521,9,5,4,2
644155522,3,1,2,1
644155523,4,2,2,1
644155531,6,4,2,2
644155532,6,2,4,1
644155534,1,1,0,1
644155541,1,1,0,1
644155542,2,1,1,1
644155543,2,1,1,1
644155544,4,3,1,1
644155551,19,8,11,5
644155552,3,1,2,2
644155553,9,5,4,4
644155554,8,3,5,2
644155561,3,1,2,1
644155562,6,3,3,3
644155563,9,5,4,2
644155564,14,7,7,4
644155571,16,8,8,4
644155572,3,1,2,2
644155573,19,10,9,6
644155574,15,9,6,3
644155581,5,3,2,1
644155582,9,5,4,4
644155583,6,3,3,3
644155584,19,10,9,4
644155591,26,12,14,9
644155592,214,102,112,78
644155593,2,1,1,1
644155594,11,5,6,5
644155601,733,330,403,224
644155602,65,30,35,22
644155603,22,12,10,8
644155604,30,14,16,8
644155622,12,6,6,4
644155624,5,3,2,1
644155634,7,3,4,2
644155641,3,1,2,1
644155642,15,7,8,5
644155643,3,2,1,1
644155644,6,2,4,3
644155651,4,2,2,2
644155653,4,2,2,1
644155661,7,3,4,1
644155662,26,14,12,8
644155663,14,6,8,4
644155664,2,1,1,1
644155671,3,1,2,1
644155672,29,10,19,9
644155673,14,7,7,3
644155681,8,4,4,3
644155682,8,6,2,1
644155683,2,1,1,1
644155684,13,4,9,5
644155691,3,1,2,2
644155692,14,9,5,4
644155693,1,0,1,1
644155694,7,4,3,3
644155701,9,5,4,3
644155702,4,3,1,1
644155703,21,9,12,4
644155704,3,0,3,1
644155711,7,3,4,3
644155712,4,2,2,2
644155713,23,12,11,8
644155714,630,312,318,214
644155721,490,225,265,201
644155722,461,209,252,191
644155723,262,126,136,100
644155724,912,416,496,343
644155731,539,252,287,223
644155732,94,49,45,35
644155733,1048,501,547,410
644155734,50,30,20,16
644155741,4,3,1,1
644155742,6,2,4,3
644155743,20,10,10,5
644155744,2,2,0,2
644155751,12,6,6,3
644155754,7,3,4,1
644155761,11,6,5,4
644155762,9,4,5,4
644155763,3,1,2,1
644155764,7,3,4,2
644155771,10,5,5,3
644155772,9,5,4,3
644155773,5,2,3,1
644155774,6,3,3,2
644155781,5,1,4,1
644155782,13,5,8,3
644155783,14,6,8,4
644155784,2,1,1,1
644155791,8,6,2,2
644155792,10,4,6,3
644155793,2,0,2,1
644155794,5,2,3,2
644155803,9,6,3,4
644155804,13,4,9,4
644155812,595,282,313,203
644155813,7,4,3,2
644155814,21,6,15,11
644155821,618,281,337,250
644155822,419,200,219,162
644155823,517,249,268,189
644155824,585,259,326,189
644155831,31,14,17,12
644155833,28,13,15,11
644155834,19,10,9,4
644155841,6,2,4,3
644155843,2,1,1,1
644155844,4,2,2,2
644155851,2,1,1,1
644155852,5,2,3,1
644155853,11,4,7,4
644155862,6,3,3,2
644155871,7,4,3,4
644155872,14,7,7,3
644155873,11,5,6,6
644155874,5,2,3,2
644155881,1,1,0,1
644155882,2,1,1,1
644155883,9,3,6,3
644155891,12,6,6,3
644155892,27,12,15,13
644155893,14,9,5,4
644155894,424,186,238,169
644155901,16,6,10,4
644155912,12,7,5,4
644155921,2,1,1,1
644155922,25,12,13,11
644155923,5,2,3,1
644155924,3,2,1,1
644155931,9,4,5,2
644155933,11,7,4,4
644155934,4,2,2,2
644155941,11,4,7,3
644155942,2,1,1,1
644155943,18,8,10,6
644155944,22,10,12,8
644155951,18,11,7,7
644155952,5,2,3,1
644155953,1,0,1,1
644155954,13,8,5,4
644155962,7,4,3,3
644155963,17,9,8,5
644155972,18,11,7,6
644155973,3,1,2,1
644155974,4,2,2,2
644155981,5,3,2,2
644155982,33,19,14,9
644155983,9,4,5,2
644155984,7,3,4,1
644155991,7,4,3,2
644155992,691,321,370,280
644155993,5,2,3,2
644155994,376,174,202,145
644156003,14,6,8,4
644156044,3,3,0,3
644156051,5,2,3,2
644156052,14,7,7,5
644156053,15,7,8,5
644156054,2,1,1,1
644156061,5,3,2,1
644156073,10,5,5,3
644156102,1,0,1,1
644156103,2,1,1,1
644156104,8,4,4,2
644156111,6,4,2,2
644156113,3,2,1,1
644156151,8,4,4,2
644156152,7,3,4,3
644156154,1,1,0,1
644156161,13,7,6,4
644156162,2,1,1,1
644156163,5,2,3,2
644156164,4,3,1,1
644156171,10,5,5,3
644156172,2,1,1,1
644156201,4,2,2,2
644156212,1,1,0,1
644156231,7,3,4,2
644156242,9,4,5,4
644156243,1,1,0,1
644156253,2,1,1,1
644156254,13,6,7,3
644156261,25,14,11,5
644156264,2,1,1,1
644156271,2,0,2,1
644156272,4,2,2,2
644156273,2,1,1,1
644156283,2,1,1,1
644156301,3,1,2,1
644156302,2,1,1,1
644156303,25,12,13,11
644156304,383,198,185,59
644156311,2,1,1,1
644156334,5,2,3,4
644156341,20,9,11,5
644156342,3,1,2,1
644156343,1,0,1,1
644156344,3,1,2,1
644156351,4,1,3,1
644156352,11,4,7,2
644156354,4,2,2,2
644156361,1,1,0,1
644156401,309,146,163,106
644156403,208,93,115,93
644156404,20,9,11,7
644156413,14,8,6,3
644156414,5,3,2,1
644156431,3,1,2,1
644156432,7,5,2,1
644156434,2,1,1,1
644156441,17,10,7,4
644156442,7,3,4,3
644156443,2,1,1,1
644156451,14,9,5,4
644156453,3,0,3,1
644156501,75,34,41,33
644156502,3,1,2,1
644156503,8,3,5,1
644156504,2,1,1,1
644156511,1,1,0,1
644156542,3,1,2,1
644156543,6,3,3,2
644156544,2,1,1,1
644156551,19,8,11,4
644156553,10,5,5,3
644156601,15,7,8,6
644156602,34,15,19,11
644156603,10,5,5,3
644156604,8,8,0,7
644156611,4,2,2,1
644156613,20,10,10,6
644156614,23,10,13,5
644156632,5,3,2,2
644156641,18,8,10,4
644156642,6,2,4,2
644156643,6,4,2,2
644156644,11,6,5,2
644156653,11,6,5,3
644156703,5,2,3,2
644156711,4,2,2,3
644156713,2,1,1,1
644156714,5,2,3,2
644156734,11,6,5,6
644156741,8,5,3,4
644156742,2,1,1,1
644156743,2,1,1,1
644156744,8,4,4,2
644156751,11,6,5,4
644156752,3,2,1,1
644156753,12,7,5,4
644156754,19,10,9,4
644156761,2,1,1,1
644156763,9,4,5,3
644156764,10,6,4,2
644156801,2,1,1,1
644156803,18,9,9,5
644156804,4,1,3,1
644156811,7,3,4,1
644156814,3,2,1,1
644156822,10,7,3,3
644156823,1,1,0,1
644156824,43,23,20,14
644156831,17,9,8,6
644156832,19,8,11,8
644156833,2,1,1,1
644156834,29,12,17,11
644156842,2,1,1,1
644156843,7,4,3,3
644156844,7,2,5,3
644156853,15,9,6,7
644156854,9,4,5,5
644156862,11,3,8,2
644156864,2,1,1,1
644156873,1,0,1,1
644156884,7,5,2,3
644156893,4,2,2,2
644156901,410,186,224,147
644156902,202,100,102,57
644156903,1005,424,581,288
644156904,601,295,306,125
644156911,4,2,2,1
644156912,4,3,1,2
644156913,9,3,6,3
644156914,13,6,7,3
644156921,7,5,2,2
644156923,6,3,3,3
644156942,71,31,40,28
644156944,26,10,16,10
644156953,55,32,23,22
644156954,12,5,7,6
644156963,10,5,5,4
644156964,22,12,10,6
644156971,8,3,5,2
644156973,3,2,1,1
644156974,34,17,17,7
644156982,7,4,3,4
644156983,5,1,4,1
644156984,3,2,1,1
644156991,69,32,37,36
644156992,157,74,83,72
644156993,8,5,3,5
644156994,3,1,2,2
644157682,1,0,1,1
644157684,23,7,16,15
644157691,28,15,13,18
644157693,4,2,2,2
644157734,13,6,7,5
644157741,20,13,7,10
644157743,8,4,4,4
644157753,9,4,5,2
644157754,6,3,3,2
644157774,5,1,4,2
644157781,3,2,1,2
644157782,7,3,4,4
644157783,19,10,9,9
644157784,26,12,14,14
644157804,4,2,2,2
644157813,2,1,1,1
644157814,6,4,2,2
644157832,3,2,1,1
644157834,50,28,22,22
644157842,1,0,1,1
644157843,16,9,7,5
644157851,11,6,5,4
644157852,3,1,2,1
644157861,6,3,3,3
644157862,4,2,2,2
644157871,4,1,3,2
644157872,2,0,2,1
644157901,3,1,2,2
644157911,6,3,3,2
644157912,15,7,8,6
644157914,3,2,1,1
644157921,9,5,4,5
644157922,32,17,15,16
644157923,2,1,1,1
644157924,132,65,67,74
644157931,119,55,64,64
644157932,45,20,25,18
644157933,129,56,73,68
644157934,2,1,1,2
644160002,4,2,2,2
644160003,431,194,237,193
644160004,97,42,55,50
644160011,21,13,8,11
644160012,11,5,6,5
644160013,84,41,43,34
644160014,144,80,64,64
644160021,511,249,262,189
644160022,1382,642,740,546
644160023,1250,603,647,509
644160024,1267,563,704,548
644160031,1291,627,664,477
644160032,420,194,226,157
644160033,1190,557,633,506
644160034,773,372,401,255
644160041,1628,651,977,523
644160042,1116,504,612,439
644160043,1913,808,1105,824
644160044,1233,550,683,495
644160051,15,7,8,6
644160053,762,363,399,265
644160054,88,43,45,29
644160061,1,0,1,1
644160062,4,1,3,2
644160101,1319,573,746,602
644160102,806,369,437,353
644160103,1289,606,683,599
644160104,1801,774,1027,889
644160111,288,137,151,143
644160112,579,277,302,257
644160113,1209,542,667,490
644160114,1110,507,603,517
644160121,1017,453,564,382
644160122,1570,705,865,690
644160123,984,421,563,495
644160124,379,179,200,267
644160131,1175,547,628,512
644160132,1363,642,721,562
644160133,12,5,7,5
644160134,18,9,9,8
644160141,1257,549,708,393
644160142,921,429,492,404
644160143,13,7,6,8
644160144,9,5,4,4
644160151,290,138,152,115
644160152,4,2,2,2
644160201,1383,572,811,707
644160202,1702,745,957,818
644160203,2425,1031,1394,1339
644160204,632,273,359,329
644160211,297,142,155,150
644160212,1,0,1,1
644160213,5,2,3,2
644160301,1582,666,916,890
644160302,24,13,11,22
644160303,294,137,157,185
644160401,57,25,32,25
644160403,10,5,5,5
644160501,12,6,6,5
644160502,72,31,41,31
644160503,139,62,77,64
644160504,270,130,140,116
644160513,20,7,13,7
644160601,183,87,96,82
644160602,908,424,484,402
644160603,1059,462,597,458
644160604,477,203,274,210
644160611,402,178,224,167
644160613,154,67,87,69
644160701,974,450,524,382
644160702,322,145,177,137
644160703,54,23,31,22
644160704,439,194,245,171
644160711,38,16,22,13
644160713,90,43,47,39
644160802,61,26,35,28
644160811,52,23,29,20
644162041,110,19,91,6
644162042,224,114,110,86
644162043,38,19,19,11
644162044,227,109,118,81
644162051,1207,577,630,511
644162052,1286,636,650,492
644162053,612,295,317,217
644162054,51,26,25,25
644162061,298,147,151,125
644162062,275,145,130,103
644162071,566,263,303,150
644162072,45,19,26,2
644162081,24,14,10,10
644162082,147,78,69,70
644162083,15,7,8,5
644162084,17,6,11,8
644162093,3,2,1,1
644162141,176,84,92,65
644162142,165,89,76,67
644162144,23,11,12,9
644162151,615,294,321,209
644162152,89,45,44,30
644162153,61,29,32,23
644162154,11,7,4,4
644162161,6,3,3,1
644162162,4,2,2,2
644162164,8,4,4,3
644162171,4,1,3,1
644162173,5,2,3,2
644162174,4,3,1,2
644162181,9,4,5,4
644162183,30,15,15,10
644162184,3,1,2,2
644162192,5,2,3,2
644162193,6,2,4,2
644162194,8,3,5,3
644162261,22,12,10,8
644162272,9,6,3,2
644162273,3,2,1,1
644162274,5,2,3,2
644162281,2,1,1,1
644162282,1,1,0,1
644162283,5,2,3,2
644162284,6,3,3,2
644162292,13,6,7,4
644162293,1,0,1,1
644162294,13,7,6,6
644162363,9,6,3,6
644162371,5,2,3,2
644162372,18,7,11,7
644162373,2,1,1,2
644162381,6,3,3,2
644162383,4,1,3,2
644162384,3,1,2,2
644162391,6,3,3,3
644162393,4,2,2,2
644162394,2,2,0,2
644162442,1,1,0,1
644162461,5,1,4,3
644162472,6,4,2,1
644162474,6,4,2,4
644162481,1,0,1,1
644162482,2,1,1,1
644162484,8,3,5,4
644162491,3,1,2,2
644162492,2,1,1,1
644162494,9,6,3,5
644162554,11,7,4,4
644162563,17,6,11,5
644162564,43,23,20,19
644162571,2,1,1,1
644162573,1,0,1,1
644162662,7,4,3,4
644162671,23,11,12,6
644162672,7,3,4,3
644162673,213,107,106,91
644162674,107,57,50,40
644162771,423,186,237,158
644162772,246,123,123,92
644162773,202,106,96,76
644162774,88,40,48,36
644162794,6,4,2,2
644162871,22,10,12,11
644162872,90,40,50,51
644162874,84,38,46,47
644162892,5,3,2,3
644162893,4,2,2,1
644162894,10,6,4,3
644162972,70,38,32,33
644162981,137,64,73,58
644162982,3,2,1,2
644162983,138,60,78,62
644162984,6,3,3,4
644162991,104,47,57,37
644162992,400,196,204,153
644162993,117,56,61,54
644162994,29,15,14,12
644163002,93,53,40,27
644163011,472,236,236,147
644163012,289,159,130,96
644163021,310,152,158,117
644163022,11,7,4,6
644163031,827,397,430,265
644163032,5,2,3,2
644163044,3,1,2,1
644163053,7,3,4,2
644163054,2,0,2,1
644163062,7,3,4,4
644163063,7,4,3,2
644163071,9,2,7,4
644163072,3,2,1,1
644163081,1,1,0,1
644163082,15,7,8,4
644163083,4,2,2,1
644163084,4,2,2,1
644163091,2,1,1,1
644163093,9,4,5,3
644163094,7,3,4,2
644163101,3,2,1,1
644163103,5,2,3,2
644163104,8,3,5,3
644163111,1,0,1,1
644163122,3,2,1,1
644163134,10,6,4,3
644163141,2,1,1,1
644163143,8,4,4,3
644163144,2,1,1,1
644163151,5,3,2,2
644163153,15,8,7,4
644163154,45,23,22,11
644163161,2,1,1,1
644163163,10,6,4,3
644163171,13,7,6,3
644163172,17,7,10,4
644163174,6,2,4,1
644163184,10,4,6,3
644163191,2,1,1,1
644163192,6,3,3,1
644163193,17,9,8,4
644163194,8,3,5,1
644163201,12,5,7,5
644163202,3,0,3,1
644163203,5,3,2,2
644163204,4,2,2,2
644163211,30,20,10,1
644163224,6,3,3,2
644163232,10,5,5,3
644163233,3,1,2,1
644163234,22,14,8,4
644163241,7,4,3,3
644163242,93,18,75,3
644163244,3,1,2,1
644163251,261,124,137,89
644163252,277,125,152,89
644163253,685,329,356,222
644163254,795,358,437,286
644163261,12,6,6,5
644163263,185,91,94,71
644163264,3,1,2,1
644163271,6,2,4,2
644163274,9,3,6,5
644163282,1,1,0,1
644163283,4,1,3,2
644163284,10,6,4,4
644163291,21,12,9,5
644163292,2,2,0,1
644163293,3,1,2,1
644163294,3,1,2,1
644163301,2,1,1,1
644163302,6,2,4,3
644163304,2,1,1,1
644163313,3,1,2,1
644163324,6,4,2,2
644163351,318,160,158,104
644163352,839,388,451,296
644163353,80,35,45,24
644163354,736,342,394,225
644163361,380,186,194,128
644163363,419,202,217,138
644163364,24,10,14,6
644163384,9,5,4,3
644163392,4,2,2,1
644163393,5,3,2,2
644163394,8,3,5,4
644163401,2,1,1,1
644163403,12,7,5,7
644163404,1,1,0,1
644163421,4,2,2,1
644163422,8,3,5,3
644163423,15,10,5,3
644163431,1,1,0,1
644163432,11,7,4,4
644163433,2,1,1,1
644163434,4,2,2,2
644163442,21,11,10,5
644163444,5,1,4,1
644163451,181,89,92,54
644163452,163,84,79,48
644163453,91,45,46,30
644163454,22,11,11,6
644163461,13,3,10,5
644163463,5,2,3,2
644163464,5,2,3,1
644163491,3,2,1,1
644163492,13,7,6,6
644163493,15,8,7,6
644163512,14,8,6,3
644163521,2,1,1,1
644163523,5,2,3,1
644163541,3,2,1,1
644163542,15,6,9,6
644163551,84,40,44,32
644163552,25,12,13,9
644163553,6,4,2,2
644163554,28,14,14,11
644163561,84,37,47,31
644163562,57,26,31,26
644163563,29,13,16,11
644163564,64,26,38,26
644163571,48,20,28,21
644163573,175,81,94,71
644163574,9,5,4,3
644163582,4,2,2,2
644163591,1,1,0,1
644163592,4,3,1,1
644163593,3,2,1,1
644163634,15,5,10,3
644163642,3,2,1,1
644163672,7,4,3,3
644163673,2,1,1,1
644163681,6,3,3,2
644163682,7,5,2,2
644163684,10,6,4,4
644163691,2,1,1,1
644163692,86,41,45,24
644163693,19,7,12,6
644163694,4,2,2,3
644163701,6,3,3,1
644163702,10,4,6,4
644163703,12,6,6,4
644163704,6,4,2,2
644163714,2,1,1,1
644163732,2,1,1,1
644163733,15,9,6,2
644163734,6,3,3,1
644163741,3,1,2,1
644163743,15,9,6,4
644163744,6,3,3,1
644163752,6,4,2,2
644163753,3,1,2,1
644163761,2,2,0,1
644163782,9,5,4,5
644163784,2,1,1,1
644163791,1,1,0,1
644163792,13,7,6,4
644163793,6,3,3,2
644163794,7,3,4,3
644163801,6,4,2,2
644163802,15,9,6,3
644163803,9,4,5,2
644163804,13,5,8,5
644163811,5,4,1,1
644163812,10,3,7,4
644163813,4,2,2,1
644163822,12,6,6,3
644163824,7,3,4,2
644163832,8,4,4,5
644163842,6,3,3,2
644163843,10,6,4,2
644163844,4,1,3,2
644163853,12,6,6,4
644163861,6,3,3,2
644163881,6,4,2,1
644163883,3,2,1,1
644163892,11,4,7,4
644163894,7,3,4,2
644163901,332,173,159,111
644163902,25,13,12,9
644163903,45,19,26,15
644163904,11,8,3,5
644163912,30,14,16,6
644163913,103,56,47,44
644163921,9,5,4,2
644163923,10,6,4,4
644163931,17,8,9,9
644163932,6,4,2,2
644163933,5,2,3,3
644163934,2,1,1,1
644163942,12,8,4,2
644163943,3,2,1,1
644163951,4,1,3,2
644163981,5,2,3,1
644164001,8,5,3,3
644164003,9,6,3,2
644164004,2,1,1,1
644164012,13,4,9,3
644164013,9,5,4,2
644164014,3,2,1,2
644164021,2,1,1,1
644164022,7,4,3,3
644164023,12,6,6,4
644164024,17,7,10,4
644164032,2,2,0,2
644164033,6,3,3,2
644164041,6,4,2,2
644164042,3,1,2,1
644164043,7,3,4,2
644164044,8,3,5,2
644164051,5,3,2,2
644164054,21,11,10,4
644164062,20,9,11,7
644164064,17,10,7,5
644164072,16,6,10,5
644164081,10,4,6,4
644164082,16,7,9,4
644164084,18,10,8,5
644164101,3,2,1,1
644164102,5,3,2,1
644164103,1,0,1,1
644164112,11,5,6,5
644164114,3,1,2,1
644164122,7,4,3,2
644164123,8,3,5,3
644164124,19,10,9,5
644164133,2,1,1,1
644164143,4,3,1,1
644164144,5,3,2,2
644164151,7,4,3,2
644164153,3,1,2,1
644164161,13,8,5,3
644164162,3,2,1,1
644164171,8,4,4,2
644164174,9,6,3,4
644164183,10,5,5,4
644164193,9,5,4,2
644164214,10,5,5,4
644164221,18,9,9,5
644164222,9,4,5,2
644164223,23,13,10,8
644164224,16,6,10,6
644164231,3,1,2,2
644164241,12,7,5,3
644164243,3,1,2,1
644164251,9,4,5,4
644164253,3,2,1,1
644164261,7,3,4,2
644164262,11,4,7,5
644164263,2,2,0,1
644164272,5,3,2,1
644164274,14,6,8,4
644164281,7,4,3,1
644164282,1,0,1,1
644164283,11,6,5,3
644164292,4,2,2,2
644164293,4,2,2,2
644164302,6,3,3,3
644164303,22,13,9,7
644164304,12,6,6,4
644164312,19,9,10,7
644164313,36,17,19,10
644164314,22,11,11,7
644164322,14,7,7,6
644164334,1,0,1,1
644164341,10,5,5,4
644164342,4,2,2,1
644164343,16,7,9,4
644164344,4,2,2,1
644164361,1,0,1,1
644164363,9,4,5,4
644164371,2,1,1,1
644164372,3,1,2,2
644164381,10,5,5,2
644164391,9,4,5,2
644164392,17,7,10,6
644164393,7,4,3,1
644164394,22,8,14,5
644164401,29,17,12,7
644164402,2,1,1,1
644164403,7,3,4,3
644164404,15,7,8,4
644164412,29,13,16,12
644164413,2,1,1,1
644164414,46,20,26,18
644164421,6,3,3,1
644164422,4,2,2,2
644164423,12,6,6,4
644164424,25,10,15,8
644164431,1,1,0,1
644164432,13,5,8,3
644164433,3,2,1,1
644164434,9,5,4,2
644164441,7,5,2,2
644164442,4,1,3,1
644164451,26,11,15,6
644164453,16,5,11,5
644164461,6,3,3,1
644164462,11,4,7,4
644164463,5,3,2,2
644164464,3,2,1,1
644164471,14,7,7,4
644164473,5,2,3,3
644164474,18,8,10,5
644164481,10,5,5,2
644164491,2,0,2,1
644164492,2,1,1,1
644164493,7,5,2,3
644164494,3,2,1,2
644164502,62,31,31,24
644164503,8,3,5,4
644164504,254,124,130,108
644164511,453,225,228,160
644164512,117,55,62,51
644164513,304,149,155,140
644164514,298,144,154,128
644164521,3,1,2,2
644164522,24,12,12,8
644164523,20,9,11,10
644164524,5,2,3,3
644164531,25,13,12,7
644164532,13,7,6,5
644164533,4,2,2,1
644164534,3,1,2,1
644164541,10,4,6,3
644164542,8,5,3,1
644164544,7,4,3,2
644164563,9,3,6,3
644164572,27,16,11,6
644164574,8,3,5,2
644164581,12,9,3,4
644164583,12,7,5,5
644164591,16,8,8,4
644164592,45,24,21,9
644164593,14,8,6,4
644164594,3,1,2,1
644164601,61,29,32,22
644164602,751,359,392,344
644164603,283,124,159,92
644164604,675,318,357,287
644164611,665,354,311,446
644164612,404,196,208,166
644164613,685,347,338,492
644164614,681,363,318,288
644164621,252,108,144,90
644164622,26,14,12,10
644164623,370,176,194,168
644164624,22,9,13,9
644164632,19,8,11,5
644164633,30,13,17,11
644164634,8,5,3,2
644164641,7,3,4,2
644164642,2,1,1,1
644164644,14,8,6,5
644164651,7,5,2,1
644164661,9,5,4,3
644164663,25,9,16,6
644164664,2,1,1,1
644164671,12,7,5,3
644164681,1,1,0,1
644164683,2,1,1,1
644164684,3,1,2,1
644164691,12,5,7,4
644164692,4,1,3,1
644164693,2,1,1,1
644164694,10,5,5,3
644164701,10,5,5,4
644164702,503,259,244,189
644164704,5,4,1,3
644164711,847,408,439,335
644164712,751,345,406,326
644164713,577,275,302,222
644164714,166,83,83,68
644164721,87,42,45,33
644164722,8,4,4,2
644164723,14,5,9,5
644164732,4,2,2,2
644164733,3,1,2,1
644164734,9,4,5,2
644164742,2,1,1,1
644164743,11,5,6,2
644164754,2,2,0,1
644164761,14,7,7,3
644164762,9,5,4,2
644164763,8,4,4,2
644164771,13,9,4,3
644164773,9,5,4,3
644164774,3,2,1,1
644164781,3,2,1,1
644164782,10,5,5,4
644164783,3,2,1,2
644164784,13,6,7,3
644164791,21,14,7,5
644164792,11,4,7,6
644164801,50,26,24,15
644164802,4,3,1,1
644164803,8,5,3,1
644164804,12,6,6,5
644164811,86,42,44,33
644164812,5,3,2,3
644164813,52,26,26,20
644164814,8,5,3,2
644164821,2,1,1,1
644164823,1,1,0,1
644164831,7,3,4,1
644164841,4,2,2,1
644164842,8,3,5,2
644164844,9,5,4,3
644164851,20,8,12,4
644164852,7,4,3,3
644164853,7,3,4,2
644164861,2,1,1,1
644164863,3,2,1,2
644164864,3,2,1,1
644164871,6,3,3,1
644164872,4,2,2,1
644164873,16,8,8,4
644164881,15,6,9,4
644164882,20,9,11,5
644164883,5,3,2,1
644164884,9,5,4,3
644164893,8,5,3,2
644164911,27,11,16,11
644164912,6,2,4,2
644164913,2,1,1,1
644164914,9,6,3,3
644164922,11,6,5,4
644164923,4,2,2,2
644164924,6,2,4,2
644164942,3,2,1,2
644164951,30,14,16,11
644164953,22,11,11,8
644164954,11,5,6,4
644164961,6,3,3,2
644164962,12,4,8,3
644164963,2,1,1,1
644164972,4,2,2,1
644164974,2,1,1,1
644164981,1,0,1,1
644164983,9,5,4,4
644164984,7,4,3,2
644164991,4,3,1,1
644164993,20,7,13,6
644165001,2,0,2,1
644165002,11,5,6,5
644165003,15,6,9,3
644165004,18,8,10,5
644165011,17,6,11,4
644165013,10,6,4,5
644165021,3,1,2,1
644165022,4,1,3,1
644165023,10,7,3,3
644165024,2,1,1,1
644165031,10,4,6,4
644165033,4,2,2,2
644165034,3,1,2,1
644165041,8,3,5,2
644165042,2,1,1,1
644165043,2,1,1,1
644165044,2,1,1,1
644165051,11,5,6,5
644165052,34,19,15,12
644165053,15,9,6,6
644165062,20,11,9,9
644165063,52,25,27,18
644165064,302,144,158,104
644165073,44,16,28,16
644165074,15,7,8,4
644165082,30,12,18,8
644165083,4,3,1,1
644165091,26,12,14,10
644165092,2,1,1,1
644165093,1,0,1,1
644165094,10,6,4,4
644165101,9,6,3,2
644165102,26,12,14,8
644165103,2,1,1,1
644165104,5,2,3,2
644165111,2,1,1,1
644165112,6,3,3,2
644165113,20,12,8,4
644165114,4,1,3,2
644165121,3,1,2,1
644165123,9,4,5,3
644165124,19,10,9,5
644165132,16,9,7,5
644165133,4,2,2,1
644165141,9,5,4,2
644165142,16,9,7,5
644165143,7,5,2,2
644165144,2,1,1,2
644165151,12,3,9,4
644165152,6,3,3,3
644165153,16,10,6,3
644165154,2,1,1,1
644165161,12,7,5,6
644165162,79,33,46,32
644165163,55,25,30,21
644165164,619,286,333,235
644165171,247,111,136,91
644165172,1,1,0,1
644165173,379,177,202,167
644165174,206,101,105,80
644165183,3,1,2,1
644165194,8,4,4,3
644165212,7,3,4,3
644165221,2,1,1,1
644165223,3,1,2,1
644165224,30,12,18,6
644165231,17,7,10,4
644165232,2,1,1,1
644165233,9,4,5,2
644165234,3,2,1,1
644165241,1,1,0,1
644165242,3,2,1,2
644165244,4,3,1,1
644165251,7,4,3,3
644165252,2,0,2,2
644165253,11,4,7,3
644165254,16,8,8,4
644165261,30,11,19,9
644165262,43,25,18,15
644165263,5,3,2,2
644165264,2,0,2,1
644165271,611,264,347,243
644165272,304,143,161,123
644165273,10,5,5,3
644165274,195,88,107,78
644165281,48,21,27,17
644165282,31,15,16,13
644165283,9,6,3,3
644165284,64,29,35,21
644165291,53,23,30,24
644165292,50,23,27,23
644165293,936,466,470,368
644165294,509,245,264,221
644165301,5,2,3,2
644165303,11,6,5,3
644165312,6,2,4,2
644165314,5,3,2,2
644165322,2,1,1,1
644165323,10,5,5,2
644165331,22,10,12,5
644165334,4,2,2,1
644165341,9,3,6,2
644165343,5,3,2,3
644165344,2,1,1,1
644165351,11,5,6,3
644165352,5,2,3,1
644165353,7,4,3,2
644165361,2,1,1,1
644165362,4,2,2,1
644165364,6,3,3,3
644165371,4,2,2,2
644165372,11,6,5,3
644165373,6,2,4,1
644165374,5,3,2,1
644165381,4,2,2,2
644165382,8,3,5,5
644165383,29,17,12,8
644165384,6,2,4,2
644165391,289,133,156,122
644165392,627,304,323,300
644165393,55,31,24,27
644165394,233,106,127,87
644165401,8,4,4,3
644165402,11,5,6,5
644165403,2,1,1,1
644165404,3,1,2,2
644165413,2,1,1,1
644165421,18,8,10,4
644165422,2,1,1,1
644165424,2,1,1,1
644165431,7,5,2,2
644165432,4,3,1,2
644165433,9,4,5,2
644165441,4,2,2,1
644165442,8,4,4,3
644165443,6,2,4,2
644165444,2,1,1,1
644165451,4,2,2,1
644165452,5,3,2,1
644165453,3,1,2,2
644165454,3,2,1,1
644165461,1,1,0,1
644165463,6,4,2,1
644165471,2,1,1,1
644165472,3,1,2,3
644165474,36,17,19,14
644165481,11,4,7,3
644165482,7,4,3,2
644165484,63,35,28,18
644165491,631,285,346,267
644165492,824,391,433,331
644165493,1004,469,535,355
644165494,1043,492,551,444
644165501,5,2,3,2
644165502,4,2,2,1
644165503,5,3,2,2
644165504,2,1,1,1
644165511,3,1,2,1
644165514,16,9,7,6
644165531,21,13,8,6
644165532,5,1,4,2
644165534,2,1,1,1
644165541,41,21,20,14
644165544,7,3,4,3
644165561,2,1,1,1
644165562,2,1,1,1
644165564,17,10,7,5
644165572,33,16,17,10
644165573,7,2,5,1
644165574,4,1,3,1
644165581,21,13,8,7
644165582,19,7,12,6
644165584,13,7,6,5
644165591,283,132,151,112
644165592,505,235,270,191
644165593,308,144,164,119
644165594,309,147,162,124
644165602,12,7,5,4
644165603,5,2,3,2
644165604,52,24,28,29
644165611,21,9,12,6
644165612,102,51,51,28
644165613,603,307,296,88
644165614,280,121,159,126
644165621,4,3,1,3
644165623,76,35,41,31
644165634,11,6,5,3
644165642,13,7,6,4
644165643,9,5,4,2
644165644,8,3,5,2
644165651,10,5,5,3
644165652,14,9,5,3
644165662,3,2,1,1
644165671,9,5,4,4
644165673,4,1,3,1
644165674,5,3,2,2
644165681,8,3,5,3
644165684,11,5,6,3
644165691,7,1,6,3
644165692,3,1,2,1
644165693,8,4,4,4
644165694,43,21,22,15
644165701,2,1,1,1
644165711,100,54,46,42
644165712,440,225,215,179
644165713,12,6,6,2
644165714,11,6,5,3
644165721,120,56,64,61
644165722,3,2,1,1
644165723,12,7,5,2
644165724,6,4,2,1
644165732,5,2,3,1
644165741,7,3,4,2
644165743,3,1,2,1
644165751,3,1,2,1
644165752,10,5,5,3
644165753,28,9,19,7
644165781,8,3,5,2
644165783,7,4,3,1
644165791,8,3,5,1
644165792,13,6,7,4
644165793,3,1,2,2
644165794,18,8,10,6
644165801,11,5,6,3
644165802,13,5,8,4
644165803,4,2,2,2
644165804,3,1,2,1
644165811,4,2,2,1
644165812,2,1,1,1
644165813,6,1,5,3
644165814,7,2,5,4
644165821,17,9,8,4
644165823,22,10,12,5
644165834,6,3,3,2
644165841,31,12,19,8
644165843,5,1,4,3
644165852,13,5,8,3
644165861,17,10,7,5
644165864,27,14,13,8
644165872,5,2,3,1
644165873,3,2,1,1
644165874,1,0,1,1
644165882,8,4,4,3
644165884,18,10,8,7
644165891,3,1,2,1
644165892,5,3,2,1
644165893,8,2,6,3
644165894,2,1,1,1
644165902,3,1,2,1
644165911,13,7,6,3
644165912,15,6,9,5
644165913,3,2,1,1
644165914,20,11,9,4
644165932,11,5,6,3
644165934,13,6,7,3
644165941,14,9,5,6
644165942,5,2,3,1
644165943,24,12,12,7
644165953,3,1,2,2
644165964,1,0,1,1
644165971,29,13,16,8
644165972,3,2,1,1
644165973,12,7,5,3
644165974,3,2,1,1
644165981,7,4,3,2
644165993,2,1,1,1
644165994,12,7,5,4
644166001,218,112,106,90
644166002,279,133,146,114
644166003,420,217,203,210
644166004,785,375,410,333
644166011,7,4,3,3
644166012,82,42,40,32
644166013,74,41,33,45
644166014,249,112,137,111
644166021,117,53,64,52
644166023,253,136,117,147
644166051,69,37,32,27
644166052,8,4,4,3
644166054,3,1,2,1
644166101,411,202,209,155
644166102,995,477,518,421
644166103,289,130,159,111
644166104,1096,526,570,453
644166111,363,160,203,155
644166112,250,121,129,102
644166113,813,378,435,379
644166114,408,181,227,195
644166121,7,4,3,4
644166123,161,75,86,66
644166152,12,8,4,4
644166153,2,1,1,1
644166154,9,6,3,3
644166161,2,1,1,1
644166201,706,345,361,302
644166202,1316,618,698,567
644166203,904,355,549,316
644166204,1256,550,706,582
644166211,705,330,375,306
644166212,683,347,336,291
644166213,761,366,395,373
644166214,646,323,323,286
644166221,478,228,250,165
644166223,1049,462,587,463
644166224,297,126,171,128
644166233,353,155,198,137
644166234,6,2,4,2
644166241,3,1,2,2
644166243,11,3,8,3
644166301,1022,448,574,429
644166302,1001,438,563,446
644166303,1166,524,642,555
644166304,1111,521,590,530
644166311,305,129,176,92
644166312,521,236,285,241
644166313,876,390,486,465
644166314,452,195,257,249
644166321,441,212,229,200
644166322,578,271,307,203
644166323,841,387,454,351
644166324,241,121,120,88
644166331,490,228,262,188
644166333,605,279,326,196
644166334,331,156,175,137
644166343,23,11,12,7
644166344,1,1,0,1
644166354,8,3,5,2
644166361,4,1,3,2
644166363,5,4,1,3
644166401,631,285,346,261
644166402,682,292,390,266
644166403,810,377,433,363
644166404,211,94,117,81
644166411,877,377,500,539
644166412,1064,528,536,577
644166413,921,415,506,465
644166414,791,362,429,411
644166421,839,387,452,366
644166422,328,169,159,125
644166423,736,341,395,380
644166424,783,368,415,350
644166431,909,400,509,375
644166432,564,288,276,205
644166433,1076,482,594,467
644166434,465,232,233,175
644166443,16,10,6,6
644166451,123,70,53,2
644166452,1,1,0,1
644166461,2,1,1,1
644166463,5,2,3,3
644166464,5,3,2,2
644166471,1,0,1,1
644166473,2,1,1,1
644166501,707,343,364,272
644166502,681,323,358,302
644166503,288,139,149,109
644166504,427,203,224,176
644166511,670,305,365,275
644166512,860,410,450,381
644166513,981,465,516,372
644166514,167,82,85,60
644166521,528,247,281,253
644166522,726,335,391,315
644166523,234,113,121,86
644166524,283,124,159,81
644166531,1163,541,622,527
644166532,1196,558,638,536
644166533,966,445,521,472
644166534,677,374,303,151
644166541,479,227,252,201
644166552,4,1,3,1
644166561,4,1,3,3
644166563,7,5,2,3
644166601,31,18,13,8
644166602,3,1,2,1
644166603,11,5,6,2
644166604,8,5,3,2
644166611,55,25,30,18
644166612,15,5,10,5
644166613,12,3,9,4
644166614,10,5,5,3
644166621,7,4,3,2
644166622,430,200,230,162
644166623,7,3,4,4
644166624,3,2,1,1
644166631,879,414,465,386
644166632,1137,529,608,443
644166633,271,125,146,110
644166634,772,352,420,315
644166641,551,260,291,208
644166643,1163,530,633,438
644166644,38,21,17,15
644166652,11,5,6,4
644166653,17,9,8,5
644166654,9,4,5,2
644166661,2,1,1,1
644166663,17,9,8,8
644166683,9,5,4,4
644166701,17,9,8,3
644166703,7,4,3,1
644166704,5,3,2,2
644166711,6,3,3,2
644166712,19,11,8,8
644166713,11,6,5,3
644166714,13,8,5,5
644166722,29,14,15,12
644166723,10,5,5,2
644166724,4,3,1,1
644166731,62,27,35,27
644166732,635,305,330,221
644166733,15,7,8,5
644166734,59,29,30,22
644166741,14,5,9,5
644166743,12,4,8,4
644166744,22,10,12,10
644166751,9,6,3,4
644166752,20,7,13,8
644166753,3,1,2,2
644166754,29,15,14,11
644166761,11,6,5,6
644166762,5,1,4,2
644166763,30,16,14,11
644166764,2,1,1,1
644166771,12,7,5,6
644166772,3,2,1,2
644166781,13,8,5,3
644166801,3,2,1,1
644166802,6,3,3,3
644166803,4,1,3,1
644166804,15,9,6,3
644166811,19,9,10,5
644166812,15,7,8,3
644166813,13,6,7,6
644166814,10,4,6,3
644166821,11,5,6,4
644166822,24,12,12,5
644166823,14,8,6,5
644166824,18,10,8,6
644166832,14,7,7,5
644166833,6,4,2,1
644166834,2,1,1,1
644166841,5,2,3,1
644166843,68,34,34,32
644166844,13,7,6,10
644166851,383,179,204,143
644166852,130,58,72,49
644166853,36,14,22,12
644166854,37,18,19,14
644166861,9,4,5,3
644166862,12,7,5,2
644166863,7,5,2,1
644166864,17,10,7,5
644166871,14,7,7,4
644166872,28,13,15,5
644166873,7,4,3,3
644166882,18,9,9,5
644166883,11,5,6,2
644166884,6,3,3,3
644166891,12,5,7,6
644166892,14,7,7,8
644166893,4,2,2,2
644166894,71,30,41,31
644166901,9,5,4,3
644166902,8,4,4,2
644166903,3,1,2,1
644166904,1,0,1,1
644166911,12,5,7,2
644166912,4,2,2,1
644166914,7,2,5,2
644166921,16,7,9,5
644166922,13,9,4,4
644166923,22,12,10,5
644166924,5,3,2,1
644166931,2,1,1,1
644166932,14,8,6,5
644166933,6,3,3,2
644166934,10,5,5,3
644166941,4,1,3,1
644166942,9,5,4,8
644166943,10,5,5,3
644166951,2,1,1,1
644166952,19,10,9,9
644166961,7,3,4,4
644166962,7,5,2,2
644166964,11,7,4,4
644166971,11,4,7,3
644166972,18,9,9,5
644166981,111,49,62,39
644166982,207,94,113,90
644166983,4,1,3,3
644166984,81,42,39,34
644166991,240,109,131,112
644166992,588,265,323,290
644166993,396,176,220,203
644166994,691,308,383,347
644167021,1,0,1,1
644167022,49,28,21,31
644167704,77,24,53,20
644167711,45,17,28,25
644167712,69,33,36,37
644167713,110,52,58,66
644167714,33,12,21,22
644167721,31,15,16,16
644167722,7,2,5,4
644167723,3,2,1,2
644167801,30,14,16,12
644167802,238,117,121,126
644167803,117,55,62,60
644167804,38,18,20,18
644167811,19,8,11,10
644167901,551,232,319,255
644167902,104,54,50,53
644167903,529,216,313,263
644167904,236,96,140,116
644167911,2,2,0,1
644167913,306,147,159,135
644167914,23,12,11,12
644167924,3,1,2,2
644167933,195,98,97,102
644167934,35,14,21,18
644167993,5,3,2,2
644172081,1,1,0,1
644172082,3,1,2,1
644172091,20,10,10,9
644172094,7,3,4,4
644173002,364,197,167,137
644173003,4,3,1,3
644173004,330,171,159,132
644173011,100,54,46,39
644173021,7,3,4,3
644173022,24,11,13,9
644173031,24,11,13,6
644173032,142,50,92,20
644173041,5,3,2,3
644173042,13,6,7,5
644173043,24,15,9,7
644173044,5,4,1,2
644173051,2,1,1,1
644173052,1,1,0,1
644173053,3,1,2,2
644173102,19,10,9,8
644173103,7,4,3,2
644173104,3,1,2,1
644173111,31,18,13,13
644173112,3,1,2,2
644173113,12,7,5,6
644173114,1,0,1,1
644173122,19,12,7,8
644173124,15,6,9,4
644173131,9,4,5,3
644173132,1,1,0,1
644173133,2,2,0,2
644173134,3,1,2,1
644173141,2,1,1,1
644173142,2,1,1,1
644173143,2,2,0,1
644173144,5,1,4,1
644173151,19,9,10,6
644173152,2,1,1,1
644173154,4,1,3,2
644173201,1,1,0,1
644173211,6,6,0,1
644173212,10,4,6,5
644173223,7,5,2,1
644173224,6,2,4,4
644173231,3,2,1,1
644173232,1,1,0,1
644173261,8,4,4,3
644173263,2,1,1,1
644173311,5,2,3,2
644173312,9,6,3,2
644173313,4,1,3,1
644173314,4,2,2,2
644173321,3,1,2,2
644173322,60,31,29,17
644173324,13,6,7,6
644173332,5,2,3,2
644173362,4,1,3,1
644173412,15,8,7,4
644173414,4,1,3,1
644173424,18,9,9,7
644173522,6,3,3,3
644173524,2,1,1,1
644173544,3,1,2,1
644173553,14,7,7,4
644173563,1,1,0,1
644173564,2,1,1,1
644173573,2,1,1,1
644173623,7,4,3,1
644173624,20,9,11,8
644173634,1,1,0,1
644173642,9,3,6,5
644173643,8,6,2,4
644173644,3,2,1,2
644173652,6,3,3,3
644173661,14,7,7,6
644173722,26,13,13,14
644173731,7,3,4,3
644173733,123,57,66,61
644173734,10,5,5,5
644173742,8,5,3,4
644173751,11,7,4,2
644173831,15,8,7,5
644173832,31,16,15,22
644173834,3,1,2,1
644173841,11,4,7,5
644173843,3,2,1,1
644173844,9,4,5,2
644173853,10,4,6,5
644173854,3,1,2,2
644173863,12,8,4,5
644173864,2,1,1,1
644173932,5,4,1,2
644173941,2,1,1,1
644173951,8,3,5,2
644173961,2,1,1,1
644173962,7,3,4,4
644173971,4,2,2,2
644173973,4,3,1,2
644173974,2,1,1,1
644174011,1,0,1,1
644174012,19,8,11,5
644174013,3,2,1,1
644174014,10,5,5,3
644174021,12,6,6,4
644174024,47,26,21,22
644174033,73,32,41,30
644174052,8,3,5,3
644174062,9,5,4,2
644174063,1,0,1,1
644174071,3,1,2,1
644174072,15,6,9,4
644174081,3,1,2,1
644174084,16,7,9,3
644174091,12,6,6,4
644174093,4,2,2,1
644174112,10,3,7,4
644174121,21,12,9,5
644174122,17,10,7,6
644174123,15,8,7,6
644174124,12,6,6,4
644174131,189,92,97,72
644174132,23,14,9,8
644174133,50,22,28,22
644174171,11,6,5,2
644174172,26,12,14,6
644174173,2,1,1,1
644174174,4,1,3,1
644174183,2,0,2,1
644174191,8,4,4,1
644174194,13,6,7,2
644174211,8,2,6,2
644174212,3,2,1,1
644174221,8,4,4,3
644174222,6,4,2,1
644174223,18,7,11,6
644174224,9,4,5,2
644174232,12,6,6,3
644174241,4,2,2,1
644174271,6,3,3,3
644174273,12,5,7,5
644174274,9,5,4,4
644174284,6,3,3,1
644174292,2,1,1,1
644174293,17,8,9,4
644174294,18,9,9,3
644174322,14,8,6,7
644174324,10,4,6,5
644174364,9,5,4,3
644174371,25,14,11,8
644174372,2,1,1,1
644174373,37,17,20,9
644174374,6,3,3,2
644174382,11,4,7,3
644174383,3,1,2,1
644174384,3,2,1,1
644174394,3,2,1,1
644174422,13,5,8,5
644174424,7,5,2,4
644174431,5,2,3,2
644174433,2,1,1,1
644174472,7,3,4,4
644174474,21,11,10,5
644174483,2,1,1,1
644174491,17,8,9,3
644174492,3,2,1,1
644174493,17,7,10,7
644174524,5,3,2,2
644174531,11,5,6,6
644174533,2,2,0,2
644174534,32,17,15,14
644174572,13,8,5,4
644174574,2,1,1,1
644174581,11,6,5,6
644174582,7,3,4,1
644174583,15,10,5,5
644174584,16,9,7,4
644174591,2,1,1,1
644174592,6,4,2,3
644174614,3,1,2,2
644174632,9,9,0,9
644174641,3,3,0,3
644174681,17,8,9,6
644174683,35,17,18,14
644174684,62,39,23,3
644174712,32,32,0,2
644174721,18,18,0,1
644174742,3,3,0,3
644174774,2,2,0,2
644174781,7,4,3,4
644174782,4,3,1,1
644174783,6,2,4,3
644174792,92,12,80,9
644174793,11,5,6,3
644174881,13,6,7,5
644174882,14,7,7,6
644174891,8,1,7,4
644174892,6,3,3,4
644174893,19,11,8,8
644174894,4,4,0,4
644174991,25,13,12,11
644174992,6,2,4,3
644174993,1,1,0,1
644174994,11,7,4,3
644175001,18,9,9,5
644175002,3,1,2,1
644175003,25,13,12,4
644175011,11,5,6,2
644175012,17,9,8,5
644175013,5,2,3,2
644175014,17,10,7,4
644175023,3,1,2,1
644175031,7,5,2,3
644175032,18,8,10,4
644175033,16,8,8,7
644175034,7,2,5,4
644175041,3,2,1,1
644175043,3,2,1,1
644175044,8,3,5,3
644175051,15,6,9,4
644175052,24,12,12,7
644175053,22,11,11,5
644175061,24,11,13,8
644175062,24,8,16,7
644175063,35,17,18,14
644175074,12,6,6,4
644175081,2,1,1,1
644175082,3,1,2,2
644175083,20,10,10,5
644175084,4,2,2,1
644175093,4,1,3,1
644175101,18,9,9,3
644175102,6,4,2,2
644175103,9,4,5,2
644175111,6,4,2,1
644175112,13,7,6,2
644175114,17,9,8,4
644175131,37,17,20,13
644175133,5,3,2,2
644175134,6,2,4,2
644175142,5,2,3,3
644175151,3,1,2,1
644175152,88,41,47,35
644175153,317,162,155,113
644175154,103,51,52,42
644175161,115,28,87,15
644175162,3,1,2,2
644175172,41,18,23,9
644175173,20,9,11,6
644175182,12,7,5,2
644175194,13,7,6,3
644175203,13,7,6,4
644175204,2,1,1,1
644175212,16,8,8,5
644175213,9,3,6,3
644175232,27,13,14,6
644175241,11,6,5,4
644175242,5,3,2,2
644175243,10,5,5,4
644175244,12,4,8,2
644175251,120,44,76,59
644175252,53,25,28,25
644175253,1,1,0,1
644175261,14,6,8,6
644175262,2,1,1,1
644175263,10,5,5,5
644175271,6,1,5,2
644175274,4,3,1,2
644175281,16,8,8,6
644175283,5,2,3,1
644175284,9,5,4,2
644175292,20,11,9,4
644175293,10,6,4,2
644175294,8,4,4,3
644175301,12,6,6,3
644175302,12,4,8,2
644175312,14,8,6,3
644175313,2,1,1,1
644175314,10,4,6,3
644175322,5,2,3,2
644175332,6,3,3,2
644175333,16,7,9,5
644175334,21,9,12,5
644175342,11,5,6,4
644175343,17,7,10,6
644175351,10,7,3,2
644175353,27,14,13,9
644175354,2,1,1,1
644175362,7,4,3,2
644175371,2,1,1,1
644175372,3,1,2,1
644175373,12,6,6,3
644175374,14,7,7,4
644175382,8,5,3,2
644175383,11,5,6,3
644175384,8,4,4,2
644175391,14,5,9,2
644175392,2,0,2,1
644175401,8,5,3,4
644175402,10,3,7,2
644175411,6,3,3,1
644175412,7,4,3,2
644175414,7,3,4,3
644175424,3,1,2,1
644175431,10,5,5,2
644175432,2,0,2,1
644175433,4,2,2,2
644175443,22,11,11,6
644175444,20,13,7,4
644175451,4,3,1,1
644175452,17,8,9,6
644175461,5,3,2,1
644175463,1,1,0,1
644175464,6,3,3,2
644175472,15,5,10,6
644175483,23,11,12,6
644175492,6,3,3,2
644175494,16,8,8,4
644175501,6,4,2,2
644175504,4,2,2,1
644175511,12,7,5,4
644175512,8,4,4,2
644175513,6,3,3,2
644175514,8,4,4,3
644175522,1,1,0,1
644175531,5,2,3,2
644175532,20,9,11,7
644175534,22,11,11,9
644175541,30,13,17,6
644175542,14,8,6,5
644175544,32,15,17,8
644175553,9,5,4,5
644175554,10,5,5,2
644175564,6,2,4,2
644175571,2,1,1,1
644175573,15,8,7,5
644175582,3,1,2,2
644175584,6,4,2,1
644175591,15,8,7,6
644175593,6,3,3,1
644175601,8,4,4,3
644175602,6,2,4,2
644175604,19,8,11,6
644175612,17,10,7,5
644175623,16,11,5,5
644175631,1,1,0,1
644175632,6,2,4,3
644175634,2,1,1,1
644175642,2,1,1,1
644175643,1,0,1,1
644175644,4,2,2,1
644175653,23,11,12,6
644175664,12,5,7,4
644175671,5,2,3,1
644175673,8,3,5,2
644175681,6,4,2,2
644175683,8,6,2,2
644175684,22,8,14,4
644175691,2,1,1,1
644175692,6,3,3,1
644175694,8,2,6,2
644175703,8,6,2,5
644175704,2,1,1,1
644175712,10,5,5,2
644175723,6,3,3,3
644175724,4,2,2,1
644175742,4,2,2,3
644175751,38,20,18,11
644175752,8,4,4,3
644175753,8,4,4,2
644175754,11,5,6,4
644175762,12,6,6,3
644175771,7,5,2,1
644175773,6,2,4,1
644175781,2,1,1,1
644175783,14,6,8,4
644175784,30,16,14,9
644175791,16,10,6,3
644175793,22,10,12,6
644175803,1,1,0,1
644175812,7,5,2,2
644175813,2,0,2,1
644175821,1,1,0,1
644175822,9,5,4,4
644175823,13,7,6,7
644175824,26,11,15,7
644175831,12,7,5,3
644175833,6,3,3,2
644175834,9,7,2,4
644175852,15,6,9,4
644175854,6,3,3,1
644175861,16,6,10,5
644175862,24,11,13,6
644175863,19,10,9,6
644175864,2,1,1,1
644175872,7,3,4,2
644175873,31,17,14,7
644175874,15,7,8,6
644175881,10,5,5,3
644175882,4,1,3,1
644175884,5,1,4,2
644175892,9,4,5,2
644175901,7,3,4,4
644175902,15,6,9,6
644175903,5,4,1,1
644175911,9,4,5,4
644175912,19,11,8,9
644175913,19,8,11,5
644175914,16,11,5,5
644175921,22,13,9,9
644175922,12,6,6,7
644175924,102,41,61,15
644175931,56,32,24,25
644175933,200,99,101,87
644175934,156,71,85,83
644175941,2,1,1,2
644175961,55,26,29,16
644175962,16,10,6,5
644175963,8,4,4,2
644175991,8,3,5,2
644175993,5,1,4,1
644176002,12,3,9,5
644176004,11,5,6,3
644176012,32,15,17,9
644176013,19,7,12,6
644176022,9,4,5,2
644176024,10,4,6,2
644176031,11,5,6,3
644176033,19,9,10,3
644176034,13,4,9,4
644176041,7,3,4,2
644176044,5,1,4,2
644176053,31,15,16,11
644176054,9,5,4,5
644176062,9,5,4,3
644176063,4,2,2,2
644176073,2,1,1,1
644176082,5,1,4,3
644176091,7,4,3,3
644176092,255,107,148,139
644176102,6,3,3,1
644176103,19,10,9,6
644176104,13,4,9,4
644176111,14,8,6,4
644176112,12,3,9,4
644176114,4,1,3,1
644176121,2,1,1,1
644176122,2,1,1,1
644176123,10,4,6,3
644176124,4,2,2,1
644176132,5,3,2,2
644176133,10,7,3,2
644176141,8,5,3,2
644176142,34,15,19,15
644176143,6,3,3,1
644176144,31,16,15,12
644176151,401,164,237,102
644176152,81,39,42,32
644176153,267,126,141,113
644176154,80,36,44,29
644176161,20,9,11,8
644176163,2,1,1,1
644176212,12,6,6,2
644176221,7,4,3,2
644176222,36,20,16,8
644176223,6,3,3,2
644176224,13,6,7,4
644176232,11,6,5,4
644176233,6,2,4,2
644176234,7,3,4,4
644176241,43,23,20,14
644176243,11,6,5,5
644176244,13,8,5,3
644176251,33,18,15,11
644176252,57,27,30,23
644176253,20,8,12,5
644176254,27,14,13,10
644176263,18,11,7,9
644176301,4,3,1,2
644176303,4,3,1,1
644176304,8,3,5,1
644176314,13,7,6,2
644176321,3,1,2,2
644176323,2,1,1,1
644176324,3,2,1,1
644176331,2,2,0,1
644176333,13,5,8,4
644176334,7,4,3,2
644176341,9,4,5,3
644176351,13,6,7,3
644176353,12,7,5,3
644176361,17,9,8,6
644176362,15,8,7,7
644176364,35,14,21,12
644176372,3,2,1,1
644176373,14,7,7,5
644176383,2,1,1,1
644176402,5,3,2,1
644176412,7,4,3,3
644176413,14,7,7,4
644176422,5,2,3,1
644176423,12,6,6,4
644176424,6,3,3,2
644176431,4,2,2,2
644176432,9,4,5,3
644176433,7,4,3,2
644176434,9,4,5,2
644176441,6,3,3,1
644176443,11,5,6,2
644176444,7,4,3,2
644176452,9,4,5,3
644176453,4,3,1,1
644176454,8,4,4,2
644176462,6,3,3,3
644176463,4,2,2,2
644176471,30,14,16,8
644176472,2,1,1,1
644176473,34,15,19,12
644176474,48,26,22,23
644176481,5,1,4,3
644176482,63,35,28,3
644176483,27,18,9,20
644176484,1,1,0,1
644176502,12,6,6,3
644176503,16,8,8,4
644176512,35,16,19,9
644176513,7,3,4,2
644176521,9,5,4,2
644176522,5,1,4,1
644176523,6,2,4,2
644176531,11,5,6,3
644176533,4,2,2,1
644176534,3,2,1,2
644176541,2,1,1,1
644176542,3,1,2,2
644176543,17,9,8,4
644176544,1,0,1,1
644176552,5,3,2,1
644176553,6,4,2,1
644176561,2,1,1,1
644176564,18,9,9,4
644176572,95,58,37,54
644176573,4,2,2,2
644176574,2,1,1,1
644176581,17,12,5,12
644176582,3,1,2,1
644176583,6,5,1,2
644176584,10,5,5,3
644176591,5,2,3,2
644176594,6,4,2,2
644176603,2,1,1,1
644176604,4,3,1,2
644176611,2,0,2,2
644176614,16,8,8,5
644176621,8,5,3,1
644176622,7,4,3,2
644176623,5,3,2,1
644176624,3,1,2,1
644176632,6,3,3,2
644176634,5,3,2,2
644176642,10,5,5,4
644176644,3,1,2,1
644176653,2,1,1,1
644176654,8,4,4,4
644176662,19,10,9,5
644176663,8,4,4,2
644176664,4,2,2,2
644176671,8,4,4,2
644176672,2,0,2,2
644176673,13,7,6,6
644176681,29,17,12,12
644176682,2,1,1,1
644176683,42,19,23,16
644176684,6,2,4,1
644176691,39,16,23,15
644176692,84,35,49,50
644176693,205,95,110,101
644176694,319,176,143,144
644176701,1,0,1,1
644176702,5,2,3,2
644176703,20,10,10,5
644176711,16,10,6,3
644176713,5,2,3,1
644176714,6,3,3,2
644176722,4,2,2,1
644176723,14,6,8,3
644176724,1,1,0,1
644176731,14,7,7,3
644176732,7,3,4,3
644176734,8,3,5,1
644176741,2,1,1,1
644176742,9,3,6,3
644176752,4,2,2,2
644176753,4,2,2,1
644176761,8,4,4,4
644176763,14,6,8,4
644176764,3,1,2,2
644176771,13,7,6,5
644176773,11,4,7,4
644176781,29,13,16,10
644176782,131,62,69,55
644176783,50,19,31,21
644176784,146,69,77,62
644176791,186,88,98,84
644176792,388,173,215,205
644176793,152,68,84,65
644176794,215,103,112,101
644176802,16,9,7,4
644176804,18,8,10,4
644176812,13,7,6,4
644176823,15,8,7,4
644176824,5,3,2,1
644176832,7,4,3,3
644176843,6,3,3,1
644176853,5,2,3,1
644176854,3,2,1,1
644176861,3,1,2,1
644176862,6,4,2,3
644176871,12,8,4,5
644176872,12,7,5,5
644176873,13,8,5,4
644176874,52,23,29,19
644176881,295,140,155,135
644176882,87,43,44,39
644176883,556,282,274,242
644176884,565,276,289,270
644176891,53,28,25,18
644176892,240,96,144,75
644176893,1022,461,561,444
644176894,410,191,219,141
644176901,7,4,3,2
644176902,10,5,5,4
644176903,1,1,0,1
644176904,8,5,3,2
644176911,16,10,6,4
644176912,17,9,8,5
644176913,13,7,6,4
644176914,10,5,5,2
644176922,5,3,2,2
644176923,9,5,4,2
644176931,5,3,2,2
644176933,2,1,1,1
644176934,7,3,4,1
644176941,6,3,3,2
644176943,3,2,1,2
644176944,3,1,2,1
644176951,3,1,2,1
644176952,7,4,3,2
644176962,20,8,12,6
644176971,31,14,17,11
644176972,92,43,49,37
644176973,4,1,3,1
644176974,188,91,97,80
644176981,672,315,357,286
644176982,578,284,294,310
644176983,599,296,303,354
644176984,422,197,225,219
644176991,982,414,568,466
644176992,417,187,230,186
644176993,760,349,411,394
644176994,604,288,316,268
644177001,480,209,271,208
644177002,288,145,143,124
644177003,11,7,4,5
644177004,12,6,6,7
644177011,477,219,258,199
644177012,97,45,52,41
644177013,26,17,9,8
644177014,57,35,22,19
644177021,99,26,73,28
644177022,38,20,18,18
644177023,143,34,109,6
644177024,63,30,33,29
644177031,256,115,141,141
644177032,214,101,113,110
644177033,48,22,26,26
644177034,41,17,24,22
644177041,8,3,5,7
644177043,15,5,10,11
644177044,131,58,73,65
644177051,13,9,4,8
644177053,239,111,128,129
644177054,8,8,0,8
644177061,4,3,1,3
644177063,53,28,25,24
644177064,57,32,25,37
644177072,3,2,1,1
644177074,3,1,2,2
644177131,2,1,1,1
644177132,8,2,6,5
644177141,1,0,1,1
644177142,17,10,7,8
644177151,92,41,51,58
644177152,83,37,46,47
644177161,152,80,72,72
644177162,140,62,78,78
644177163,160,56,104,43
644177164,78,33,45,48
644177264,28,28,0,28
644177603,33,31,2,4
644177701,172,85,87,70
644177703,188,82,106,102
644177801,44,21,23,23
644177802,8,3,5,3
644177803,22,10,12,10
644177804,14,6,8,7
644177853,12,6,6,5
644177854,4,3,1,1
644177901,804,431,373,268
644177902,133,48,85,27
644177903,604,232,372,217
644177904,197,101,96,83
644177911,7,3,4,5
644177913,39,18,21,18
644177914,166,75,91,83
644177921,3,1,2,2
644177923,140,68,72,72
644177924,76,33,43,35
644177933,9,4,5,3
644177934,11,7,4,7
644177942,5,2,3,2
644177943,1,0,1,1
644177951,9,5,4,7
644200032,3,1,2,1
644200034,1,0,1,1
644200041,2,2,0,2
644200062,45,23,22,19
644200064,35,15,20,12
644200124,5,3,2,1
644200133,14,6,8,5
644200174,5,2,3,2
644200183,13,8,5,5
644200222,6,3,3,2
644200283,10,4,6,4
644200291,2,1,1,1
644200292,6,3,3,1
644200293,11,5,6,3
644200391,1,1,0,1
644200584,16,9,7,5
644200591,1,0,1,1
644200593,51,26,25,27
644200682,6,4,2,1
644200801,1,0,1,1
644200992,13,8,5,4
644201041,13,6,7,6
644201042,19,10,9,5
644201044,6,2,4,1
644201073,2,2,0,2
644201082,3,1,2,2
644201091,19,9,10,10
644201151,8,5,3,2
644201152,66,34,32,31
644201154,5,2,3,4
644201161,25,12,13,12
644201162,8,5,3,3
644201163,9,4,5,4
644201164,7,3,4,5
644201171,1,1,0,1
644201361,2,1,1,1
644201371,6,4,2,3
644201374,25,13,12,8
644201403,14,7,7,8
644201481,51,28,23,19
644201482,1,0,1,1
644201484,5,2,3,1
644201494,6,3,3,1
644201501,49,28,21,24
644201503,11,6,5,4
644201504,5,3,2,2
644201582,2,0,2,1
644201591,3,1,2,1
644201592,4,2,2,1
644201593,2,1,1,1
644201603,2,2,0,2
644201701,10,6,4,6
644201702,6,4,2,2
644201703,3,1,2,2
644201704,24,13,11,8
644201801,4,2,2,2
644201903,21,9,12,8
644201904,45,21,24,15
644202001,4,3,1,1
644202002,4,2,2,3
644202003,10,4,6,4
644202004,36,16,20,14
644202011,84,47,37,33
644202013,124,67,57,63
644202014,12,5,7,4
644202023,7,3,4,2
644202024,4,2,2,1
644202043,6,3,3,1
644202063,4,2,2,2
644202064,3,2,1,2
644202074,4,2,2,2
644202081,7,4,3,2
644202083,4,3,1,2
644202084,4,3,1,2
644202092,5,1,4,2
644202093,14,7,7,4
644202094,10,5,5,5
644202101,2,1,1,1
644202102,8,3,5,4
644202111,15,6,9,8
644202112,17,6,11,5
644202121,7,4,3,4
644202122,9,3,6,3
644202124,1,1,0,1
644202131,5,2,3,3
644202132,7,3,4,3
644202133,4,3,1,1
644202141,3,1,2,1
644202143,2,1,1,1
644202152,2,1,1,1
644202161,1,1,0,1
644202162,3,2,1,1
644202251,4,2,2,1
644202403,5,4,1,1
644202404,3,2,1,1
644202501,6,3,3,2
644202503,1,1,0,1
644202523,5,2,3,3
644202524,8,5,3,3
644202533,12,5,7,6
644202601,7,3,4,3
644202602,3,1,2,1
644202611,2,1,1,1
644202623,10,4,6,3
644202631,5,3,2,2
644202632,9,2,7,3
644202633,9,6,3,6
644202634,108,55,53,46
644202641,52,25,27,1
644202642,6,3,3,1
644202643,24,13,11,12
644202644,16,6,10,7
644202653,12,4,8,5
644202731,34,18,16,18
644202732,112,51,61,59
644202734,95,41,54,54
644202741,213,105,108,99
644202742,76,35,41,35
644202743,28,11,17,15
644202744,2,1,1,1
644202752,2,1,1,1
644202761,25,10,15,7
644202762,14,8,6,3
644202763,14,5,9,4
644202771,2,1,1,1
644202773,15,7,8,4
644202774,7,4,3,3
644202781,3,2,1,1
644202782,1,0,1,1
644202783,4,1,3,3
644202832,4,2,2,2
644202862,2,1,1,2
644202872,6,3,3,3
644202882,1,0,1,1
644202884,7,4,3,2
644202893,2,1,1,1
644203004,1,0,1,1
644203422,2,1,1,2
644203423,9,3,6,5
644203424,1,0,1,1
644203522,1,0,1,1
644203524,2,1,1,1
644203531,9,5,4,3
644203533,1,0,1,1
644207383,8,5,3,2
644207444,7,4,3,3
644207461,3,2,1,1
644207462,1,1,0,1
644207464,22,10,12,8
644207471,3,1,2,1
644207472,4,2,2,1
644207551,1,0,1,1
644207574,3,1,2,1
644207583,4,2,2,1
644207584,2,1,1,1
644207693,5,3,2,2
644207694,5,2,3,3
644207783,4,2,2,2
644207791,3,2,1,2
644207792,6,4,2,2
644207872,6,4,2,2
644207874,5,4,1,1
644207881,6,4,2,1
644207893,21,8,13,8
644207972,10,7,3,3
644207981,4,3,1,1
644207982,6,3,3,3
644207984,2,1,1,1
644207991,4,1,3,1
644207992,6,3,3,1
644211002,6,3,3,3
644211004,37,19,18,11
644211011,2,1,1,1
644211014,2,1,1,1
644211021,6,3,3,3
644211022,3,1,2,1
644211023,4,2,2,2
644211024,7,3,4,2
644211033,8,4,4,2
644211034,4,1,3,2
644211102,214,111,103,93
644211103,1,1,0,1
644211104,409,181,228,129
644211111,31,14,17,14
644211113,448,216,232,220
644211114,5,2,3,2
644211123,5,2,3,3
644211124,29,15,14,8
644211131,11,6,5,3
644211134,8,4,4,4
644211141,1,1,0,1
644211143,2,1,1,1
644211153,1,1,0,1
644211154,3,1,2,1
644211163,24,11,13,8
644211202,237,118,119,121
644211211,358,171,187,174
644211212,15,5,10,7
644211213,42,34,8,13
644211214,2,1,1,1
644211221,8,4,4,4
644211222,1,1,0,1
644211223,7,3,4,2
644211224,1,1,0,1
644211241,1,0,1,1
644211251,4,2,2,1
644211261,7,4,3,1
644211263,8,3,5,5
644211302,17,11,6,7
644211311,6,3,3,2
644211312,4,2,2,1
644211314,5,3,2,3
644211321,7,3,4,2
644211323,19,8,11,6
644211371,11,6,5,3
644211372,8,4,4,4
644211373,50,24,26,26
644211374,40,19,21,17
644211381,14,6,8,4
644211383,11,5,6,3
644211384,3,2,1,2
644211394,2,1,1,1
644211412,7,2,5,1
644211414,4,2,2,1
644211421,10,5,5,2
644211423,4,2,2,1
644211471,5,2,3,3
644211472,50,31,19,32
644211474,50,26,24,3
644211483,53,32,21,2
644211491,12,6,6,5
644211493,2,1,1,1
644211511,3,1,2,2
644211514,3,2,1,1
644211523,9,4,5,3
644211582,3,2,1,1
644211591,2,1,1,1
644211592,3,1,2,2
644211594,4,2,2,4
644211612,15,6,9,5
644211621,2,1,1,1
644211712,1,0,1,1
644211721,2,1,1,1
644211724,8,6,2,2
644211833,8,4,4,3
644211934,6,2,4,2
644212284,6,4,2,2
644212292,3,2,1,1
644212501,5,3,2,1
644212601,1,1,0,1
644213201,6,2,4,2
644213204,1,1,0,1
644213302,2,1,1,1
644213311,6,4,2,2
644213614,6,4,2,3
644213621,3,2,1,1
644213832,4,2,2,2
644213833,4,2,2,1
644217084,2,1,1,1
644217094,7,3,4,3
644217173,7,4,3,3
644217192,9,5,4,3
644217194,15,8,7,3
644217271,7,3,4,2
644217274,6,4,2,1
644217281,1,0,1,1
644217283,2,1,1,1
644217284,7,4,3,3
644217292,6,4,2,1
644217352,3,1,2,2
644217361,4,2,2,2
644217372,3,1,2,1
644217384,5,3,2,3
644217393,6,3,3,2
644217412,8,5,3,3
644217434,10,5,5,3
644217444,3,2,1,1
644217454,10,5,5,2
644217461,6,2,4,1
644217464,7,4,3,2
644217484,6,3,3,1
644217494,19,12,7,3
644217534,2,1,1,1
644217543,5,2,3,2
644217551,1,1,0,1
644217562,4,3,1,1
644217573,4,2,2,1
644217581,28,13,15,6
644217583,9,3,6,3
644217591,11,6,5,2
644217593,4,2,2,2
644217631,8,4,4,2
644217632,2,1,1,1
644217642,12,4,8,2
644217661,8,4,4,4
644217662,69,38,31,19
644217663,19,8,11,6
644217664,109,53,56,50
644217682,2,1,1,1
644217684,15,8,7,6
644217693,4,2,2,1
644217743,25,13,12,5
644217753,9,5,4,3
644217764,8,4,4,2
644217771,5,3,2,1
644217772,8,3,5,2
644217773,9,3,6,2
644217774,1,1,0,1
644217782,5,2,3,1
644217783,4,1,3,1
644217792,8,4,4,2
644217794,4,3,1,1
644217853,3,2,1,1
644217854,4,2,2,2
644217862,4,3,1,3
644217871,7,4,3,1
644217872,9,5,4,2
644217874,1,1,0,1
644217882,14,6,8,3
644217892,4,2,2,2
644217952,6,1,5,1
644217961,15,6,9,3
644217963,7,3,4,1
644220801,6,1,5,5
644220802,10,6,4,3
644220803,1,0,1,1
644220813,13,4,9,3
644220814,12,9,3,3
644220911,5,3,2,2
644220912,11,7,4,4
644220922,2,1,1,1
644220923,3,1,2,1
644220924,2,1,1,1
644220961,2,1,1,1
644220963,7,3,4,2
644221032,1,0,1,1
644221033,5,2,3,2
644221034,1,1,0,1
644221131,1,0,1,1
644221133,2,1,1,1
644221134,10,6,4,3
644221231,6,4,2,2
644221232,2,1,1,1
644221234,7,3,4,3
644221331,45,28,17,22
644221333,11,11,0,11
644221334,11,11,0,11
644221421,11,11,0,11
644221422,47,41,6,45
644221431,11,11,0,11
644221501,5,3,2,3
644221503,2,1,1,1
644222603,2,1,1,1
644223231,5,3,2,2
644223251,4,2,2,2
644223252,7,2,5,2
644223253,2,1,1,1
644223331,11,5,6,2
644223332,3,1,2,2
644223334,4,2,2,2
644223353,11,5,6,6
644223441,1,0,1,1
644223443,5,2,3,2
644223444,28,11,17,16
644223451,4,3,1,4
644223453,135,95,40,63
644223542,127,61,66,51
644223544,252,111,141,151
644223551,357,160,197,157
644223552,160,85,75,81
644223553,377,194,183,181
644223554,48,26,22,26
644223563,6,3,3,4
644223564,4,3,1,2
644223642,9,6,3,6
644223651,10,5,5,4
644223652,17,8,9,7
644223661,9,5,4,5
644223662,8,4,4,4
644223664,4,2,2,1
644223673,4,1,3,2
644223674,3,2,1,2
644223743,2,1,1,1
644223772,2,0,2,1
644223843,2,1,1,1
644224132,3,1,2,2
644224531,5,3,2,3
644224622,3,2,1,1
644224623,4,2,2,2
644224624,24,11,13,10
644224631,6,4,2,4
644224633,4,4,0,4
644224634,4,2,2,2
644224702,9,4,5,4
644224711,2,1,1,1
644224712,28,11,17,11
644224714,21,21,0,2
644224721,17,9,8,13
644224732,12,6,6,3
644224741,3,1,2,2
644224743,4,1,3,2
644224744,3,1,2,2
644224851,1,0,1,1
644224852,2,1,1,1
644224854,4,2,2,2
644224861,1,1,0,1
644227061,3,2,1,1
644227082,6,3,3,1
644227094,4,2,2,1
644227152,3,2,1,1
644227182,2,1,1,1
644227192,11,4,7,4
644227194,9,5,4,4
644227241,6,3,3,2
644227243,7,4,3,2
644227244,8,5,3,2
644227254,5,3,2,2
644227264,3,2,1,1
644227273,6,2,4,1
644227281,10,5,5,4
644227291,4,2,2,1
644227294,10,5,5,3
644227344,4,2,2,2
644227353,10,5,5,2
644227362,2,1,1,1
644227371,10,3,7,2
644227372,11,5,6,2
644227381,3,1,2,1
644227383,4,2,2,1
644227384,2,1,1,1
644227392,4,3,1,1
644227441,5,3,2,3
644227443,1,0,1,1
644227463,3,2,1,1
644227472,2,1,1,1
644227483,3,2,1,1
644227491,8,3,5,2
644227494,1,1,0,1
644227541,3,2,1,1
644227551,1,1,0,1
644227561,4,2,2,1
644227562,4,2,2,1
644227574,3,2,1,1
644227581,7,4,3,1
644227592,7,4,3,2
644227594,10,5,5,3
644227612,8,4,4,1
644227624,2,0,2,2
644227632,14,7,7,4
644227641,6,2,4,2
644227642,2,1,1,1
644227643,7,3,4,2
644227644,7,4,3,2
644227652,4,1,3,2
644227654,9,3,6,3
644227662,3,2,1,1
644227672,9,6,3,2
644227684,3,2,1,2
644227692,5,3,2,1
644227693,4,2,2,2
644227702,7,3,4,4
644227712,2,1,1,1
644227714,3,2,1,2
644227723,8,4,4,2
644227724,2,1,1,1
644227732,1,0,1,1
644227741,14,7,7,3
644227742,3,2,1,2
644227743,9,6,3,2
644227744,8,5,3,2
644227753,9,4,5,3
644227761,1,1,0,1
644227762,1,1,0,1
644227782,1,1,0,1
644227783,19,12,7,5
644227791,3,1,2,1
644227793,3,2,1,1
644227813,1,1,0,1
644227814,1,1,0,1
644227831,9,3,6,3
644227834,8,5,3,2
644227841,9,5,4,3
644227843,3,2,1,1
644227871,3,2,1,1
644227881,3,2,1,1
644227883,5,3,2,2
644227891,4,2,2,1
644227893,6,4,2,1
644227894,12,7,5,3
644227914,4,2,2,2
644227933,91,58,33,1
644227934,16,5,11,3
644227941,1,0,1,1
644227944,3,1,2,1
644227953,8,4,4,3
644227954,4,3,1,2
644227962,10,6,4,2
644227963,14,8,6,3
644227971,19,7,12,3
644227974,9,6,3,2
644227982,3,2,1,2
644227983,7,2,5,2
644227992,4,1,3,2
644227994,6,2,4,1
644230021,9,5,4,2
644230024,1,0,1,1
644230122,5,3,2,1
644230143,10,5,5,3
644230173,56,27,29,30
644230174,15,12,3,12
644230183,5,3,2,2
644230184,2,1,1,1
644230222,44,19,25,21
644230224,157,73,84,82
644230231,312,162,150,164
644230232,8,4,4,2
644230233,351,181,170,124
644230234,13,8,5,5
644230241,13,7,6,4
644230252,6,3,3,3
644230261,37,15,22,19
644230262,1,0,1,1
644230271,30,14,16,16
644230314,5,2,3,2
644230322,23,13,10,6
644230323,8,4,4,2
644230324,6,3,3,1
644230331,83,42,41,34
644230332,204,100,104,93
644230333,3,2,1,2
644230412,14,5,9,3
644230413,4,2,2,1
644230414,8,4,4,4
644230421,5,2,3,1
644230422,3,2,1,2
644230423,384,158,226,209
644230424,61,30,31,25
644230431,8,5,3,4
644230432,8,1,7,2
644230433,12,8,4,6
644230434,13,6,7,4
644230443,16,6,10,5
644230504,3,2,1,1
644230511,14,7,7,4
644230512,3,2,1,1
644230513,27,12,15,7
644230514,15,7,8,4
644230521,41,15,26,19
644230522,17,7,10,9
644230523,46,22,24,33
644230524,38,18,20,16
644230531,20,9,11,10
644230532,44,21,23,24
644230533,44,20,24,20
644230534,138,66,72,73
644230541,1,0,1,1
644230543,5,2,3,3
644230601,8,2,6,3
644230602,11,6,5,4
644230603,7,4,3,2
644230604,7,4,3,2
644230611,22,13,9,5
644230612,16,10,6,4
644230613,15,8,7,6
644230614,8,3,5,4
644230621,10,6,4,3
644230622,7,4,3,2
644230623,12,6,6,4
644230641,1,0,1,1
644230642,31,16,15,18
644230654,2,1,1,1
644230701,31,14,17,12
644230702,96,49,47,43
644230703,189,82,107,104
644230704,558,246,312,293
644230711,7,2,5,6
644230712,28,11,17,9
644230713,289,139,150,177
644230721,2,1,1,1
644230723,10,5,5,3
644230801,317,124,193,108
644230802,219,98,121,122
644230803,48,21,27,21
644230804,81,34,47,50
644230811,366,177,189,196
644230813,174,76,98,105
644230901,5,3,2,3
644230902,483,217,266,240
644230903,57,27,30,25
644230904,271,130,141,144
644230911,396,186,210,199
644230913,30,12,18,15
644231264,1,1,0,1
644231372,1,1,0,1
644232562,2,1,1,1
644233254,4,1,3,1
644233344,2,1,1,1
644233442,10,5,5,3
644233443,1,0,1,1
644233444,1,0,1,1
644233451,13,4,9,5
644233452,2,1,1,1
644233461,2,1,1,1
644233463,1,1,0,1
644233473,5,2,3,2
644233541,5,3,2,1
644233572,7,4,3,2
644233574,4,2,2,1
644233581,1,0,1,1
644233584,2,1,1,1
644233614,1,1,0,1
644233634,6,3,3,2
644233691,1,0,1,1
644233711,7,4,3,4
644233712,40,18,22,21
644233713,83,43,40,37
644233714,282,140,142,147
644233721,131,67,64,60
644233722,69,62,7,64
644233723,29,15,14,19
644233811,2,2,0,2
644233812,45,24,21,20
644233814,48,22,26,17
644233821,1,0,1,1
644233823,55,35,20,33
644233921,124,94,30,90
644233923,7,7,0,7
644236182,9,5,4,3
644236191,5,2,3,1
644236292,3,1,2,1
644236592,7,4,3,2
644236653,7,4,3,2
644236692,3,2,1,2
644236694,4,2,2,2
644236752,7,4,3,2
644236771,4,2,2,2
644236791,7,3,4,3
644236862,4,2,2,2
644236871,1,1,0,1
644236883,7,5,2,1
644236893,4,2,2,3
644236981,4,2,2,1
644236984,6,4,2,1
644237003,2,1,1,1
644237032,2,1,1,1
644237034,8,4,4,2
644237041,2,1,1,1
644237042,5,3,2,2
644237043,3,2,1,1
644237044,8,5,3,2
644237051,3,2,1,1
644237062,4,2,2,1
644237063,5,2,3,2
644237064,3,2,1,1
644237071,7,3,4,3
644237072,5,3,2,2
644237092,22,11,11,7
644237093,5,1,4,1
644237101,2,1,1,1
644237111,4,3,1,1
644237114,10,4,6,2
644237121,11,7,4,3
644237122,6,4,2,2
644237124,7,3,4,2
644237132,17,10,7,5
644237133,2,1,1,1
644237134,3,2,1,1
644237143,12,7,5,5
644237144,2,1,1,1
644237151,9,5,4,3
644237152,1,0,1,1
644237153,5,3,2,1
644237161,9,5,4,2
644237162,3,1,2,1
644237164,11,7,4,4
644237172,2,1,1,1
644237182,1,0,1,1
644237183,4,3,1,1
644237184,4,1,3,1
644237192,4,2,2,2
644237211,3,1,2,1
644237212,2,1,1,1
644237213,8,5,3,2
644237221,2,1,1,1
644237223,4,2,2,1
644237224,4,2,2,1
644237231,5,2,3,2
644237232,4,2,2,1
644237242,3,1,2,2
644237244,423,216,207,159
644237253,278,131,147,133
644237254,208,98,110,80
644237261,10,6,4,3
644237263,5,3,2,2
644237264,2,0,2,1
644237271,6,3,3,3
644237273,2,1,1,1
644237274,6,3,3,3
644237282,2,1,1,1
644237283,11,4,7,3
644237291,10,4,6,3
644237301,7,3,4,3
644237311,7,4,3,1
644237314,3,1,2,1
644237321,4,1,3,1
644237323,14,9,5,2
644237331,2,1,1,2
644237333,7,5,2,2
644237342,150,63,87,63
644237343,3,1,2,2
644237344,116,48,68,53
644237351,287,140,147,125
644237352,278,134,144,105
644237353,126,47,79,43
644237361,1,1,0,1
644237364,5,3,2,1
644237373,4,1,3,1
644237374,2,1,1,1
644237384,16,9,7,4
644237393,5,4,1,2
644237403,3,2,1,1
644237412,4,3,1,1
644237434,5,2,3,2
644237441,2,1,1,2
644237442,2,1,1,1
644237443,1,1,0,1
644237452,9,2,7,2
644237461,2,1,1,1
644237463,2,1,1,1
644237474,8,2,6,1
644237481,2,1,1,1
644237483,2,1,1,1
644237491,4,2,2,2
644237492,6,4,2,1
644237493,22,9,13,4
644237494,9,4,5,2
644237504,1,1,0,1
644237514,4,3,1,2
644237522,4,1,3,1
644237524,4,2,2,1
644237533,8,4,4,2
644237541,4,3,1,1
644237542,3,2,1,1
644237543,12,4,8,3
644237564,7,5,2,2
644237571,9,2,7,2
644237572,9,2,7,2
644237574,2,1,1,1
644237583,4,2,2,1
644237594,7,4,3,2
644237611,5,2,3,1
644237612,2,1,1,1
644237613,7,3,4,3
644237614,11,5,6,5
644237632,7,4,3,2
644237651,4,2,2,1
644237653,5,2,3,1
644237662,4,2,2,2
644237664,10,5,5,4
644237674,7,3,4,2
644237681,5,3,2,1
644237682,3,2,1,1
644237683,11,6,5,4
644237691,4,2,2,1
644237693,6,4,2,1
644237694,2,1,1,1
644237701,2,1,1,1
644237702,1,1,0,1
644237704,5,3,2,2
644237711,12,4,8,5
644237713,7,4,3,2
644237723,2,1,1,1
644237732,4,2,2,1
644237733,3,2,1,2
644237741,3,2,1,1
644237744,6,4,2,2
644237751,2,1,1,1
644237752,4,2,2,2
644237763,3,2,1,1
644237764,3,1,2,1
644237771,2,1,1,1
644237781,21,10,11,8
644237782,5,2,3,1
644237783,9,4,5,3
644237792,5,3,2,2
644237793,5,2,3,1
644237801,4,2,2,2
644237802,2,2,0,2
644237803,2,1,1,1
644237804,5,3,2,1
644237811,17,9,8,2
644237814,9,4,5,2
644237821,19,10,9,3
644237834,6,4,2,2
644237841,7,3,4,2
644237842,10,6,4,2
644237843,2,1,1,1
644237853,22,10,12,7
644237861,7,3,4,3
644237862,3,1,2,2
644237864,3,2,1,1
644237872,5,3,2,1
644237874,5,3,2,1
644237881,3,2,1,1
644237883,9,4,5,2
644237893,6,3,3,2
644237901,2,1,1,1
644237902,5,2,3,1
644237903,1,0,1,1
644237904,15,8,7,2
644237911,2,1,1,1
644237914,8,4,4,3
644237921,15,8,7,6
644237931,2,1,1,1
644237932,2,1,1,1
644237933,2,1,1,2
644237944,12,7,5,2
644237953,5,2,3,2
644237962,6,3,3,1
644237964,17,9,8,5
644237971,5,2,3,1
644237974,10,5,5,3
644237982,2,1,1,1
644237991,11,5,6,3
644237993,2,1,1,1
644240001,21,12,9,12
644240002,122,57,65,59
644240003,12,7,5,4
644240004,12,6,6,6
644240011,19,12,7,12
644240012,4,2,2,1
644240023,2,1,1,1
644240024,1,0,1,1
644240122,5,1,4,3
644240131,7,6,1,7
644240132,76,36,40,30
644240134,9,4,5,5
644240141,105,48,57,48
644240143,36,17,19,19
644240144,174,119,55,124
644240153,11,6,5,5
644240163,16,9,7,6
644240164,4,2,2,1
644240241,1,0,1,1
644240242,2,1,1,2
644240251,23,11,12,9
644240252,5,2,3,5
644240254,7,4,3,4
644240261,26,23,3,23
644240262,13,12,1,12
644240263,95,47,48,54
644240264,59,25,34,30
644240273,8,3,5,3
644240984,96,93,3,96
644243021,4,4,0,4
644243022,4,3,1,1
644243023,50,20,30,30
644243024,11,5,6,7
644243114,2,1,1,1
644243123,4,2,2,2
644243131,1,1,0,1
644243134,1,1,0,1
644243221,2,1,1,1
644244653,4,1,3,1
644244692,39,28,11,38
644244694,42,21,21,35
644245423,26,13,13,13
644245424,13,6,7,5
644245433,2,2,0,2
644245514,13,7,6,5
644245521,161,86,75,84
644245522,20,12,8,12
644245603,2,1,1,1
644246074,7,5,2,2
644246091,3,1,2,1
644246093,8,4,4,3
644246094,145,71,74,60
644246174,13,8,5,3
644246181,10,6,4,2
644246182,11,7,4,3
644246183,13,7,6,4
644246191,44,22,22,16
644246192,368,185,183,152
644246193,23,14,9,11
644246194,185,88,97,100
644246263,4,3,1,3
644246292,12,8,4,5
644246384,3,1,2,2
644246391,4,2,2,2
644246392,3,0,3,2
644246394,2,1,1,1
644246492,16,6,10,4
644246494,3,2,1,1
644246564,8,5,3,2
644246572,6,4,2,2
644246573,1,0,1,1
644246574,5,3,2,2
644246582,6,4,2,2
644246594,2,1,1,2
644246642,6,3,3,2
644246653,2,1,1,1
644246664,6,4,2,3
644246671,5,3,2,1
644246672,9,3,6,3
644246681,3,2,1,1
644246682,3,2,1,1
644246683,1,1,0,1
644246692,3,2,1,2
644246694,6,3,3,1
644246744,11,9,2,8
644246751,5,3,2,2
644246753,4,3,1,1
644246761,2,1,1,1
644246772,1,1,0,1
644246773,4,2,2,1
644246783,14,8,6,4
644246792,2,1,1,1
644246794,9,6,3,3
644246841,61,33,28,28
644246842,40,20,20,18
644246851,4,3,1,1
644246852,21,12,9,8
644246853,25,12,13,9
644246854,12,5,7,6
644246863,536,261,275,234
644246864,49,23,26,25
644246871,8,3,5,5
644246872,2,1,1,1
644246873,13,7,6,10
644246874,24,10,14,17
644246881,3,1,2,1
644246882,2,1,1,1
644246891,11,6,5,2
644246893,5,1,4,1
644246894,1,1,0,1
644246942,19,8,11,7
644246943,3,1,2,1
644246944,12,7,5,8
644246951,11,10,1,9
644246952,247,125,122,123
644246953,3,3,0,3
644246954,138,89,49,31
644246961,508,257,251,258
644246962,410,213,197,241
644246963,594,274,320,226
644246964,383,185,198,186
644246971,245,123,122,136
644246972,49,20,29,2
644246973,170,78,92,84
644246991,8,3,5,3
644246992,4,1,3,1
644246994,6,3,3,3
644247003,197,92,105,87
644247004,2,1,1,2
644247011,26,15,11,11
644247013,1,1,0,1
644247014,37,13,24,22
644247022,12,6,6,3
644247023,5,3,2,2
644247034,2,1,1,1
644247041,1,1,0,1
644247043,4,1,3,2
644247044,8,6,2,2
644247052,5,3,2,1
644247054,4,2,2,1
644247061,9,5,4,2
644247062,4,2,2,1
644247064,3,2,1,1
644247071,6,2,4,2
644247072,22,10,12,5
644247073,3,1,2,1
644247083,8,3,5,2
644247084,3,2,1,1
644247091,5,2,3,1
644247092,5,3,2,3
644247094,3,2,1,2
644247101,345,149,196,158
644247102,220,87,133,64
644247103,337,161,176,161
644247104,685,308,377,310
644247111,175,81,94,76
644247112,603,284,319,286
644247113,420,212,208,194
644247114,221,109,112,96
644247121,17,10,7,7
644247122,3,2,1,1
644247123,18,9,9,9
644247131,1,0,1,1
644247132,3,2,1,1
644247143,9,5,4,3
644247151,15,9,6,5
644247152,8,4,4,2
644247154,7,4,3,3
644247161,3,2,1,1
644247163,25,12,13,9
644247174,3,2,1,1
644247181,2,1,1,1
644247191,6,3,3,1
644247193,2,1,1,1
644247201,301,166,135,142
644247202,578,255,323,253
644247203,34,25,9,22
644247204,25,13,12,10
644247211,390,182,208,185
644247212,216,96,120,126
644247213,18,9,9,9
644247214,14,6,8,8
644247224,8,4,4,3
644247231,7,3,4,2
644247241,4,2,2,1
644247251,10,5,5,3
644247252,8,4,4,3
644247253,2,1,1,1
644247254,9,3,6,2
644247264,3,1,2,1
644247271,9,5,4,3
644247284,2,1,1,1
644247292,3,2,1,1
644247302,2,1,1,1
644247311,5,2,3,2
644247313,3,1,2,1
644247314,3,1,2,1
644247322,6,3,3,2
644247323,2,1,1,1
644247324,5,2,3,1
644247332,6,3,3,2
644247334,24,13,11,7
644247341,7,5,2,3
644247342,3,1,2,1
644247343,3,1,2,1
644247344,5,3,2,2
644247352,1,1,0,1
644247353,5,3,2,1
644247354,17,9,8,4
644247364,12,7,5,3
644247371,1,0,1,1
644247393,6,3,3,2
644247404,11,5,6,3
644247411,2,1,1,1
644247412,12,5,7,4
644247413,6,3,3,2
644247421,1,0,1,1
644247422,8,5,3,3
644247431,1,1,0,1
644247432,7,2,5,3
644247434,9,3,6,2
644247451,3,3,0,1
644247452,3,2,1,1
644247453,4,3,1,1
644247461,16,8,8,3
644247464,11,6,5,3
644247472,8,5,3,2
644247473,6,2,4,1
644247474,15,10,5,3
644247481,5,3,2,2
644247494,11,5,6,4
644247504,15,8,7,3
644247511,6,4,2,2
644247513,19,5,14,4
644247521,7,3,4,2
644247523,2,1,1,1
644247524,3,2,1,1
644247532,6,3,3,2
644247533,2,1,1,1
644247534,1,0,1,1
644247543,3,1,2,1
644247544,8,5,3,2
644247551,14,9,5,2
644247553,16,6,10,4
644247564,12,5,7,2
644247571,2,1,1,1
644247572,11,6,5,4
644247573,6,3,3,2
644247582,10,5,5,2
644247602,6,2,4,4
644247613,15,7,8,3
644247622,2,1,1,1
644247623,6,5,1,1
644247624,17,10,7,3
644247631,3,1,2,1
644247632,4,2,2,1
644247634,5,2,3,1
644247641,3,2,1,1
644247643,3,2,1,2
644247651,3,1,2,1
644247653,5,3,2,2
644247654,6,3,3,1
644247672,9,5,4,2
644247682,6,4,2,2
644247683,1,0,1,1
644247684,13,6,7,3
644247694,12,8,4,3
644247701,3,2,1,1
644247703,4,3,1,2
644247704,3,1,2,2
644247711,5,2,3,3
644247712,6,3,3,2
644247731,6,2,4,2
644247733,25,11,14,9
644247734,2,1,1,1
644247742,15,9,6,5
644247744,1,1,0,1
644247751,4,2,2,1
644247764,6,4,2,2
644247773,8,3,5,2
644247774,7,2,5,2
644247781,2,1,1,1
644247782,5,1,4,1
644247804,16,9,7,4
644247814,1,0,1,1
644247822,7,4,3,2
644247823,5,2,3,2
644247832,1,0,1,1
644247833,8,4,4,2
644247842,6,4,2,2
644247843,6,3,3,1
644247863,9,5,4,2
644247874,7,3,4,2
644247884,6,4,2,1
644247892,8,5,3,2
644247893,5,3,2,1
644247894,10,4,6,2
644247901,4,1,3,1
644247902,5,2,3,2
644247904,3,1,2,1
644247914,2,1,1,1
644247923,6,4,2,2
644247932,8,4,4,4
644247933,1,1,0,1
644247941,4,2,2,1
644247942,6,3,3,1
644247943,2,1,1,1
644247961,9,5,4,2
644247962,1,0,1,1
644247963,4,2,2,1
644247973,16,5,11,3
644247982,4,2,2,1
644247994,3,1,2,2
644253631,18,9,9,12
644253632,28,17,11,16
644253633,84,44,40,46
644253634,11,5,6,4
644253702,2,1,1,1
644253712,11,6,5,4
644253714,7,3,4,2
644253721,2,1,1,1
644253722,9,3,6,5
644253723,4,2,2,2
644253724,2,1,1,2
644253731,103,37,66,31
644253733,8,4,4,2
644253831,8,4,4,3
644253833,7,4,3,3
644253924,6,4,2,3
644253932,5,4,1,1
644253993,10,4,6,4
644254693,2,0,2,1
644254742,6,3,3,2
644254744,2,1,1,1
644254783,20,10,10,5
644254784,6,3,3,1
644254811,5,4,1,4
644254813,3,2,1,2
644254851,2,1,1,2
644254853,47,25,22,21
644254854,2,1,1,1
644254873,6,2,4,2
644254874,4,2,2,2
644254914,2,1,1,1
644254923,4,2,2,2
644254942,93,49,44,30
644254944,11,6,5,4
644254951,271,122,149,138
644254952,121,62,59,59
644254953,274,132,142,128
644254954,459,231,228,204
644254961,1,0,1,1
644254962,10,5,5,5
644254963,47,25,22,24
644254971,17,7,10,4
644255253,2,1,1,1
644255254,5,4,1,3
644255351,3,2,1,1
644255433,32,13,19,15
644255434,43,23,20,20
644255443,25,16,9,18
644255522,2,0,2,2
644255531,66,31,35,33
644255532,15,9,6,8
644255533,2,1,1,1
644255541,11,7,4,4
644255543,6,3,3,3
644255603,2,1,1,1
644256032,2,1,1,1
644256041,7,5,2,3
644256042,4,1,3,3
644256052,7,3,4,3
644256061,100,49,51,45
644256062,237,116,121,112
644256064,39,19,20,19
644256071,218,116,102,89
644256073,14,5,9,8
644256081,4,2,2,1
644256083,6,4,2,2
644256084,3,2,1,1
644256092,5,2,3,2
644256093,4,2,2,2
644256122,1,1,0,1
644256162,84,51,33,56
644256163,2,1,1,1
644256164,17,7,10,12
644256172,3,2,1,1
644256181,63,30,33,32
644256182,3,2,1,2
644256183,2,1,1,1
644256184,4,2,2,1
644256193,10,7,3,3
644256194,1,0,1,1
644256251,6,3,3,2
644256262,30,15,15,14
644256263,1,0,1,1
644256264,1,0,1,1
644256281,7,3,4,4
644256282,5,3,2,2
644256284,4,2,2,1
644256292,6,3,3,3
644256293,2,1,1,1
644256351,5,2,3,2
644256373,11,6,5,4
644256382,6,1,5,2
644256384,6,4,2,2
644256391,2,1,1,1
644256394,4,2,2,2
644256442,2,1,1,1
644256443,5,3,2,4
644256464,5,3,2,1
644256483,2,1,1,1
644256484,2,1,1,1
644256492,2,1,1,1
644256493,4,2,2,1
644256494,4,1,3,1
644256571,4,1,3,1
644256582,3,1,2,1
644256583,8,3,5,3
644256584,27,12,15,14
644256593,3,2,1,2
644256671,7,2,5,3
644256673,7,2,5,3
644256682,10,2,8,2
644256684,2,0,2,2
644256691,22,11,11,5
644256692,5,1,4,1
644256694,7,4,3,2
644256773,13,5,8,6
644256791,3,0,3,3
644256891,13,7,6,6
644256944,11,10,1,10
644256992,3,2,1,1
644256993,3,1,2,1
644257012,5,3,2,1
644257021,11,5,6,4
644257022,3,1,2,1
644257023,3,1,2,1
644257043,17,9,8,2
644257052,3,2,1,1
644257061,5,2,3,1
644257063,3,2,1,1
644257064,4,2,2,1
644257071,4,2,2,1
644257073,10,6,4,3
644257074,2,1,1,1
644257092,34,15,19,10
644257093,12,5,7,5
644257094,4,1,3,2
644257101,8,4,4,3
644257102,5,1,4,2
644257111,5,2,3,2
644257112,2,1,1,1
644257113,9,4,5,5
644257114,9,6,3,5
644257121,58,26,32,26
644257122,59,33,26,24
644257123,211,95,116,99
644257124,161,77,84,59
644257133,2,1,1,2
644257141,8,3,5,3
644257152,2,1,1,1
644257153,5,3,2,2
644257163,2,0,2,1
644257164,6,3,3,1
644257171,2,1,1,1
644257182,24,14,10,10
644257183,8,3,5,2
644257184,248,118,130,125
644257191,56,29,27,29
644257192,10,6,4,4
644257193,319,154,165,169
644257194,74,38,36,25
644257201,5,2,3,1
644257211,6,3,3,3
644257212,51,24,27,22
644257213,2,1,1,1
644257214,50,25,25,23
644257221,383,188,195,177
644257222,168,96,72,81
644257223,195,93,102,102
644257224,58,33,25,31
644257233,2,1,1,1
644257244,10,5,5,2
644257252,10,4,6,1
644257253,3,2,1,2
644257254,3,2,1,1
644257262,3,2,1,1
644257272,2,1,1,1
644257274,3,1,2,1
644257281,15,8,7,9
644257282,342,179,163,167
644257283,2,1,1,1
644257284,218,101,117,97
644257291,732,371,361,328
644257292,274,135,139,128
644257293,569,270,299,243
644257294,3,1,2,2
644257302,1,1,0,1
644257303,3,2,1,1
644257304,7,4,3,3
644257311,7,4,3,3
644257312,5,2,3,2
644257313,8,5,3,4
644257314,6,3,3,4
644257321,12,6,6,4
644257324,1,1,0,1
644257342,5,2,3,1
644257344,6,4,2,1
644257351,2,1,1,1
644257353,2,1,1,1
644257364,6,2,4,1
644257382,4,2,2,1
644257383,11,7,4,2
644257391,262,134,128,102
644257392,253,115,138,106
644257393,8,4,4,2
644257394,14,5,9,4
644257402,5,2,3,1
644257404,2,1,1,1
644257411,13,6,7,7
644257412,2,1,1,1
644257414,22,11,11,9
644257423,9,3,6,2
644257424,3,0,3,2
644257434,2,1,1,1
644257442,2,1,1,1
644257444,9,4,5,1
644257451,1,0,1,1
644257453,5,4,1,1
644257461,8,5,3,2
644257482,10,6,4,4
644257484,8,4,4,3
644257491,7,4,3,2
644257493,4,3,1,1
644257502,6,3,3,2
644257503,4,2,2,2
644257511,1,1,0,1
644257512,5,3,2,1
644257514,3,2,1,1
644257521,2,0,2,1
644257522,4,2,2,2
644257523,8,5,3,3
644257534,3,1,2,1
644257541,2,1,1,1
644257542,2,1,1,1
644257543,2,1,1,1
644257551,2,1,1,1
644257554,6,3,3,2
644257564,7,4,3,2
644257583,1,0,1,1
644257584,2,1,1,2
644257591,11,6,5,5
644257593,79,37,42,30
644257594,6,3,3,2
644257604,2,1,1,1
644257622,8,4,4,2
644257632,2,1,1,1
644257634,2,1,1,1
644257654,6,3,3,1
644257662,8,3,5,2
644257664,6,4,2,1
644257672,2,1,1,2
644257674,7,4,3,2
644257681,10,6,4,3
644257682,9,4,5,3
644257684,6,3,3,2
644257693,6,3,3,3
644257712,7,2,5,2
644257714,6,3,3,2
644257734,8,3,5,3
644257743,5,2,3,1
644257751,1,1,0,1
644257762,7,3,4,2
644257764,4,2,2,2
644257784,2,1,1,1
644257791,9,4,5,2
644257792,4,2,2,1
644257794,82,77,5,2
644257804,8,4,4,2
644257811,2,1,1,1
644257813,3,1,2,1
644257814,1,1,0,1
644257821,17,7,10,7
644257823,2,2,0,2
644257851,52,26,26,18
644257852,8,5,3,3
644257853,15,7,8,5
644257864,2,1,1,1
644257882,10,5,5,1
644257891,3,1,2,1
644257893,10,5,5,2
644257894,4,2,2,1
644257912,2,1,1,1
644257923,1,1,0,1
644257932,1,1,0,1
644257934,3,2,1,1
644257952,2,1,1,1
644257954,10,8,2,3
644257991,3,2,1,1
644257992,3,1,2,1
644257994,4,1,3,1
644262482,8,3,5,2
644262582,5,2,3,1
644262584,9,4,5,3
644262591,2,2,0,1
644262592,15,8,7,3
644262593,12,5,7,3
644262594,8,3,5,2
644262682,5,2,3,2
644262684,53,26,27,12
644262691,16,6,10,5
644262693,10,5,5,3
644262781,11,6,5,2
644262782,2,1,1,1
644262783,2,1,1,1
644262793,12,7,5,3
644262794,9,3,6,2
644262881,5,3,2,3
644262882,5,2,3,3
644262883,3,1,2,1
644262884,6,2,4,3
644262892,20,9,11,5
644262893,5,3,2,3
644262894,14,7,7,4
644262972,2,1,1,1
644262973,2,1,1,1
644262981,1,0,1,1
644262982,7,3,4,3
644262983,8,3,5,4
644262984,12,7,5,6
644262991,6,3,3,3
644262992,21,9,12,5
644262993,2,1,1,1
644262994,48,22,26,18
644263034,14,8,6,5
644263041,3,2,1,1
644263132,7,3,4,3
644263134,14,7,7,4
644263231,2,0,2,1
644263232,7,3,4,1
644263233,3,1,2,2
644263234,18,9,9,9
644263243,5,3,2,1
644263272,3,2,1,1
644263274,3,2,1,1
644263283,5,3,2,2
644263284,5,3,2,1
644263331,15,8,7,5
644263332,2,1,1,1
644263333,18,8,10,13
644263334,13,7,6,6
644263341,4,2,2,2
644263352,13,3,10,3
644263353,4,2,2,1
644263361,18,10,8,4
644263363,16,9,7,4
644263364,2,1,1,1
644263373,8,3,5,2
644263382,11,5,6,2
644263384,1,0,1,1
644263393,7,3,4,1
644263424,15,6,9,6
644263431,49,22,27,35
644263432,10,4,6,4
644263433,3,0,3,2
644263451,12,7,5,3
644263452,1,1,0,1
644263453,3,2,1,2
644263454,2,1,1,1
644263461,14,7,7,3
644263464,5,3,2,1
644263471,19,12,7,5
644263472,5,3,2,2
644263473,7,2,5,1
644263474,9,5,4,3
644263482,5,3,2,2
644263491,2,1,1,1
644263492,7,3,4,3
644263493,13,7,6,3
644263503,3,2,1,2
644263522,9,4,5,4
644263532,3,1,2,1
644263543,7,2,5,3
644263551,11,5,6,3
644263552,5,3,2,2
644263553,55,23,32,24
644263554,62,28,34,22
644263561,19,8,11,5
644263562,11,6,5,3
644263564,6,3,3,2
644263584,9,6,3,3
644263591,4,2,2,2
644263593,4,3,1,2
644263594,2,1,1,1
644263603,4,3,1,1
644263651,25,10,15,12
644263652,19,10,9,7
644263653,2,1,1,1
644263662,4,2,2,1
644263663,7,3,4,2
644263674,7,3,4,2
644263682,6,3,3,1
644263691,4,2,2,1
644263692,44,23,21,20
644263694,42,24,18,14
644263701,3,2,1,1
644263703,9,5,4,3
644263761,1,1,0,1
644263762,5,2,3,1
644263764,7,3,4,1
644263771,12,5,7,3
644263772,13,6,7,2
644263773,17,8,9,8
644263774,6,3,3,2
644263782,3,2,1,1
644263783,8,5,3,4
644263791,8,5,3,2
644263792,1,1,0,1
644263793,6,4,2,1
644263794,5,3,2,3
644263801,22,12,10,9
644263802,4,3,1,3
644263803,217,100,117,95
644263804,270,126,144,124
644263862,3,2,1,1
644263872,33,16,17,11
644263873,3,1,2,3
644263874,18,9,9,6
644263881,6,3,3,2
644263883,2,1,1,1
644263884,10,5,5,4
644263892,10,3,7,3
644263894,3,1,2,1
644263901,326,132,194,105
644263902,211,108,103,99
644263903,168,78,90,70
644263904,179,89,90,82
644263971,9,6,3,2
644263972,16,9,7,5
644263974,7,4,3,2
644263981,10,5,5,2
644263982,11,5,6,2
644263984,5,2,3,2
644264051,310,168,142,125
644264052,215,107,108,31
644264072,9,4,5,2
644264121,12,6,6,3
644264161,10,9,1,9
644264401,7,3,4,3
644264402,3,2,1,1
644264403,4,1,3,1
644264442,2,1,1,1
644264443,2,0,2,1
644264444,3,2,1,1
644264454,2,1,1,1
644264501,6,3,3,3
644264504,6,4,2,3
644264513,13,6,7,4
644264522,2,1,1,1
644264524,3,2,1,2
644264531,4,2,2,2
644264532,3,1,2,1
644264533,1,1,0,1
644264601,13,6,7,7
644264602,4,1,3,1
644264604,17,7,10,4
644264611,7,3,4,2
644264613,2,2,0,1
644264621,15,9,6,5
644264622,6,3,3,1
644264624,17,7,10,4
644264633,2,1,1,1
644264702,5,3,2,2
644264704,5,3,2,1
644264711,3,2,1,1
644264713,2,1,1,1
644264731,2,1,1,1
644264812,10,5,5,3
644264821,5,3,2,2
644264914,7,4,3,2
644265122,7,3,4,4
644265133,8,3,5,2
644265204,8,4,4,3
644265224,24,12,12,5
644265233,10,4,6,4
644265323,8,5,3,2
644265324,8,5,3,3
644265331,5,2,3,2
644265332,5,3,2,1
644265334,14,9,5,3
644265432,3,2,1,2
644265441,2,1,1,1
644266042,10,7,3,10
644266044,10,5,5,10
644266051,10,7,3,10
644267033,3,3,0,3
644267091,2,1,1,1
644267143,2,1,1,1
644267164,11,6,5,4
644267191,3,2,1,1
644267194,5,2,3,1
644267244,1,1,0,1
644272072,2,1,1,1
644272082,12,7,5,2
644272083,11,5,6,3
644272084,10,7,3,2
644272091,13,7,6,3
644272092,9,5,4,2
644272093,3,1,2,2
644272094,5,3,2,2
644272181,3,1,2,1
644272182,2,1,1,1
644272183,1,1,0,1
644272184,12,7,5,3
644272192,10,6,4,3
644272193,11,5,6,2
644272194,11,5,6,2
644272282,3,1,2,1
644272291,20,13,7,5
644272292,9,5,4,1
644272293,4,2,2,1
644272294,19,10,9,7
644272391,13,7,6,4
644272392,2,1,1,1
644272394,4,2,2,1
644272493,3,2,1,2
644272494,2,0,2,2
644272584,5,2,3,2
644272593,6,3,3,2
644272691,11,6,5,4
644272692,6,3,3,2
644272693,16,7,9,3
644272784,106,33,73,3
644272791,8,4,4,2
644272793,112,59,53,3
644272882,150,59,91,3
644272884,4,2,2,1
644272891,45,17,28,13
644272892,2,1,1,1
644272893,31,18,13,9
644272982,5,3,2,1
644272984,3,1,2,2
644272991,13,5,8,6
644272993,1,0,1,1
644273001,8,3,5,3
644273002,4,2,2,2
644273003,9,5,4,3
644273004,41,22,19,13
644273011,1,1,0,1
644273013,7,2,5,3
644273072,10,6,4,2
644273084,4,3,1,1
644273102,3,2,1,1
644273103,5,3,2,1
644273104,13,7,6,5
644273111,8,3,5,4
644273113,10,4,6,2
644273182,2,0,2,2
644273184,12,6,6,3
644273192,4,1,3,1
644273193,3,2,1,1
644273194,3,2,1,1
644273201,11,5,6,3
644273202,16,7,9,4
644273203,13,7,6,4
644273204,28,13,15,7
644273211,2,1,1,1
644273291,2,1,1,1
644273292,6,3,3,2
644273293,2,1,1,1
644273294,10,5,5,3
644273301,13,5,8,3
644273302,9,5,4,3
644273303,5,2,3,2
644273304,7,3,4,1
644273314,48,23,25,21
644273401,10,4,6,3
644273402,9,4,5,3
644273403,17,8,9,5
644273404,6,2,4,2
644273412,25,12,13,14
644273414,34,15,19,15
644273423,23,11,12,10
644273501,2,1,1,2
644273502,17,8,9,5
644273503,2,1,1,1
644273504,14,5,9,5
644273511,1,0,1,1
644273512,11,6,5,3
644273513,29,15,14,8
644273514,4,3,1,2
644273521,111,53,58,52
644273523,23,11,12,9
644273593,6,3,3,1
644273601,8,3,5,3
644273602,19,11,8,8
644273603,11,6,5,4
644273604,27,12,15,4
644273613,7,4,3,2
644273621,15,6,9,4
644273622,12,6,6,3
644273623,23,11,12,6
644273624,8,3,5,2
644273634,6,2,4,2
644273691,2,1,1,1
644273692,8,3,5,3
644273701,7,3,4,2
644273702,7,3,4,2
644273703,13,7,6,3
644273704,3,2,1,1
644273713,2,1,1,1
644273714,13,8,5,4
644273721,17,7,10,5
644273722,9,5,4,3
644273723,11,7,4,4
644273724,8,3,5,3
644273733,8,3,5,3
644273801,30,0,30,30
644273803,5,2,3,2
644273804,25,12,13,9
644273811,3,1,2,1
644273812,11,5,6,4
644273814,20,11,9,9
644273821,11,5,6,5
644273822,12,5,7,5
644273823,15,7,8,5
644273824,16,8,8,4
644273831,19,10,9,7
644273833,11,5,6,3
644273834,29,13,16,7
644273894,1,1,0,1
644273901,17,7,10,4
644273902,37,20,17,10
644273903,18,10,8,7
644273904,27,13,14,5
644273912,141,68,73,58
644273913,36,20,16,17
644273914,991,460,531,419
644273921,21,9,12,7
644273922,17,11,6,5
644273923,23,9,14,11
644273924,31,14,17,11
644273931,6,3,3,2
644273932,3,2,1,2
644273933,21,9,12,5
644273934,10,5,5,4
644273941,8,4,4,3
644273943,9,4,5,4
644273972,10,5,5,5
644273974,8,6,2,4
644274021,2,1,1,1
644274314,8,5,3,3
644274411,7,4,3,1
644274413,11,7,4,5
644274414,7,3,4,3
644274424,8,3,5,2
644274431,2,1,1,1
644274432,3,2,1,1
644274433,8,5,3,3
644274434,6,3,3,2
644274512,4,1,3,1
644274514,29,14,15,6
644274521,36,19,17,8
644274522,23,12,11,6
644274523,10,5,5,3
644274524,8,5,3,4
644274602,2,1,1,1
644274611,24,11,13,5
644274612,113,62,51,49
644274613,26,10,16,8
644274614,16,10,6,5
644274621,46,24,22,24
644274622,10,4,6,6
644274623,14,6,8,10
644274631,20,10,10,8
644274632,4,2,2,1
644274633,10,5,5,2
644274634,21,12,9,7
644274644,6,2,4,2
644274704,3,1,2,1
644274713,2,1,1,1
644274721,6,3,3,2
644274723,8,3,5,2
644274731,4,2,2,1
644274801,4,2,2,1
644274802,5,3,2,1
644274804,5,3,2,2
644274811,16,8,8,4
644274812,11,5,6,3
644274813,1,1,0,1
644274821,8,2,6,2
644274823,3,1,2,1
644274824,5,3,2,2
644274831,10,4,6,2
644274902,5,4,1,1
644274911,13,6,7,3
644274914,21,11,10,6
644274921,8,4,4,2
644274923,12,7,5,7
644277954,17,5,12,10
644300022,12,6,6,4
644300033,8,2,6,2
644300052,3,1,2,1
644300062,6,3,3,2
644300063,15,6,9,4
644300071,3,2,1,1
644300072,7,2,5,2
644300091,4,2,2,2
644300093,15,8,7,4
644300142,6,3,3,3
644300144,10,5,5,4
644300161,8,3,5,2
644300163,3,1,2,1
644300164,10,6,4,4
644300182,7,5,2,2
644300191,10,5,5,4
644300192,5,3,2,2
644300193,4,2,2,2
644300194,4,3,1,2
644300232,3,1,2,1
644300252,9,4,5,3
644300253,3,2,1,1
644300263,2,1,1,1
644300271,28,14,14,14
644300292,14,7,7,5
644300293,12,5,7,4
644300294,66,32,34,37
644300334,3,1,2,2
644300341,9,5,4,3
644300342,8,2,6,3
644300343,7,3,4,2
644300344,2,1,1,1
644300361,2,1,1,1
644300363,8,5,3,2
644300364,1,1,0,1
644300383,29,15,14,7
644300392,29,14,15,18
644300394,4,1,3,1
644300404,5,3,2,2
644300421,1,0,1,1
644300442,17,9,8,7
644300443,3,2,1,1
644300444,4,3,1,1
644300462,2,1,1,1
644300471,5,2,3,2
644300473,7,4,3,3
644300483,5,3,2,2
644300484,4,2,2,2
644300491,12,8,4,4
644300493,5,3,2,2
644300524,8,5,3,2
644300534,8,4,4,2
644300563,4,2,2,2
644300582,15,7,8,3
644300583,8,5,3,2
644300592,5,3,2,1
644300593,8,5,3,4
644300594,1,1,0,1
644300602,6,3,3,3
644300603,2,1,1,1
644300612,3,2,1,1
644300613,10,4,6,3
644300623,18,10,8,6
644300633,2,1,1,1
644300641,2,1,1,1
644300643,3,2,1,1
644300652,8,3,5,2
644300653,7,4,3,1
644300654,22,12,10,5
644300661,13,7,6,3
644300663,2,1,1,1
644300664,2,1,1,1
644300682,10,4,6,2
644300684,15,8,7,2
644300691,4,2,2,4
644300694,2,1,1,1
644300701,3,1,2,1
644300703,2,1,1,1
644300721,2,1,1,1
644300722,2,1,1,1
644300724,4,2,2,1
644300733,2,1,1,1
644300734,12,6,6,2
644300743,12,6,6,3
644300744,2,1,1,1
644300752,1,0,1,1
644300753,3,1,2,1
644300754,2,1,1,1
644300762,7,4,3,2
644300763,14,7,7,5
644300764,1,0,1,1
644300771,3,1,2,1
644300773,3,1,2,1
644300784,4,2,2,1
644300791,2,1,1,1
644300792,11,5,6,2
644300793,4,2,2,1
644300801,5,5,0,1
644300802,2,1,1,1
644300803,3,1,2,1
644300813,2,1,1,1
644300833,4,1,3,1
644300834,2,1,1,1
644300841,3,2,1,1
644300851,5,3,2,1
644300854,6,4,2,2
644300861,13,8,5,5
644300862,5,3,2,1
644300863,3,2,1,2
644300873,2,1,1,1
644300874,20,10,10,7
644300894,11,6,5,3
644300901,1,1,0,1
644300904,8,5,3,2
644300911,12,8,4,4
644300912,13,7,6,3
644300922,4,1,3,1
644300931,6,1,5,1
644300932,14,6,8,3
644300933,6,3,3,1
644300934,3,2,1,1
644300941,1,0,1,1
644300952,8,4,4,2
644300954,10,4,6,2
644300962,57,28,29,19
644300963,28,12,16,9
644300964,12,6,6,7
644300971,49,24,25,10
644300972,1,0,1,1
644300981,1,1,0,1
644300994,5,3,2,1
644301013,9,5,4,2
644301014,6,3,3,2
644301023,4,1,3,2
644301024,12,5,7,3
644301032,6,3,3,1
644301034,6,3,3,2
644301041,4,2,2,1
644301042,6,4,2,2
644301043,2,1,1,1
644301044,3,2,1,1
644301051,3,2,1,1
644301062,2,1,1,1
644301073,2,1,1,1
644301074,26,13,13,7
644301091,3,2,1,1
644301102,2,1,1,1
644301103,5,3,2,2
644301104,5,3,2,2
644301111,2,1,1,1
644301114,6,3,3,2
644301122,2,2,0,1
644301123,6,3,3,2
644301132,10,5,5,2
644301133,2,1,1,1
644301141,8,3,5,1
644301143,11,7,4,2
644301161,3,1,2,1
644301171,5,3,2,1
644301173,3,2,1,1
644301183,4,2,2,1
644301184,6,3,3,1
644301201,24,11,13,7
644301202,12,6,6,5
644301203,7,4,3,4
644301211,1,0,1,1
644301213,4,1,3,1
644301214,10,6,4,3
644301223,3,2,1,1
644301224,6,4,2,1
644301232,24,11,13,7
644301233,7,4,3,1
644301241,5,2,3,1
644301242,6,3,3,2
644301251,3,2,1,1
644301254,2,1,1,1
644301263,6,3,3,1
644301272,6,4,2,1
644301283,6,3,3,1
644301284,8,3,5,2
644301291,12,8,4,3
644301293,3,1,2,1
644301301,148,72,76,67
644301302,273,124,149,120
644301303,215,92,123,72
644301304,384,182,202,170
644301311,166,110,56,16
644301312,15,7,8,5
644301313,153,67,86,72
644301314,3,2,1,1
644301321,9,4,5,2
644301322,7,4,3,2
644301323,5,3,2,1
644301332,1,0,1,1
644301334,9,5,4,2
644301353,8,3,5,1
644301362,8,4,4,2
644301363,12,7,5,3
644301371,8,5,3,2
644301392,2,1,1,2
644301402,397,189,208,189
644301404,46,25,21,36
644301411,456,223,233,183
644301413,249,126,123,109
644301414,2,1,1,1
644301422,4,2,2,1
644301423,3,1,2,1
644301424,7,4,3,2
644301432,2,1,1,1
644301433,22,11,11,5
644301434,5,3,2,1
644301441,3,2,1,1
644301442,3,1,2,1
644301443,3,1,2,1
644301452,7,3,4,1
644301453,9,6,3,1
644301454,3,1,2,1
644301462,10,3,7,2
644301481,7,4,3,2
644301483,8,5,3,2
644301492,9,5,4,2
644301511,32,13,19,9
644301514,23,12,11,6
644301522,9,4,5,3
644301524,9,3,6,2
644301531,4,1,3,1
644301532,6,3,3,1
644301533,6,3,3,2
644301534,7,4,3,1
644301542,5,1,4,2
644301543,2,1,1,1
644301544,1,1,0,1
644301552,6,3,3,1
644301554,5,4,1,3
644301561,1,1,0,1
644301563,12,7,5,2
644301573,7,4,3,1
644301601,7,5,2,2
644301603,15,6,9,3
644301612,1,1,0,1
644301622,11,5,6,2
644301623,4,2,2,2
644301631,5,2,3,1
644301633,17,8,9,6
644301634,11,4,7,2
644301641,8,3,5,2
644301644,5,2,3,2
644301651,2,1,1,1
644301652,6,3,3,2
644301653,12,6,6,5
644301663,5,4,1,2
644301681,3,1,2,1
644301682,7,5,2,1
644301691,2,1,1,2
644301692,14,5,9,3
644301702,4,2,2,1
644301703,4,2,2,1
644301704,4,1,3,1
644301713,7,3,4,1
644301721,1,0,1,1
644301722,7,3,4,3
644301723,5,2,3,2
644301731,11,5,6,6
644301733,1,1,0,1
644301734,6,2,4,2
644301751,58,33,25,14
644301782,2,1,1,1
644301791,2,1,1,1
644301792,3,2,1,1
644301802,4,1,3,1
644301804,9,4,5,2
644301813,5,2,3,1
644301832,11,6,5,3
644301834,11,6,5,3
644301843,3,2,1,2
644301874,3,2,1,1
644301882,4,2,2,1
644301883,2,1,1,1
644301892,6,4,2,1
644301893,2,1,1,1
644301894,21,11,10,3
644301903,10,4,6,2
644301913,10,5,5,3
644301922,34,18,16,7
644301924,6,3,3,4
644301931,31,18,13,5
644301932,1,1,0,1
644301934,2,1,1,1
644301941,2,1,1,1
644301942,1,0,1,1
644301944,1,1,0,1
644301951,16,11,5,8
644301953,1,1,0,1
644301954,6,5,1,4
644301974,12,5,7,2
644301981,14,8,6,3
644301983,8,4,4,2
644301991,14,8,6,2
644301993,6,3,3,2
644301994,8,3,5,2
644302024,4,3,1,2
644302031,14,6,8,3
644302044,3,2,1,1
644302051,8,4,4,2
644302053,6,4,2,3
644302101,8,6,2,2
644302103,15,10,5,4
644302104,8,4,4,3
644302121,3,2,1,1
644302132,16,6,10,3
644302133,2,1,1,1
644302141,5,2,3,1
644302142,12,5,7,4
644302144,5,3,2,2
644302151,4,3,1,2
644302153,2,2,0,1
644302201,2,1,1,1
644302202,5,3,2,1
644302203,2,1,1,1
644302204,3,2,1,1
644302214,3,2,1,1
644302222,7,3,4,1
644302223,7,4,3,1
644302224,2,1,1,1
644302232,1,0,1,1
644302242,11,7,4,3
644302243,2,1,1,1
644302261,9,6,3,3
644302301,13,5,8,5
644302302,3,2,1,2
644302303,5,2,3,3
644302304,5,3,2,1
644302313,4,3,1,1
644302332,5,3,2,2
644302333,6,3,3,1
644302342,4,2,2,1
644302343,6,3,3,2
644302353,2,1,1,1
644302414,4,2,2,1
644302422,3,0,3,1
644302431,4,2,2,1
644302501,8,3,5,2
644302502,5,3,2,1
644302513,8,3,5,2
644302531,3,2,1,2
644302534,1,1,0,1
644302542,11,6,5,4
644302544,8,4,4,3
644302552,6,2,4,2
644302554,2,1,1,1
644302561,2,1,1,1
644302563,6,2,4,1
644302601,7,3,4,2
644302632,8,4,4,2
644302634,4,2,2,1
644302641,2,1,1,1
644302652,5,3,2,1
644302702,7,3,4,2
644302704,5,3,2,2
644302721,5,3,2,1
644302744,10,6,4,3
644302751,5,3,2,1
644302754,2,1,1,1
644302814,3,2,1,1
644302824,10,3,7,4
644302831,2,1,1,1
644302833,3,2,1,1
644302861,3,2,1,1
644302901,5,1,4,1
644302912,3,2,1,1
644302931,3,2,1,1
644302933,3,1,2,1
644302961,10,6,4,2
644302964,3,1,2,1
644303081,7,3,4,4
644303172,6,2,4,2
644303372,1,1,0,1
644303603,7,3,4,1
644303622,5,3,2,2
644303624,1,1,0,1
644303633,1,1,0,1
644303702,5,1,4,2
644303711,7,3,4,2
644303713,10,4,6,3
644303731,5,3,2,2
644303733,9,6,3,1
644303762,6,3,3,2
644303763,5,3,2,1
644303812,16,9,7,4
644303821,4,2,2,2
644303831,9,5,4,3
644303833,1,0,1,1
644303834,5,3,2,2
644303924,5,3,2,1
644303931,7,3,4,3
644303934,6,3,3,1
644303943,2,1,1,1
644303964,1,0,1,1
644304041,6,5,1,6
644304053,3,1,2,3
644304063,3,0,3,3
644304094,1,1,0,1
644304254,6,2,4,2
644304261,5,2,3,2
644304334,3,2,1,1
644304574,2,0,2,2
644304593,2,1,1,1
644304594,2,1,1,1
644304652,2,1,1,1
644304661,5,1,4,1
644304662,6,3,3,3
644304664,1,0,1,1
644304691,7,3,4,1
644304694,5,3,2,1
644304771,10,3,7,5
644304792,2,1,1,1
644304861,2,1,1,1
644304882,5,2,3,2
644304884,10,5,5,3
644304894,8,3,5,1
644304942,2,1,1,1
644304963,7,3,4,1
644304981,2,1,1,1
644304982,2,1,1,1
644304983,4,2,2,1
644304984,15,8,7,6
644304992,1,1,0,1
644304993,6,2,4,2
644305113,6,3,3,3
644305114,24,13,11,11
644305212,120,52,68,49
644305214,46,22,24,23
644305221,22,10,12,10
644305223,89,49,40,40
644305412,2,1,1,1
644305413,7,4,3,2
644305504,5,3,2,2
644305521,1,0,1,1
644305532,6,3,3,1
644305604,8,6,2,2
644305612,2,1,1,1
644305614,1,0,1,1
644305621,3,1,2,1
644305622,2,1,1,1
644305624,2,1,1,1
644305631,4,1,3,1
644305634,2,1,1,1
644305712,4,3,1,3
644305743,3,2,1,1
644305744,2,1,1,1
644305751,2,1,1,1
644305752,18,9,9,7
644305754,3,1,2,1
644305761,52,23,29,21
644305763,5,3,2,3
644305803,3,2,1,1
644305804,5,2,3,2
644305811,3,2,1,1
644305812,6,4,2,2
644305813,6,4,2,1
644305821,18,7,11,5
644305824,6,3,3,2
644305834,6,3,3,2
644305902,8,4,4,5
644305904,3,1,2,1
644305911,8,3,5,4
644305942,13,6,7,3
644310001,9,5,4,3
644310002,2,1,1,1
644310003,6,2,4,2
644310004,83,44,39,29
644310011,22,10,12,6
644310012,9,6,3,4
644310013,4,2,2,3
644310021,1,0,1,1
644310022,4,1,3,2
644310023,11,6,5,4
644310042,8,4,4,2
644310044,15,8,7,4
644310052,1,0,1,1
644310061,3,1,2,1
644310062,11,3,8,3
644310064,6,3,3,2
644310074,3,2,1,1
644310081,2,1,1,1
644310091,10,4,6,2
644310101,5,3,2,1
644310103,4,2,2,1
644310104,5,2,3,2
644310123,7,3,4,2
644310124,17,7,10,4
644310133,4,2,2,1
644310144,7,3,4,2
644310161,6,3,3,3
644310171,3,1,2,1
644310173,3,1,2,1
644310174,6,3,3,2
644310182,14,7,7,3
644310183,9,5,4,2
644310184,5,2,3,2
644310191,16,8,8,3
644310192,6,4,2,1
644310193,6,3,3,2
644310201,3,2,1,1
644310203,7,4,3,1
644310204,11,4,7,2
644310211,4,2,2,1
644310213,10,5,5,3
644310214,2,1,1,1
644310222,8,5,3,2
644310231,9,3,6,3
644310242,9,6,3,2
644310251,8,4,4,1
644310262,3,2,1,1
644310272,7,3,4,2
644310281,9,4,5,3
644310283,2,1,1,1
644310291,5,2,3,2
644310292,8,4,4,2
644310301,6,3,3,2
644310302,9,6,3,2
644310323,11,5,6,2
644310324,11,6,5,3
644310331,10,4,6,2
644310334,16,7,9,3
644310341,5,3,2,2
644310371,3,1,2,1
644310372,3,2,1,1
644310381,8,5,3,2
644310383,7,3,4,4
644310391,6,3,3,2
644310392,3,1,2,1
644310393,12,6,6,2
644310403,7,3,4,2
644310404,13,5,8,2
644310413,2,1,1,1
644310414,4,2,2,1
644310421,2,1,1,1
644310422,4,3,1,1
644310423,13,7,6,2
644310431,7,3,4,1
644310442,6,2,4,2
644310453,3,2,1,1
644310462,5,2,3,2
644310463,11,5,6,2
644310473,4,2,2,2
644310474,5,4,1,1
644310482,12,6,6,3
644310483,9,5,4,2
644310484,3,1,2,1
644310493,3,1,2,1
644310494,7,4,3,1
644310503,14,5,9,3
644310504,13,5,8,2
644310511,9,6,3,2
644310514,5,2,3,1
644310521,19,8,11,4
644310522,2,1,1,1
644310524,7,3,4,1
644310533,6,3,3,2
644310534,3,2,1,1
644310541,11,6,5,3
644310542,2,1,1,1
644310553,17,9,8,8
644310554,4,2,2,1
644310562,7,4,3,1
644310564,7,4,3,1
644310572,3,1,2,1
644310573,6,4,2,1
644310574,3,2,1,1
644310581,7,3,4,2
644310584,5,2,3,1
644310591,10,5,5,3
644310592,1,1,0,1
644310594,11,6,5,2
644310604,13,4,9,2
644310622,2,1,1,1
644310623,4,1,3,1
644310624,4,2,2,1
644310631,4,3,1,1
644310641,4,2,2,1
644310643,6,3,3,2
644310644,8,4,4,2
644310651,64,35,29,7
644310652,22,13,9,7
644310653,2,1,1,1
644310661,10,4,6,3
644310662,5,2,3,1
644310664,12,6,6,2
644310674,27,14,13,10
644310683,19,10,9,4
644310684,3,2,1,1
644310691,6,4,2,1
644310692,3,2,1,1
644310704,3,2,1,1
644310712,4,2,2,1
644310713,8,3,5,2
644310714,4,2,2,2
644310721,5,2,3,1
644310722,8,5,3,1
644310724,11,6,5,5
644310732,6,3,3,2
644310733,5,1,4,2
644310741,11,7,4,3
644310752,5,3,2,2
644310754,3,1,2,1
644310761,7,4,3,2
644310773,3,1,2,1
644310784,3,2,1,2
644310791,2,1,1,1
644310792,22,13,9,6
644310793,3,1,2,1
644310794,6,2,4,2
644310803,8,5,3,2
644310804,11,6,5,2
644310811,5,3,2,1
644310824,3,2,1,2
644310833,13,6,7,2
644310842,1,0,1,1
644310843,9,6,3,3
644310844,5,3,2,1
644310852,5,4,1,1
644310853,7,4,3,2
644310854,7,5,2,1
644310862,2,1,1,1
644310863,8,4,4,1
644310864,10,4,6,2
644310871,3,2,1,1
644310872,10,5,5,2
644310874,8,3,5,2
644310891,2,1,1,1
644310901,3,1,2,2
644310913,4,2,2,2
644310914,23,10,13,4
644310922,15,8,7,3
644310931,10,5,5,2
644310932,12,7,5,3
644310933,13,6,7,3
644310942,2,1,1,1
644310954,2,1,1,1
644310961,27,11,16,7
644310964,16,7,9,3
644310972,11,5,6,3
644310974,12,6,6,3
644310981,11,7,4,3
644310982,15,6,9,4
644310983,6,3,3,1
644310984,9,6,3,2
644310992,6,4,2,3
644310993,5,2,3,1
644311002,12,7,5,3
644311021,3,1,2,1
644311022,1,0,1,1
644311023,2,1,1,1
644311031,3,2,1,1
644311034,7,4,3,4
644311042,34,34,0,1
644311053,15,9,6,4
644311074,9,5,4,2
644311091,8,5,3,2
644311094,8,3,5,3
644311111,5,3,2,2
644311121,4,1,3,1
644311122,3,2,1,1
644311123,27,14,13,8
644311131,2,1,1,1
644311132,2,1,1,1
644311134,8,6,2,3
644311144,4,3,1,1
644311151,3,2,1,1
644311164,7,4,3,1
644311182,3,1,2,1
644311184,7,2,5,2
644311191,4,1,3,1
644311192,6,3,3,2
644311212,3,2,1,1
644311223,23,14,9,6
644311231,8,5,3,2
644311241,8,4,4,3
644311242,5,3,2,1
644311243,5,2,3,1
644311244,7,3,4,2
644311252,12,6,6,3
644311253,3,2,1,1
644311261,8,3,5,2
644311264,4,3,1,1
644311272,3,1,2,2
644311273,10,5,5,2
644311281,15,7,8,3
644311282,19,10,9,5
644311283,12,7,5,3
644311291,11,6,5,2
644311292,7,3,4,2
644311293,5,2,3,2
644311303,8,4,4,2
644311312,7,4,3,2
644311314,7,1,6,3
644311321,4,1,3,2
644311324,9,5,4,3
644311332,9,4,5,3
644311341,10,6,4,3
644311344,14,6,8,5
644311352,5,2,3,1
644311353,3,1,2,1
644311354,12,8,4,3
644311362,7,4,3,1
644311363,2,1,1,1
644311364,12,5,7,3
644311372,14,7,7,2
644311374,6,3,3,2
644311384,21,11,10,5
644311392,4,2,2,2
644311394,3,1,2,1
644311402,2,1,1,1
644311412,8,4,4,4
644311421,11,6,5,4
644311422,4,1,3,2
644311424,128,65,63,48
644311431,4,3,1,1
644311433,393,215,178,106
644311434,4,3,1,2
644311441,10,6,4,4
644311443,19,10,9,5
644311444,2,1,1,1
644311451,3,2,1,2
644311453,8,5,3,2
644311454,5,2,3,2
644311464,3,2,1,1
644311471,5,3,2,1
644311472,4,2,2,2
644311473,2,1,1,1
644311481,5,2,3,2
644311492,5,1,4,1
644311502,15,8,7,4
644311503,11,5,6,3
644311512,18,9,9,4
644311513,8,4,4,1
644311514,7,3,4,1
644311522,421,206,215,133
644311524,151,41,110,19
644311531,266,134,132,109
644311532,4,2,2,1
644311533,16,6,10,4
644311534,17,9,8,4
644311542,3,1,2,1
644311544,3,2,1,1
644311552,8,5,3,2
644311553,25,12,13,6
644311562,10,6,4,2
644311573,11,7,4,3
644311581,11,5,6,2
644311582,13,8,5,2
644311584,8,4,4,2
644311601,8,4,4,4
644311602,14,7,7,3
644311603,4,3,1,2
644311604,4,2,2,1
644311631,4,1,3,1
644311632,15,6,9,3
644311633,24,15,9,6
644311634,16,9,7,6
644311641,5,3,2,1
644311642,6,3,3,1
644311643,6,3,3,1
644311644,9,4,5,2
644311653,2,2,0,1
644311662,8,6,2,2
644311663,5,3,2,2
644311664,11,4,7,3
644311671,6,3,3,3
644311681,19,10,9,5
644311683,10,4,6,3
644311684,3,2,1,1
644311701,8,5,3,2
644311702,3,2,1,1
644311704,4,2,2,1
644311711,2,1,1,1
644311713,4,1,3,1
644311714,2,1,1,1
644311721,4,1,3,1
644311724,1,0,1,1
644311731,3,2,1,1
644311732,5,1,4,3
644311734,4,1,3,1
644311743,5,2,3,1
644311744,10,7,3,2
644311753,11,7,4,3
644311782,11,6,5,4
644311783,11,5,6,2
644311793,2,1,1,1
644311801,2,1,1,1
644311804,4,2,2,1
644311811,8,6,2,3
644311813,2,1,1,1
644311814,14,8,6,5
644311821,7,4,3,3
644311824,33,16,17,5
644311841,8,3,5,2
644311843,1,0,1,1
644311844,3,2,1,1
644311851,5,3,2,1
644311863,7,3,4,2
644311871,5,2,3,1
644311872,18,8,10,3
644311874,11,5,6,2
644311881,10,6,4,2
644311894,5,2,3,2
644311901,5,4,1,2
644311902,2,1,1,1
644311903,15,7,8,2
644311913,7,2,5,2
644311914,9,5,4,2
644311923,6,4,2,2
644311933,4,2,2,1
644311934,15,8,7,6
644311941,1,0,1,1
644311942,17,9,8,3
644311951,10,5,5,2
644311952,5,3,2,2
644311953,3,2,1,1
644311954,8,2,6,2
644311961,19,12,7,4
644311962,8,4,4,1
644311963,2,0,2,2
644311964,2,1,1,1
644311971,15,6,9,3
644311972,6,3,3,1
644311974,2,1,1,1
644311983,6,3,3,2
644312002,5,3,2,1
644312003,5,2,3,2
644312013,19,7,12,9
644312023,10,5,5,3
644312032,8,3,5,2
644312064,2,1,1,1
644312114,7,4,3,2
644312131,5,3,2,2
644312134,7,5,2,3
644312143,4,2,2,1
644312144,9,6,3,3
644312153,9,4,5,1
644312163,3,2,1,1
644312201,6,4,2,2
644312214,7,3,4,2
644312221,8,3,5,2
644312223,13,6,7,2
644312244,3,2,1,1
644312251,2,1,1,1
644312271,16,8,8,3
644312273,14,7,7,5
644312301,5,2,3,2
644312314,8,3,5,2
644312321,10,4,6,3
644312322,6,5,1,2
644312323,9,5,4,2
644312351,3,2,1,1
644312352,10,5,5,2
644312354,27,17,10,11
644312363,56,31,25,20
644312402,10,5,5,2
644312421,13,8,5,3
644312422,10,5,5,2
644312423,8,3,5,2
644312442,3,2,1,2
644312453,6,4,2,2
644312461,13,7,6,4
644312464,3,1,2,1
644312502,5,3,2,2
644312511,10,6,4,2
644312522,11,6,5,2
644312524,8,4,4,2
644312544,9,4,5,3
644312571,4,2,2,1
644312573,11,5,6,3
644312603,9,4,5,2
644312604,4,1,3,1
644312632,23,11,12,5
644312641,7,3,4,1
644312664,5,2,3,1
644312671,2,1,1,1
644312672,1,1,0,1
644312674,3,2,1,1
644312681,3,1,2,1
644312701,6,3,3,2
644312703,18,6,12,5
644312771,8,5,3,2
644312772,5,2,3,1
644312781,2,1,1,1
644312783,19,7,12,4
644312791,3,1,2,1
644312793,3,2,1,1
644312801,3,2,1,2
644312802,1,1,0,1
644312842,7,4,3,2
644312843,7,4,3,2
644312854,13,4,9,4
644312871,2,1,1,1
644312872,4,2,2,1
644312873,7,4,3,3
644312881,4,1,3,1
644312883,2,1,1,1
644312884,11,6,5,3
644312904,4,1,3,2
644312941,10,5,5,2
644312951,6,2,4,2
644312954,6,4,2,2
644312964,9,5,4,3
644312973,3,2,1,2
644312981,7,4,3,3
644312983,9,4,5,3
644312984,1,0,1,1
644313021,3,2,1,1
644313022,6,3,3,1
644313032,4,2,2,1
644313041,6,3,3,1
644313043,11,4,7,5
644313044,3,1,2,1
644313062,12,5,7,4
644313114,6,3,3,2
644313141,6,3,3,1
644313144,2,1,1,2
644313153,3,1,2,1
644313154,4,1,3,1
644313171,3,2,1,1
644313242,8,5,3,2
644313251,3,1,2,1
644313252,7,4,3,2
644313253,6,3,3,2
644313254,10,5,5,4
644313264,5,1,4,1
644313273,6,3,3,1
644313313,7,5,2,1
644313352,13,7,6,4
644313362,7,4,3,2
644313371,7,3,4,2
644313372,7,3,4,2
644313381,4,2,2,2
644313384,12,6,6,2
644313393,9,5,4,2
644313411,7,3,4,3
644313452,3,2,1,1
644313454,9,4,5,2
644313471,4,1,3,2
644313481,13,7,6,4
644313491,7,4,3,2
644313492,5,4,1,1
644313493,7,2,5,1
644313504,5,3,2,1
644313513,5,2,3,2
644313514,2,1,1,1
644313562,5,2,3,1
644313564,2,1,1,1
644313592,19,10,9,7
644313621,3,1,2,1
644313634,2,1,1,1
644313654,5,3,2,1
644313661,3,2,1,1
644313663,2,1,1,1
644313673,5,2,3,2
644313674,11,6,5,3
644313692,49,14,35,1
644313694,2,1,1,1
644313731,6,3,3,2
644313753,1,0,1,1
644313754,6,3,3,3
644313762,5,2,3,1
644313764,4,2,2,1
644313781,2,1,1,1
644313784,2,0,2,1
644313791,10,5,5,3
644313792,3,1,2,1
644313793,11,6,5,5
644313851,5,2,3,1
644313861,18,10,8,5
644313863,5,3,2,2
644313864,11,5,6,4
644313882,5,3,2,3
644313883,2,1,1,1
644313941,2,1,1,1
644313962,1,1,0,1
644313963,1,1,0,1
644313974,1,1,0,1
644314082,5,2,3,1
644314112,4,2,2,2
644314121,4,2,2,2
644314141,5,2,3,2
644314163,7,5,2,2
644314174,2,1,1,1
644314182,2,1,1,1
644314191,2,1,1,1
644314194,2,1,1,1
644314221,2,1,1,1
644314223,7,4,3,2
644314232,7,4,3,3
644314252,3,1,2,2
644314253,6,2,4,2
644314274,1,1,0,1
644314283,2,1,1,1
644314284,21,10,11,9
644314291,13,4,9,6
644314292,2,1,1,1
644314293,61,29,32,30
644314294,4,2,2,2
644314311,2,1,1,1
644314312,2,1,1,1
644314343,7,3,4,2
644314344,3,2,1,2
644314364,6,2,4,2
644314381,28,12,16,16
644314382,69,38,31,31
644314393,2,1,1,1
644314401,40,18,22,10
644314403,2,1,1,1
644314421,14,9,5,4
644314464,3,1,2,1
644314493,3,2,1,1
644314501,133,67,66,67
644314502,331,153,178,142
644314503,6,2,4,2
644314504,134,63,71,56
644314511,67,33,34,30
644314531,7,2,5,1
644314533,2,1,1,1
644314534,3,1,2,1
644314561,2,1,1,1
644314562,9,5,4,3
644314573,5,3,2,2
644314574,7,4,3,1
644314583,9,4,5,2
644314592,1,1,0,1
644314594,2,1,1,1
644314601,58,26,32,32
644314602,82,39,43,35
644314603,60,27,33,27
644314621,7,3,4,3
644314622,2,1,1,1
644314624,3,2,1,2
644314631,1,1,0,1
644314632,3,1,2,1
644314633,7,4,3,3
644314641,15,8,7,5
644314651,16,8,8,5
644314652,2,1,1,1
644314653,12,7,5,2
644314662,2,1,1,1
644314682,2,1,1,1
644314694,4,2,2,1
644314704,1,0,1,1
644314711,55,25,30,22
644314712,217,103,114,98
644314714,217,109,108,93
644314721,12,6,6,5
644314723,1,0,1,1
644314724,20,9,11,8
644314731,22,10,12,9
644314732,11,5,6,4
644314733,129,59,70,71
644314734,9,4,5,4
644314742,3,2,1,2
644314743,8,2,6,2
644314761,2,1,1,1
644314772,5,3,2,2
644314782,8,5,3,1
644314784,3,1,2,1
644314791,2,1,1,1
644314802,3,1,2,2
644314804,4,1,3,2
644314811,2,1,1,1
644314814,8,3,5,3
644314822,54,25,29,25
644314831,42,19,23,21
644314832,5,2,3,2
644314833,1,0,1,1
644314834,7,3,4,2
644314851,1,1,0,1
644314854,1,1,0,1
644314873,2,1,1,1
644314881,3,1,2,1
644314882,2,1,1,1
644314883,4,2,2,1
644314884,5,2,3,1
644314903,2,1,1,1
644314911,5,2,3,2
644314914,2,1,1,1
644314922,8,5,3,3
644314933,3,2,1,1
644314982,8,4,4,2
644315003,10,6,4,3
644315101,4,1,3,1
644315121,6,4,2,1
644315141,6,4,2,2
644315143,4,3,1,1
644315151,3,1,2,2
644315152,3,1,2,1
644315153,2,1,1,1
644315201,2,1,1,1
644315203,11,6,5,2
644315204,11,3,8,4
644315212,3,1,2,1
644315222,8,5,3,2
644315311,5,2,3,2
644315312,2,1,1,1
644315314,3,1,2,1
644315323,2,1,1,1
644315364,2,1,1,1
644315402,10,5,5,3
644315404,11,6,5,2
644315414,8,4,4,3
644315452,2,1,1,1
644315471,5,4,1,1
644315512,3,1,2,1
644315513,8,3,5,1
644315514,3,1,2,1
644315521,10,4,6,3
644315523,82,37,45,36
644315611,3,2,1,1
644315612,2,1,1,1
644315613,5,3,2,1
644315614,3,0,3,2
644315621,259,121,138,102
644315622,9,6,3,3
644315623,317,151,166,142
644315624,506,243,263,226
644315712,6,3,3,3
644315714,7,4,3,1
644315721,323,148,175,144
644315722,378,188,190,185
644315723,179,86,93,76
644315724,720,323,397,274
644315731,2,1,1,1
644315812,1,1,0,1
644315821,99,46,53,42
644315822,146,67,79,63
644315823,7,2,5,4
644315824,243,113,130,111
644315833,39,19,20,18
644315834,6,4,2,2
644315922,8,4,4,3
644315923,2,1,1,1
644315924,8,4,4,3
644315994,2,1,1,1
644316422,5,3,2,1
644316532,4,2,2,2
644316544,48,22,26,25
644316631,2,1,1,1
644316642,6,2,4,2
644316644,2,1,1,1
644316653,90,43,47,39
644316654,14,7,7,4
644316742,108,47,61,50
644316744,3,1,2,2
644316751,33,16,17,15
644316833,2,1,1,1
644316834,3,2,1,1
644316841,6,3,3,2
644316873,2,1,1,1
644316903,4,2,2,2
644316931,7,4,3,2
644320003,11,6,5,3
644320011,2,1,1,1
644320012,17,9,8,3
644320014,5,3,2,1
644320021,8,3,5,1
644320023,6,3,3,2
644320031,8,5,3,3
644320041,9,6,3,2
644320052,9,4,5,2
644320062,19,9,10,4
644320064,5,2,3,1
644320073,2,1,1,1
644320074,7,4,3,1
644320083,5,2,3,1
644320084,3,2,1,1
644320093,15,8,7,3
644320094,7,4,3,2
644320103,12,5,7,3
644320112,10,5,5,2
644320121,8,5,3,2
644320122,2,1,1,1
644320124,6,4,2,1
644320131,10,5,5,2
644320143,10,5,5,2
644320144,9,3,6,2
644320151,3,1,2,1
644320154,9,5,4,2
644320161,9,5,4,2
644320164,14,7,7,2
644320174,2,1,1,1
644320181,4,1,3,1
644320182,7,3,4,1
644320191,5,3,2,1
644320194,3,1,2,1
644320201,9,4,5,2
644320202,19,9,10,4
644320204,2,1,1,1
644320213,6,3,3,2
644320222,10,7,3,2
644320232,5,2,3,2
644320233,25,16,9,5
644320241,7,2,5,1
644320243,14,6,8,2
644320251,9,4,5,2
644320253,8,5,3,3
644320254,4,2,2,1
644320263,15,9,6,3
644320264,2,2,0,1
644320271,10,5,5,2
644320273,4,2,2,1
644320274,9,6,3,1
644320282,16,9,7,3
644320291,9,3,6,3
644320292,2,1,1,1
644320294,13,7,6,2
644320311,4,1,3,1
644320312,4,2,2,1
644320313,28,15,13,11
644320314,8,3,5,5
644320321,2,1,1,1
644320343,7,3,4,1
644320351,2,1,1,1
644320354,4,2,2,2
644320362,2,1,1,1
644320372,8,4,4,2
644320373,7,2,5,1
644320383,21,10,11,4
644320402,7,3,4,2
644320404,12,6,6,4
644320411,9,5,4,3
644320423,11,6,5,4
644320424,9,5,4,3
644320432,18,9,9,5
644320434,11,6,5,3
644320441,5,2,3,1
644320443,6,3,3,2
644320444,7,4,3,2
644320452,9,5,4,1
644320454,13,6,7,3
644320461,5,3,2,2
644320462,5,3,2,1
644320472,6,2,4,1
644320481,13,6,7,2
644320482,3,1,2,1
644320484,13,8,5,3
644320491,13,6,7,3
644320492,4,2,2,1
644320494,9,4,5,2
644320503,5,3,2,1
644320504,23,9,14,3
644320512,7,2,5,3
644320513,1,1,0,1
644320514,5,2,3,2
644320521,7,4,3,3
644320522,13,7,6,3
644320523,7,3,4,2
644320534,6,3,3,2
644320543,7,4,3,1
644320544,8,4,4,2
644320553,2,1,1,1
644320554,1,0,1,1
644320561,1,0,1,1
644320563,11,7,4,3
644320564,7,3,4,3
644320572,8,2,6,2
644320582,7,4,3,2
644320584,34,17,17,9
644320591,12,5,7,4
644320601,7,2,5,1
644320602,6,3,3,1
644320603,12,8,4,2
644320612,5,3,2,2
644320613,3,2,1,1
644320622,19,9,10,3
644320623,17,9,8,4
644320632,3,2,1,1
644320633,3,2,1,1
644320642,15,8,7,3
644320643,2,1,1,1
644320644,3,2,1,1
644320651,4,3,1,1
644320653,4,3,1,1
644320671,11,4,7,2
644320673,23,11,12,4
644320674,9,4,5,2
644320681,13,7,6,5
644320683,9,5,4,2
644320684,2,1,1,1
644320691,6,3,3,2
644320701,3,2,1,2
644320704,9,4,5,2
644320712,16,7,9,6
644320721,9,5,4,2
644320723,1,1,0,1
644320724,4,2,2,2
644320731,3,2,1,1
644320733,3,2,1,2
644320734,451,211,240,157
644320742,3,2,1,2
644320743,101,50,51,32
644320744,11,5,6,3
644320752,16,8,8,3
644320753,12,7,5,3
644320754,5,3,2,1
644320762,9,4,5,2
644320763,13,7,6,2
644320764,7,4,3,1
644320772,12,6,6,2
644320773,6,2,4,1
644320774,20,10,10,6
644320784,2,1,1,1
644320791,6,3,3,2
644320794,10,4,6,4
644320801,5,3,2,2
644320802,12,5,7,4
644320814,1,1,0,1
644320822,8,5,3,3
644320824,11,5,6,5
644320832,747,340,407,302
644320833,4,2,2,1
644320834,787,370,417,309
644320841,536,261,275,216
644320842,12,8,4,3
644320843,780,389,391,307
644320844,29,15,14,10
644320851,17,10,7,6
644320861,21,12,9,6
644320862,6,3,3,2
644320864,5,3,2,1
644320871,3,1,2,1
644320872,7,4,3,1
644320873,5,2,3,2
644320881,5,3,2,1
644320883,7,5,2,4
644320884,1,1,0,1
644320892,21,5,16,2
644320902,6,2,4,2
644320904,8,2,6,2
644320913,12,6,6,2
644320921,14,8,6,4
644320922,308,140,168,119
644320923,21,13,8,6
644320924,317,130,187,141
644320931,568,260,308,255
644320932,561,265,296,246
644320933,510,242,268,207
644320934,639,296,343,284
644320941,676,314,362,290
644320942,364,190,174,164
644320943,624,268,356,220
644320944,842,389,453,365
644320952,488,227,261,153
644320953,46,20,26,15
644320954,504,242,262,175
644320961,200,107,93,78
644320962,5,3,2,1
644320963,267,129,138,115
644320964,17,9,8,5
644320981,9,4,5,4
644320982,87,49,38,2
644320983,2,1,1,1
644320984,215,107,108,72
644320991,268,142,126,102
644320992,824,392,432,278
644320993,1278,647,631,485
644320994,1240,571,669,476
644321002,18,9,9,3
644321012,10,6,4,2
644321014,2,1,1,1
644321022,9,4,5,2
644321024,5,3,2,2
644321032,3,1,2,1
644321033,3,1,2,1
644321034,22,13,9,7
644321043,11,5,6,3
644321051,188,92,96,71
644321052,80,37,43,37
644321053,36,17,19,16
644321054,28,16,12,10
644321062,10,5,5,2
644321063,15,9,6,3
644321064,10,3,7,4
644321072,8,4,4,2
644321074,2,1,1,1
644321083,2,1,1,1
644321091,3,2,1,1
644321093,12,5,7,2
644321101,4,3,1,1
644321102,3,1,2,1
644321113,20,9,11,6
644321114,6,2,4,1
644321121,9,3,6,3
644321124,20,8,12,6
644321131,6,3,3,2
644321132,5,1,4,2
644321133,105,52,53,39
644321134,4,2,2,1
644321141,107,50,57,46
644321142,141,64,77,59
644321144,50,23,27,24
644321152,5,3,2,2
644321154,6,3,3,2
644321161,9,2,7,2
644321163,10,6,4,2
644321172,20,9,11,5
644321174,7,4,3,1
644321181,4,2,2,2
644321183,3,2,1,1
644321192,5,3,2,1
644321194,6,3,3,3
644321212,4,2,2,1
644321221,2,1,1,1
644321223,9,6,3,2
644321231,209,101,108,91
644321232,9,3,6,2
644321233,2,0,2,2
644321242,30,13,17,11
644321243,103,34,69,5
644321251,3,1,2,2
644321253,10,6,4,4
644321261,13,6,7,2
644321263,8,2,6,3
644321271,8,4,4,2
644321272,13,7,6,2
644321274,3,2,1,1
644321281,4,2,2,2
644321282,14,6,8,4
644321284,2,1,1,1
644321292,8,4,4,2
644321301,4,2,2,2
644321302,13,5,8,3
644321303,2,1,1,1
644321304,15,5,10,3
644321311,6,3,3,2
644321312,4,1,3,2
644321314,10,5,5,2
644321321,5,2,3,2
644321323,537,501,36,42
644321341,2,1,1,1
644321342,14,7,7,6
644321344,35,18,17,11
644321351,31,18,13,10
644321353,101,51,50,33
644321362,19,11,8,4
644321371,3,1,2,1
644321373,8,4,4,3
644321374,11,7,4,2
644321381,14,6,8,3
644321382,7,3,4,4
644321383,24,12,12,7
644321384,29,14,15,8
644321391,1,1,0,1
644321392,4,3,1,2
644321401,11,6,5,2
644321402,14,8,6,6
644321403,4,3,1,1
644321413,4,1,3,2
644321414,705,319,386,320
644321421,48,24,24,21
644321422,6,3,3,2
644321423,489,229,260,211
644321424,6,3,3,4
644321432,11,6,5,5
644321434,7,6,1,5
644321442,5,3,2,2
644321443,56,32,24,36
644321451,91,40,51,32
644321452,57,27,30,18
644321453,127,63,64,39
644321454,143,65,78,45
644321462,12,6,6,2
644321471,9,2,7,2
644321472,2,1,1,1
644321473,13,7,6,3
644321481,14,7,7,4
644321482,10,3,7,3
644321484,15,8,7,5
644321493,10,5,5,3
644321501,12,6,6,4
644321503,2,1,1,1
644321504,3,1,2,1
644321511,10,5,5,3
644321512,946,445,501,414
644321513,7,4,3,2
644321514,1130,505,625,516
644321521,725,328,397,329
644321522,300,96,204,42
644321523,463,205,258,215
644321524,434,214,220,158
644321531,136,48,88,15
644321532,342,168,174,200
644321533,1250,602,648,436
644321534,878,395,483,366
644321541,656,395,261,160
644321542,2,1,1,1
644321543,1047,481,566,540
644321544,885,435,450,382
644321551,400,194,206,209
644321552,561,307,254,233
644321553,899,439,460,476
644321554,581,309,272,289
644321563,193,88,105,75
644321571,4,3,1,1
644321573,4,2,2,2
644321581,6,4,2,2
644321582,18,9,9,6
644321584,5,3,2,2
644321591,6,3,3,2
644321592,5,2,3,2
644321593,4,2,2,2
644321601,6,4,2,1
644321602,4,2,2,1
644321603,11,4,7,3
644321604,14,5,9,4
644321612,1,0,1,1
644321622,393,187,206,149
644321623,145,139,6,7
644321631,222,112,110,81
644321632,414,198,216,158
644321634,161,68,93,53
644321641,1320,650,670,597
644321642,541,252,289,248
644321643,999,499,500,366
644321644,930,434,496,492
644321651,648,328,320,330
644321652,983,467,516,435
644321653,243,116,127,118
644321654,75,33,42,34
644321661,431,216,215,215
644321662,16,9,7,5
644321663,530,256,274,236
644321664,313,149,164,112
644321682,15,7,8,5
644321683,16,8,8,5
644321684,14,5,9,5
644321691,6,3,3,3
644321693,7,4,3,2
644321703,10,6,4,2
644321704,8,5,3,2
644321714,99,44,55,35
644321723,785,373,412,302
644321724,139,71,68,46
644321731,124,108,16,7
644321732,166,160,6,6
644321733,101,86,15,6
644321734,274,180,94,134
644321741,1184,573,611,518
644321742,1524,731,793,708
644321743,651,273,378,217
644321744,828,407,421,365
644321751,1234,600,634,617
644321752,1178,552,626,501
644321753,1287,605,682,582
644321754,1189,577,612,592
644321761,763,343,420,362
644321762,381,219,162,208
644321763,1035,468,567,468
644321764,469,238,231,240
644321773,16,8,8,7
644321781,13,5,8,4
644321783,2,1,1,1
644321784,2,1,1,1
644321791,7,4,3,3
644321793,6,3,3,3
644321794,9,4,5,3
644321802,9,5,4,3
644321803,734,363,371,275
644321804,412,190,222,158
644321811,20,10,10,13
644321812,373,185,188,198
644321813,545,266,279,221
644321814,1120,520,600,510
644321821,1227,580,647,468
644321822,941,442,499,391
644321823,1322,633,689,562
644321824,1494,719,775,668
644321831,632,277,355,268
644321832,329,160,169,158
644321833,1359,633,726,600
644321834,1365,645,720,620
644321841,1384,680,704,665
644321842,45,23,22,20
644321843,1386,679,707,641
644321844,672,312,360,337
644321851,975,473,502,444
644321852,1118,507,611,504
644321853,130,64,66,57
644321854,1245,533,712,625
644321861,1197,567,630,588
644321862,782,357,425,392
644321863,1095,523,572,567
644321864,846,387,459,408
644321871,305,133,172,149
644321873,914,420,494,398
644321874,219,112,107,96
644321881,7,4,3,2
644321891,2,0,2,1
644321892,40,16,24,16
644321893,403,206,197,125
644321894,647,310,337,268
644321901,1476,673,803,560
644321902,1037,493,544,417
644321903,749,351,398,253
644321904,813,386,427,321
644321911,1592,707,885,597
644321912,945,461,484,434
644321913,1352,618,734,510
644321914,1153,545,608,495
644321921,1016,478,538,408
644321922,1277,607,670,525
644321923,1115,515,600,485
644321924,1163,528,635,486
644321931,1304,662,642,597
644321932,1229,583,646,627
644321933,898,421,477,434
644321934,1245,580,665,596
644321941,1363,629,734,662
644321942,1160,538,622,589
644321943,1452,663,789,686
644321944,1221,587,634,600
644321951,808,399,409,401
644321952,923,417,506,442
644321953,1182,562,620,638
644321954,765,389,376,501
644321961,846,400,446,499
644321962,897,435,462,447
644321963,931,416,515,499
644321964,885,441,444,501
644321971,1468,673,795,655
644321972,772,356,416,308
644321973,670,299,371,316
644321974,207,93,114,88
644321981,8,3,5,2
644321982,9,5,4,3
644321984,294,146,148,112
644321991,88,40,48,38
644321992,968,403,565,332
644321993,367,175,192,137
644321994,940,457,483,393
644322001,2,1,1,1
644322041,7,3,4,4
644322051,12,7,5,4
644322053,2,1,1,2
644322054,2,1,1,1
644322061,1,1,0,1
644322064,3,1,2,1
644322074,3,1,2,1
644322081,4,2,2,1
644322083,5,3,2,2
644322084,2,1,1,1
644322101,2,1,1,1
644322112,4,2,2,2
644322113,7,3,4,2
644322122,4,1,3,2
644322123,1,0,1,1
644322131,2,2,0,2
644322151,2,1,1,1
644322152,4,2,2,1
644322153,4,3,1,4
644322163,2,1,1,1
644322171,3,1,2,1
644322172,3,1,2,1
644322181,2,1,1,1
644322182,1,1,0,1
644322203,10,5,5,4
644322212,16,2,14,2
644322221,1,0,1,1
644322222,7,2,5,3
644322223,4,2,2,1
644322224,2,1,1,1
644322251,9,3,6,3
644322252,7,5,2,1
644322261,4,2,2,1
644322262,12,7,5,2
644322263,2,1,1,1
644322264,4,2,2,1
644322271,2,1,1,1
644322272,6,4,2,2
644322273,5,3,2,1
644322281,11,7,4,2
644322282,8,4,4,2
644322284,9,6,3,2
644322293,16,7,9,5
644322301,12,5,7,5
644322303,23,10,13,5
644322304,13,5,8,4
644322332,2,1,1,1
644322333,8,4,4,3
644322354,2,1,1,1
644322362,4,2,2,1
644322371,6,3,3,1
644322372,7,3,4,2
644322373,2,1,1,1
644322381,7,5,2,2
644322394,14,8,6,2
644322402,3,2,1,1
644322404,5,3,2,1
644322411,5,3,2,3
644322413,7,3,4,1
644322432,2,1,1,1
644322441,1,1,0,1
644322453,2,1,1,1
644322461,10,4,6,2
644322462,8,4,4,3
644322464,8,6,2,2
644322471,2,1,1,1
644322473,2,1,1,1
644322481,7,4,3,1
644322483,2,1,1,1
644322502,5,2,3,3
644322504,7,3,4,2
644322511,3,2,1,1
644322521,5,2,3,2
644322533,7,4,3,2
644322551,5,1,4,1
644322564,20,12,8,5
644322573,5,3,2,3
644322574,4,3,1,3
644322581,1,1,0,1
644322582,4,2,2,1
644322583,2,1,1,1
644322584,3,2,1,1
644322592,9,5,4,3
644322602,2,1,1,1
644322603,5,3,2,1
644322604,7,2,5,2
644322611,3,1,2,1
644322613,2,1,1,1
644322614,5,3,2,1
644322632,3,1,2,1
644322633,4,3,1,1
644322634,3,2,1,1
644322644,11,6,5,4
644322652,2,1,1,1
644322662,4,1,3,3
644322664,2,0,2,1
644322672,5,2,3,1
644322673,2,1,1,1
644322674,6,2,4,1
644322682,1,1,0,1
644322684,3,2,1,2
644322692,8,3,5,3
644322693,3,1,2,1
644322694,2,1,1,1
644322701,4,3,1,1
644322702,3,2,1,1
644322703,120,31,89,2
644322704,17,9,8,4
644322731,3,1,2,2
644322752,3,2,1,1
644322772,10,6,4,2
644322773,4,1,3,1
644322774,1,0,1,1
644322782,13,6,7,3
644322783,68,39,29,30
644322784,20,9,11,7
644322793,8,4,4,3
644322794,10,5,5,3
644322801,21,6,15,8
644322803,965,439,526,397
644322804,17,9,8,6
644322811,4,3,1,3
644322813,2,1,1,2
644322814,10,4,6,5
644322823,28,13,15,9
644322824,23,12,11,9
644322832,35,18,17,14
644322833,5,2,3,3
644322834,7,4,3,3
644322842,5,2,3,1
644322843,2,1,1,1
644322844,2,1,1,1
644322853,20,11,9,6
644322854,11,5,6,1
644322862,1,0,1,1
644322863,2,1,1,1
644322864,6,3,3,2
644322871,40,20,20,16
644322872,4,2,2,2
644322873,21,10,11,6
644322881,487,221,266,201
644322882,408,196,212,164
644322883,199,92,107,89
644322884,279,125,154,124
644322891,611,283,328,251
644322892,267,132,135,113
644322893,584,270,314,239
644322894,170,78,92,67
644322901,1038,496,542,414
644322902,758,361,397,325
644322903,811,369,442,335
644322904,589,283,306,241
644322911,1052,476,576,394
644322912,148,70,78,79
644322913,892,413,479,350
644322914,25,11,14,11
644322921,3,2,1,1
644322922,2,1,1,1
644322923,14,6,8,4
644322924,3,2,1,2
644322931,4,2,2,3
644322933,6,4,2,1
644322934,11,4,7,7
644322942,5,2,3,2
644322943,8,4,4,2
644322944,3,1,2,1
644322951,4,1,3,2
644322952,23,10,13,5
644322953,10,5,5,3
644322954,5,2,3,3
644322961,4,1,3,2
644322962,8,3,5,3
644322963,5,2,3,1
644322964,2,1,1,1
644322971,22,11,11,7
644322972,11,4,7,4
644322973,4,2,2,2
644322974,16,9,7,6
644322981,37,16,21,16
644322982,449,207,242,193
644322983,7,3,4,3
644322984,284,146,138,130
644322991,21,9,12,7
644322992,10,5,5,3
644322993,226,112,114,108
644322994,25,10,15,6
644323031,6,2,4,2
644323032,3,1,2,1
644323042,4,2,2,1
644323044,3,2,1,1
644323052,6,3,3,1
644323054,5,1,4,2
644323063,4,2,2,1
644323064,1,1,0,1
644323071,9,5,4,3
644323072,3,1,2,1
644323074,4,2,2,1
644323142,3,2,1,1
644323154,2,1,1,1
644323161,8,3,5,3
644323191,4,2,2,2
644323192,3,1,2,1
644323193,18,6,12,4
644323194,4,1,3,2
644323224,2,1,1,1
644323234,6,3,3,2
644323241,14,7,7,6
644323244,2,1,1,2
644323252,7,5,2,2
644323253,6,4,2,1
644323254,8,4,4,3
644323281,2,1,1,1
644323282,5,3,2,1
644323283,1,0,1,1
644323284,10,6,4,2
644323292,4,2,2,2
644323294,1,0,1,1
644323303,3,1,2,1
644323304,3,2,1,1
644323312,8,4,4,3
644323313,2,1,1,1
644323321,4,2,2,1
644323331,2,1,1,1
644323341,5,2,3,1
644323351,3,1,2,2
644323372,3,2,1,1
644323374,8,5,3,3
644323381,6,3,3,2
644323382,6,2,4,2
644323383,3,1,2,1
644323384,3,1,2,1
644323391,4,2,2,2
644323394,3,1,2,1
644323412,1,0,1,1
644323422,3,1,2,2
644323434,16,9,7,5
644323441,3,0,3,2
644323443,9,6,3,2
644323472,5,1,4,1
644323473,4,2,2,1
644323481,10,5,5,3
644323494,13,8,5,2
644323502,1,1,0,1
644323504,3,1,2,1
644323511,1,1,0,1
644323521,4,3,1,1
644323531,3,1,2,1
644323532,17,10,7,3
644323533,12,7,5,4
644323554,5,3,2,2
644323562,6,4,2,2
644323572,9,4,5,2
644323573,15,8,7,3
644323582,4,2,2,1
644323583,4,2,2,1
644323584,3,1,2,1
644323602,2,1,1,1
644323622,16,6,10,4
644323624,2,1,1,1
644323631,12,5,7,5
644323633,3,1,2,1
644323652,12,7,5,4
644323654,4,2,2,1
644323672,2,1,1,1
644323673,1,1,0,1
644323674,15,7,8,7
644323682,3,2,1,1
644323683,4,2,2,1
644323693,8,4,4,2
644323701,3,2,1,1
644323703,5,2,3,1
644323704,7,4,3,2
644323712,6,4,2,2
644323721,3,2,1,1
644323722,1,1,0,1
644323724,1,1,0,1
644323744,4,2,2,2
644323752,5,3,2,1
644323753,5,3,2,2
644323762,6,2,4,2
644323771,13,6,7,6
644323772,7,4,3,3
644323773,5,2,3,1
644323774,3,1,2,1
644323782,2,1,1,1
644323784,10,5,5,4
644323791,6,3,3,1
644323794,1,1,0,1
644323801,17,9,8,4
644323802,5,3,2,1
644323803,8,4,4,4
644323804,7,4,3,2
644323811,3,1,2,2
644323812,5,3,2,2
644323813,3,1,2,1
644323824,1,1,0,1
644323831,3,3,0,3
644323842,2,1,1,1
644323844,5,2,3,2
644323851,5,3,2,1
644323852,6,2,4,1
644323854,2,1,1,1
644323862,2,1,1,1
644323864,8,5,3,2
644323871,13,7,6,5
644323873,23,10,13,6
644323881,5,2,3,1
644323901,2,1,1,1
644323902,4,2,2,2
644323932,1,1,0,1
644323933,3,2,1,1
644323934,4,2,2,1
644323941,12,6,6,3
644323944,2,1,1,1
644323951,6,3,3,1
644323952,7,4,3,2
644323953,2,1,1,1
644323962,15,5,10,4
644323963,9,2,7,4
644323964,39,18,21,19
644323971,8,4,4,3
644323972,15,9,6,4
644323974,8,4,4,2
644323981,4,3,1,1
644324002,8,3,5,2
644324003,2,1,1,1
644324012,5,4,1,3
644324022,2,1,1,1
644324023,4,2,2,1
644324031,2,1,1,1
644324082,7,4,3,4
644324101,1,0,1,1
644324103,1,1,0,1
644324104,13,6,7,6
644324111,6,3,3,2
644324114,2,1,1,1
644324121,5,2,3,2
644324123,14,9,5,4
644324194,5,3,2,2
644324202,10,4,6,2
644324203,38,21,17,18
644324204,9,3,6,4
644324212,3,1,2,1
644324213,2,1,1,1
644324214,2,1,1,1
644324222,2,1,1,1
644324291,3,1,2,1
644324294,2,1,1,1
644324303,2,1,1,1
644324312,6,3,3,1
644324313,4,1,3,1
644324314,2,1,1,1
644324321,2,1,1,1
644324323,5,2,3,2
644324364,3,2,1,1
644324391,18,9,9,5
644324393,7,2,5,1
644324401,3,2,1,1
644324403,5,2,3,2
644324404,17,11,6,3
644324414,9,4,5,2
644324484,5,2,3,1
644324491,7,4,3,2
644324511,3,2,1,1
644324514,1,1,0,1
644324603,12,6,6,3
644324652,10,6,4,2
644324783,9,5,4,2
644325023,6,3,3,2
644325122,3,1,2,1
644325124,3,2,1,1
644325201,2,2,0,2
644325222,2,1,1,1
644325231,1,0,1,1
644325233,7,4,3,3
644325331,5,2,3,2
644325352,2,1,1,1
644325363,3,1,2,1
644325431,2,1,1,1
644325432,26,12,14,6
644325434,2,1,1,1
644325441,8,5,3,3
644325442,6,3,3,2
644325531,3,2,1,1
644325534,3,2,1,1
644325544,7,4,3,2
644325581,2,1,1,1
644325632,6,4,2,1
644325633,10,7,3,3
644325634,8,4,4,1
644325643,5,2,3,1
644325682,1,1,0,1
644325731,8,4,4,2
644325733,3,1,2,1
644325931,2,1,1,1
644326171,7,3,4,2
644326184,2,1,1,1
644326254,2,2,0,1
644326273,2,1,1,1
644326281,2,1,1,1
644326282,21,12,9,7
644326283,6,3,3,4
644326284,2,1,1,1
644326291,2,1,1,1
644326352,8,4,4,3
644326362,1,0,1,1
644326363,4,3,1,2
644326371,1,1,0,1
644326461,1,1,0,1
644326482,5,3,2,1
644326484,4,2,2,1
644326551,5,3,2,2
644326694,5,2,3,1
644326791,7,3,4,2
644326792,9,4,5,2
644326882,9,5,4,2
644326884,7,4,3,2
644327421,4,2,2,2
644327502,10,4,6,2
644327601,2,1,1,1
644327602,5,2,3,2
644327632,5,2,3,2
644327641,82,43,39,39
644327642,133,72,61,81
644327643,322,153,169,130
644327644,178,89,89,93
644327653,14,8,6,6
644327734,4,2,2,3
644327741,189,70,119,66
644327742,291,133,158,143
644327743,329,158,171,153
644327744,118,62,56,44
644327751,16,12,4,14
644327752,3,2,1,1
644327834,5,3,2,1
644327841,6,4,2,2
644327842,74,41,33,34
644327843,6,3,3,3
644327844,89,36,53,43
644327851,5,3,2,2
644327853,5,2,3,2
644327854,2,1,1,1
644327883,9,4,5,6
644327941,6,3,3,2
644327942,32,16,16,14
644327944,2,1,1,1
644327951,18,7,11,7
644327953,3,2,1,2
644327981,129,74,55,14
644330001,2,1,1,1
644330002,6,4,2,2
644330012,2,1,1,1
644330013,5,3,2,1
644330022,336,158,178,141
644330031,639,300,339,262
644330032,280,131,149,124
644330033,6,3,3,2
644330034,67,26,41,30
644330041,633,309,324,270
644330042,1121,523,598,455
644330043,182,89,93,70
644330044,247,123,124,106
644330051,564,271,293,188
644330052,26,12,14,8
644330053,107,54,53,48
644330063,106,65,41,54
644330064,5,1,4,1
644330081,40,10,30,6
644330082,108,42,66,11
644330091,1117,571,546,461
644330092,1088,523,565,430
644330093,624,321,303,265
644330094,1347,660,687,629
644330102,3,2,1,1
644330104,6,4,2,1
644330111,7,3,4,2
644330112,4,1,3,1
644330113,11,5,6,2
644330134,12,6,6,3
644330143,1,1,0,1
644330144,8,4,4,4
644330161,39,21,18,13
644330173,13,8,5,5
644330174,5,3,2,4
644330182,3,2,1,2
644330184,2,2,0,2
644330191,5,2,3,1
644330192,130,82,48,76
644330193,6,3,3,3
644330194,9,5,4,4
644330222,2,1,1,1
644330224,16,7,9,4
644330231,17,8,9,5
644330232,1,0,1,1
644330233,23,8,15,9
644330234,26,14,12,11
644330243,3,1,2,2
644330244,2,1,1,1
644330251,4,2,2,2
644330253,8,3,5,2
644330273,1,0,1,1
644330274,8,4,4,1
644330283,13,5,8,3
644330284,2,1,1,1
644330292,8,3,5,4
644330302,19,8,11,4
644330303,3,1,2,1
644330304,5,3,2,1
644330314,12,7,5,4
644330321,3,1,2,1
644330322,1,1,0,1
644330323,7,4,3,1
644330324,3,1,2,1
644330331,3,1,2,2
644330332,4,2,2,1
644330341,3,1,2,1
644330342,9,4,5,3
644330344,4,2,2,1
644330352,11,6,5,3
644330353,5,3,2,1
644330361,9,6,3,3
644330362,20,10,10,4
644330363,5,2,3,1
644330371,10,5,5,4
644330372,8,4,4,2
644330381,13,6,7,4
644330382,11,5,6,2
644330384,9,4,5,4
644330391,10,5,5,4
644330394,8,4,4,3
644330404,14,5,9,2
644330414,5,2,3,2
644330422,5,3,2,1
644330423,2,1,1,1
644330424,4,2,2,2
644330432,9,4,5,2
644330434,13,6,7,5
644330441,4,2,2,1
644330443,5,2,3,2
644330444,10,4,6,2
644330451,12,8,4,2
644330452,10,4,6,2
644330461,3,2,1,1
644330462,13,6,7,4
644330482,1,1,0,1
644330491,7,3,4,1
644330492,28,15,13,4
644330502,11,6,5,3
644330504,8,2,6,2
644330511,2,1,1,1
644330513,11,5,6,2
644330514,4,3,1,1
644330531,13,6,7,4
644330533,82,41,41,20
644330534,9,4,5,2
644330542,1,0,1,1
644330543,4,2,2,1
644330551,2,1,1,1
644330562,6,3,3,2
644330592,55,27,28,17
644330593,11,5,6,4
644330594,46,25,21,16
644330604,6,4,2,1
644330613,6,3,3,1
644330614,5,2,3,2
644330621,2,1,1,1
644330622,3,2,1,1
644330623,2,1,1,1
644330624,1,0,1,1
644330631,3,2,1,1
644330634,5,4,1,1
644330652,8,3,5,2
644330653,7,4,3,1
644330661,5,2,3,2
644330662,7,4,3,2
644330704,5,4,1,1
644330721,2,1,1,1
644330733,16,10,6,4
644330764,11,7,4,2
644330773,3,2,1,1
644330774,4,3,1,1
644330781,3,1,2,2
644330792,3,1,2,1
644330801,3,2,1,1
644330834,9,5,4,2
644330862,5,1,4,1
644330864,7,4,3,2
644330872,5,3,2,2
644330874,2,0,2,1
644330881,12,5,7,2
644330891,5,3,2,1
644330893,2,1,1,1
644330912,5,2,3,1
644330924,3,1,2,1
644330933,8,4,4,2
644330963,1,1,0,1
644330964,2,1,1,1
644330982,14,6,8,3
644330993,9,4,5,2
644330994,1,0,1,1
644331001,268,113,155,89
644331002,521,242,279,202
644331003,977,476,501,363
644331004,478,225,253,211
644331011,921,445,476,402
644331012,1114,552,562,468
644331013,523,262,261,216
644331014,518,253,265,229
644331021,928,427,501,399
644331022,1104,516,588,504
644331023,739,340,399,320
644331024,1039,506,533,464
644331031,1089,495,594,495
644331032,1115,492,623,441
644331033,1198,513,685,543
644331034,1087,529,558,502
644331041,1020,509,511,594
644331042,849,417,432,463
644331043,270,138,132,122
644331044,431,230,201,251
644331051,958,469,489,554
644331052,1257,581,676,753
644331053,638,305,333,344
644331054,264,132,132,136
644331061,338,177,161,195
644331062,917,461,456,503
644331063,347,153,194,201
644331064,851,409,442,476
644331071,1196,557,639,581
644331072,827,395,432,404
644331073,657,359,298,334
644331074,1081,514,567,470
644331082,233,116,117,101
644331083,138,61,77,79
644331084,133,66,67,65
644331091,489,228,261,204
644331092,1018,491,527,430
644331093,871,410,461,363
644331094,994,478,516,357
644331101,146,65,81,63
644331103,10,5,5,5
644331104,25,10,15,10
644331113,11,5,6,6
644331114,2,1,1,1
644331122,44,21,23,19
644331123,4,2,2,1
644331124,236,115,121,108
644331131,853,394,459,450
644331132,1077,476,601,511
644331133,1200,567,633,562
644331134,1117,535,582,494
644331141,1128,539,589,540
644331142,909,441,468,457
644331143,999,429,570,464
644331144,999,479,520,488
644331151,564,268,296,294
644331152,785,355,430,430
644331153,1068,488,580,532
644331154,853,426,427,491
644331161,613,285,328,372
644331162,949,450,499,546
644331163,467,227,240,269
644331164,263,137,126,143
644331171,1003,498,505,595
644331172,930,444,486,495
644331173,691,330,361,295
644331174,581,285,296,295
644331181,887,447,440,485
644331182,62,25,37,20
644331183,705,329,376,344
644331184,142,67,75,57
644331191,199,96,103,87
644331192,37,16,21,14
644331201,32,15,17,12
644331211,3,1,2,1
644331212,12,6,6,3
644331213,3,1,2,1
644331214,3,2,1,1
644331221,18,8,10,8
644331222,417,206,211,126
644331223,13,7,6,5
644331224,299,155,144,129
644331231,1277,610,667,551
644331232,1510,723,787,651
644331233,1061,513,548,451
644331234,1007,480,527,390
644331241,1366,647,719,602
644331242,1404,696,708,683
644331243,1108,515,593,426
644331244,1220,573,647,444
644331251,1016,482,534,482
644331252,659,314,345,343
644331253,848,400,448,340
644331254,42,18,24,20
644331261,178,80,98,98
644331262,205,102,103,92
644331263,585,236,349,333
644331264,143,69,74,54
644331273,889,436,453,295
644331274,792,395,397,287
644331283,22,12,10,8
644331284,1,0,1,1
644331303,18,9,9,4
644331304,4,2,2,2
644331311,4,2,2,2
644331323,21,10,11,6
644331341,139,67,72,52
644331342,192,90,102,74
644331344,95,49,46,31
644331352,148,68,80,60
644331353,539,257,282,204
644331354,992,475,517,404
644331361,636,286,350,296
644331362,411,185,226,189
644331363,558,263,295,258
644331364,386,178,208,177
644331371,1162,548,614,456
644331372,1041,501,540,463
644331373,1315,635,680,515
644331374,714,334,380,284
644331381,19,6,13,7
644331382,36,20,16,14
644331383,20,8,12,7
644331384,17,7,10,7
644331391,15,6,9,8
644331392,28,12,16,10
644331393,4,3,1,4
644331394,2,1,1,1
644331401,6,4,2,2
644331404,7,3,4,3
644331414,2,1,1,1
644331421,14,8,6,6
644331422,4,2,2,2
644331423,7,3,4,2
644331424,1,0,1,1
644331431,2,1,1,1
644331432,12,8,4,3
644331433,6,4,2,2
644331434,9,3,6,3
644331441,4,2,2,2
644331442,446,217,229,137
644331443,14,7,7,4
644331444,338,167,171,115
644331451,1197,578,619,552
644331452,954,472,482,433
644331453,905,412,493,387
644331454,845,354,491,284
644331461,767,343,424,398
644331462,191,100,91,96
644331463,803,355,448,357
644331464,36,31,5,32
644331471,194,85,109,75
644331472,196,103,93,89
644331473,10,4,6,3
644331474,44,24,20,18
644331481,22,12,10,11
644331483,2,1,1,1
644331484,1,1,0,1
644331492,17,7,10,4
644331493,10,4,6,2
644331501,7,5,2,2
644331513,2,1,1,1
644331514,13,5,8,4
644331521,16,8,8,5
644331523,6,3,3,2
644331524,5,2,3,2
644331531,6,2,4,1
644331534,4,3,1,1
644331541,13,8,5,3
644331542,154,72,82,57
644331544,6,3,3,2
644331551,1189,588,601,418
644331552,1674,780,894,644
644331553,180,86,94,62
644331554,1376,629,747,432
644331561,599,283,316,252
644331562,65,32,33,25
644331563,798,365,433,294
644331564,1201,579,622,437
644331571,2,1,1,1
644331572,15,8,7,7
644331573,349,170,179,159
644331574,21,9,12,8
644331581,10,3,7,4
644331582,23,11,12,7
644331583,10,7,3,4
644331591,15,8,7,5
644331592,40,19,21,13
644331594,7,4,3,3
644331602,20,12,8,6
644331611,2,1,1,1
644331612,11,4,7,3
644331613,4,3,1,1
644331614,3,2,1,2
644331621,1,1,0,1
644331622,8,4,4,2
644331623,6,4,2,3
644331631,10,2,8,3
644331641,7,4,3,3
644331644,4,2,2,2
644331651,56,36,20,22
644331652,541,255,286,225
644331653,345,158,187,149
644331654,515,245,270,193
644331661,93,51,42,38
644331662,705,344,361,253
644331663,17,6,11,7
644331664,684,294,390,188
644331671,688,309,379,301
644331673,833,398,435,370
644331681,7,4,3,3
644331682,2,1,1,1
644331684,6,2,4,2
644331691,2,1,1,1
644331692,10,6,4,2
644331693,4,1,3,2
644331694,18,9,9,3
644331702,2,2,0,1
644331712,12,7,5,2
644331721,13,5,8,2
644331722,8,5,3,3
644331733,13,7,6,4
644331741,3,1,2,1
644331743,8,4,4,2
644331744,2,1,1,1
644331751,137,67,70,50
644331752,116,54,62,49
644331754,11,4,7,4
644331761,91,36,55,45
644331762,156,72,84,66
644331763,4,2,2,2
644331764,8,5,3,2
644331771,545,249,296,218
644331772,4,2,2,1
644331773,11,6,5,4
644331782,2,1,1,1
644331783,2,1,1,1
644331791,6,2,4,2
644331792,8,5,3,2
644331793,3,1,2,1
644331794,4,3,1,2
644331812,25,8,17,6
644331814,10,4,6,2
644331822,6,4,2,1
644331824,4,2,2,1
644331831,8,5,3,2
644331842,4,1,3,1
644331844,26,11,15,6
644331852,161,90,71,35
644331853,42,21,21,18
644331854,130,55,75,66
644331861,131,61,70,52
644331862,85,40,45,35
644331863,406,204,202,173
644331864,276,140,136,85
644331872,13,8,5,2
644331873,2,1,1,2
644331874,23,12,11,5
644331882,9,6,3,3
644331892,5,2,3,1
644331893,8,4,4,3
644331894,5,3,2,2
644331902,11,5,6,3
644331904,3,2,1,2
644331913,3,1,2,1
644331914,9,5,4,4
644331922,3,2,1,1
644331923,2,1,1,1
644331924,3,2,1,1
644331942,2,1,1,1
644331943,4,3,1,1
644331944,5,2,3,1
644331951,861,403,458,351
644331952,168,72,96,78
644331953,984,453,531,405
644331954,661,297,364,270
644331961,746,337,409,298
644331962,445,202,243,177
644331963,509,238,271,216
644331964,4,2,2,1
644331971,8,5,3,3
644331972,8,4,4,2
644331974,17,10,7,5
644331982,4,3,1,2
644331983,4,1,3,1
644331984,2,1,1,1
644331991,20,12,8,7
644331992,15,8,7,4
644331993,3,0,3,2
644331994,8,4,4,2
644332001,794,354,440,326
644332002,744,359,385,264
644332003,519,260,259,204
644332004,63,32,31,23
644332011,967,461,506,346
644332012,8,3,5,3
644332013,57,25,32,19
644332014,27,16,11,7
644332021,11,3,8,3
644332022,6,3,3,2
644332023,9,4,5,4
644332031,17,10,7,6
644332032,15,8,7,5
644332033,11,4,7,4
644332041,22,11,11,9
644332042,6,3,3,3
644332051,33,15,18,16
644332052,5,3,2,2
644332054,6,4,2,3
644332061,4,2,2,2
644332062,15,8,7,6
644332063,16,7,9,5
644332064,13,7,6,4
644332071,3,1,2,2
644332072,2,1,1,1
644332073,5,3,2,3
644332074,16,8,8,5
644332081,2,1,1,1
644332082,5,1,4,2
644332091,137,66,71,64
644332092,18,10,8,7
644332093,4,1,3,2
644332094,17,9,8,6
644332101,27,15,12,7
644332102,12,7,5,6
644332112,2,1,1,1
644332121,16,6,10,5
644332122,81,36,45,4
644332134,72,29,43,48
644332143,167,69,98,98
644332144,8,3,5,4
644332152,8,3,5,2
644332161,5,3,2,2
644332162,4,4,0,4
644332164,12,6,6,6
644332171,16,7,9,6
644332172,13,4,9,4
644332173,8,5,3,2
644332182,5,1,4,1
644332183,21,11,10,7
644332213,11,6,5,3
644332214,2,1,1,1
644332223,10,4,6,2
644332224,17,10,7,6
644332231,6,3,3,3
644332232,68,26,42,12
644332233,9,4,5,7
644332234,22,11,11,6
644332241,36,19,17,29
644332243,3,1,2,1
644332251,4,2,2,1
644332301,9,4,5,3
644332302,9,4,5,2
644332303,2,1,1,1
644332304,34,17,17,11
644332311,2,1,1,1
644332312,2,1,1,1
644332313,9,7,2,4
644332314,21,11,10,6
644332321,11,6,5,4
644332322,6,2,4,3
644332323,3,1,2,2
644332331,2,2,0,2
644332362,10,6,4,2
644332364,1,1,0,1
644332381,3,1,2,1
644332382,11,4,7,3
644332383,9,4,5,2
644332384,27,9,18,14
644332394,4,2,2,2
644332401,19,8,11,8
644332402,211,105,106,71
644332403,9,5,4,4
644332404,8,4,4,3
644332411,19,8,11,8
644332412,7,2,5,1
644332423,20,10,10,6
644332501,5,3,2,2
644332502,3,2,1,1
644332503,6,3,3,3
644332504,8,4,4,3
644332601,3,1,2,1
644332603,12,5,7,4
644332611,5,2,3,2
644332621,4,2,2,2
644332701,9,4,5,2
644332702,3,1,2,1
644332703,10,6,4,3
644332711,3,1,2,1
644332721,4,2,2,2
644332783,7,3,4,2
644332801,6,3,3,2
644332812,2,1,1,1
644332822,20,8,12,6
644332824,7,3,4,2
644332902,6,1,5,1
644332903,1,0,1,1
644332904,5,3,2,2
644332912,6,2,4,2
644332932,5,1,4,4
644332941,3,1,2,2
644332944,5,1,4,4
644332961,7,3,4,7
644332971,4,3,1,4
644333002,5,2,3,1
644333003,10,5,5,3
644333021,3,1,2,1
644333024,6,4,2,2
644333032,4,2,2,1
644333033,4,2,2,1
644333034,12,5,7,4
644333042,5,2,3,1
644333043,10,6,4,5
644333044,28,12,16,11
644333051,2,1,1,1
644333053,25,11,14,14
644333054,218,98,120,110
644333061,112,50,62,61
644333062,53,24,29,21
644333063,346,164,182,147
644333064,1,0,1,1
644333071,6,4,2,1
644333072,6,3,3,2
644333073,9,4,5,3
644333074,2,1,1,1
644333081,6,3,3,3
644333084,2,1,1,1
644333093,5,2,3,2
644333094,3,1,2,1
644333112,14,6,8,5
644333113,13,7,6,5
644333114,8,4,4,2
644333121,6,2,4,2
644333122,19,11,8,5
644333123,15,6,9,4
644333124,9,3,6,2
644333132,91,43,48,35
644333133,5,2,3,2
644333134,325,147,178,121
644333141,110,57,53,61
644333142,138,58,80,69
644333143,424,209,215,192
644333144,197,81,116,92
644333152,390,183,207,154
644333153,16,7,9,6
644333154,507,228,279,238
644333161,444,201,243,209
644333162,17,6,11,7
644333163,458,213,245,212
644333164,39,21,18,18
644333171,24,12,12,10
644333172,14,7,7,7
644333173,14,8,6,10
644333182,2,1,1,1
644333191,13,6,7,4
644333193,9,5,4,2
644333194,2,1,1,1
644333202,5,3,2,2
644333204,4,1,3,1
644333211,6,3,3,2
644333212,9,4,5,5
644333213,2,1,1,1
644333214,11,5,6,3
644333221,11,5,6,3
644333222,11,5,6,5
644333231,25,10,15,7
644333232,96,46,50,40
644333234,2,1,1,1
644333241,22,9,13,6
644333242,2,1,1,1
644333251,139,57,82,51
644333252,449,196,253,168
644333254,47,17,30,28
644333261,449,204,245,205
644333262,3,1,2,2
644333263,317,146,171,137
644333264,8,4,4,1
644333273,3,2,1,1
644333274,7,3,4,2
644333292,10,5,5,3
644333301,9,3,6,2
644333302,19,8,11,6
644333303,15,7,8,6
644333311,9,5,4,3
644333312,10,3,7,2
644333313,9,4,5,2
644333314,5,3,2,2
644333322,10,5,5,2
644333323,12,7,5,3
644333332,11,6,5,2
644333334,5,3,2,2
644333342,8,3,5,2
644333352,57,26,31,23
644333361,2,1,1,1
644333362,2,1,1,1
644333363,4,1,3,1
644333364,12,8,4,4
644333371,5,2,3,2
644333372,2,1,1,1
644333373,1,0,1,1
644333394,2,1,1,1
644333404,6,3,3,2
644333432,22,11,11,9
644333443,8,4,4,2
644333454,5,3,2,1
644333461,2,1,1,1
644333463,1,0,1,1
644333541,5,4,1,4
644333543,16,7,9,4
644333544,7,5,2,3
644333563,18,9,9,5
644333632,2,1,1,1
644333641,20,9,11,8
644333642,3,2,1,1
644333643,16,8,8,4
644333652,5,2,3,3
644333673,10,5,5,2
644333741,6,3,3,3
644333742,2,1,1,1
644333743,9,7,2,2
644333744,8,2,6,2
644333842,3,2,1,1
644333843,11,5,6,3
644333844,21,12,9,10
644333853,15,7,8,6
644333932,2,1,1,1
644333934,3,2,1,2
644333941,1,0,1,1
644333942,12,6,6,4
644333943,7,4,3,3
644333944,5,3,2,3
644333951,13,5,8,5
644333953,1,1,0,1
644333961,5,2,3,1
644333963,1,0,1,1
644334024,7,4,3,2
644334113,2,1,1,1
644334202,21,11,10,5
644334203,5,3,2,2
644334204,7,5,2,3
644334213,4,2,2,1
644334283,2,1,1,1
644334311,8,3,5,4
644334313,6,2,4,3
644334314,2,1,1,1
644334374,2,0,2,1
644334412,3,1,2,1
644334414,4,2,2,2
644334472,2,1,1,1
644334473,1,0,1,1
644334523,2,1,1,1
644334571,5,3,2,1
644334621,4,2,2,1
644334623,4,2,2,1
644334721,2,1,1,1
644334922,3,2,1,1
644334934,6,4,2,2
644335023,4,2,2,1
644335031,5,3,2,4
644335032,2,1,1,1
644335121,2,1,1,1
644335203,2,1,1,1
644335204,2,1,1,1
644335213,4,3,1,1
644335323,6,3,3,1
644335423,5,2,3,2
644335521,1,1,0,1
644335604,5,3,2,2
644335611,2,1,1,1
644335704,12,4,8,3
644335711,2,1,1,1
644335802,18,9,9,4
644335803,3,1,2,1
644335902,4,2,2,1
644336532,2,1,1,1
644336534,2,1,1,1
644336573,4,2,2,1
644336681,8,5,3,1
644336683,4,2,2,1
644336693,2,1,1,1
644337041,4,2,2,1
644337044,7,3,4,3
644337051,6,2,4,1
644337053,4,2,2,2
644337092,1,1,0,1
644337134,6,2,4,1
644337141,8,3,5,2
644337142,6,2,4,2
644337144,7,3,4,2
644337151,1,0,1,1
644337232,9,4,5,3
644337234,3,2,1,1
644337243,8,2,6,1
644337334,3,2,1,2
644337341,4,2,2,2
644337374,3,2,1,2
644337384,2,1,1,1
644337422,2,1,1,1
644337423,9,5,4,3
644337474,3,2,1,1
644337482,19,11,8,4
644337483,3,1,2,1
644337492,2,1,1,1
644337494,4,2,2,1
644337504,3,1,2,1
644337511,2,2,0,1
644337513,5,2,3,2
644337564,8,3,5,3
644337572,6,3,3,3
644337601,1,0,1,1
644337603,10,4,6,4
644337641,2,1,1,1
644337651,6,2,4,1
644337694,6,4,2,2
644337701,8,4,4,2
644337703,4,1,3,1
644337783,4,1,3,2
644337802,1,0,1,1
644337874,5,2,3,2
644337881,8,4,4,2
644337882,3,2,1,2
644337883,2,1,1,1
644337891,1,0,1,1
644337911,2,1,1,1
644337964,2,1,1,1
644337971,2,1,1,1
644337982,12,7,5,4
644337984,1,1,0,1
644340012,8,4,4,2
644340013,5,3,2,2
644340021,4,3,1,2
644340033,3,1,2,2
644340034,8,4,4,2
644340053,7,3,4,1
644340092,5,4,1,1
644340094,14,8,6,3
644340103,8,3,5,2
644340122,6,3,3,2
644340123,2,1,1,1
644340124,2,1,1,1
644340131,3,1,2,1
644340154,1,0,1,1
644340192,4,2,2,2
644340211,2,1,1,1
644340244,4,2,2,1
644340274,21,8,13,4
644340283,7,3,4,1
644340284,6,4,2,1
644340292,3,1,2,1
644340293,6,3,3,1
644340301,6,4,2,4
644340302,5,3,2,4
644340304,8,6,2,6
644340322,3,2,1,1
644340332,2,1,1,1
644340333,2,1,1,1
644340362,3,1,2,1
644340363,12,5,7,3
644340371,2,1,1,1
644340372,7,3,4,2
644340374,2,1,1,1
644340381,2,1,1,1
644340382,4,3,1,2
644340383,6,2,4,2
644340392,9,5,4,1
644340394,17,9,8,5
644340421,13,6,7,3
644340442,12,6,6,2
644340451,7,2,5,2
644340454,4,2,2,1
644340472,4,1,3,2
644340482,6,3,3,1
644340493,5,3,2,2
644340504,4,2,2,1
644340512,1,0,1,1
644340524,3,2,1,2
644340533,8,4,4,2
644340542,7,3,4,2
644340544,3,2,1,1
644340552,4,2,2,1
644340553,8,4,4,2
644340554,9,5,4,3
644340561,10,3,7,2
644340562,4,2,2,1
644340563,11,5,6,5
644340564,1,1,0,1
644340582,8,4,4,3
644340583,6,3,3,2
644340592,22,11,11,6
644340593,8,6,2,2
644340594,10,5,5,3
644340601,2,1,1,1
644340614,2,1,1,1
644340623,2,1,1,1
644340624,10,4,6,2
644340631,1,1,0,1
644340632,2,1,1,1
644340634,2,1,1,1
644340641,4,3,1,1
644340642,4,2,2,2
644340643,6,3,3,2
644340651,9,3,6,2
644340652,14,6,8,4
644340653,8,3,5,2
644340654,3,1,2,1
644340661,4,2,2,2
644340662,18,9,9,5
644340664,3,1,2,1
644340672,6,4,2,2
644340673,3,1,2,1
644340684,7,3,4,3
644340704,4,3,1,3
644340711,4,3,1,1
644340712,2,1,1,1
644340714,2,1,1,1
644340722,2,1,1,1
644340724,7,4,3,2
644340732,6,4,2,2
644340733,3,2,1,1
644340734,2,1,1,1
644340741,5,3,2,2
644340743,8,4,4,2
644340754,11,5,6,2
644340772,6,3,3,2
644340773,9,4,5,2
644340801,2,0,2,2
644340812,7,3,4,2
644340813,5,2,3,2
644340814,6,3,3,2
644340821,7,3,4,2
644340823,7,3,4,2
644340834,6,3,3,2
644340843,2,1,1,1
644340852,6,3,3,2
644340861,20,11,9,4
644340862,9,5,4,2
644340873,16,7,9,3
644340901,13,6,7,3
644340902,4,2,2,1
644340903,6,2,4,1
644340904,9,4,5,2
644340911,4,2,2,1
644340921,1,1,0,1
644340922,1,1,0,1
644340942,4,2,2,2
644340943,5,2,3,1
644340944,22,11,11,4
644340961,3,2,1,1
644340962,4,2,2,1
644340963,17,12,5,4
644340971,9,6,3,2
644340973,5,2,3,1
644340974,4,2,2,2
644341001,5,2,3,1
644341002,19,8,11,6
644341003,8,3,5,2
644341004,4,2,2,1
644341012,13,6,7,4
644341014,6,2,4,1
644341024,6,4,2,1
644341031,1,1,0,1
644341033,8,4,4,2
644341034,6,4,2,1
644341051,1191,522,669,425
644341052,585,274,311,236
644341053,34,16,18,10
644341054,224,108,116,92
644341061,372,186,186,166
644341062,4,2,2,2
644341063,246,117,129,90
644341064,22,12,10,7
644341071,14,7,7,5
644341081,15,6,9,3
644341083,22,11,11,4
644341091,7,4,3,2
644341092,4,1,3,2
644341093,2,1,1,1
644341102,2,1,1,1
644341103,3,1,2,2
644341104,12,7,5,4
644341111,2,1,1,1
644341112,9,4,5,5
644341113,18,10,8,6
644341114,133,95,38,10
644341122,3,1,2,2
644341131,15,8,7,5
644341132,3,2,1,2
644341133,4,1,3,1
644341134,2,1,1,1
644341141,10,5,5,4
644341142,7,4,3,4
644341143,7,4,3,1
644341144,6,1,5,2
644341151,8,5,3,2
644341153,2,1,1,1
644341161,20,10,10,6
644341162,2,1,1,1
644341163,7,4,3,3
644341164,15,6,9,3
644341173,9,4,5,2
644341174,8,4,4,2
644341181,5,3,2,1
644341182,3,1,2,1
644341191,7,4,3,4
644341192,1,1,0,1
644341193,6,3,3,2
644341201,26,9,17,8
644341202,5,2,3,3
644341203,14,5,9,6
644341204,2,0,2,1
644341212,20,12,8,5
644341214,6,4,2,1
644341222,4,2,2,1
644341223,6,2,4,1
644341224,16,8,8,3
644341232,5,2,3,2
644341233,5,3,2,2
644341234,2,1,1,1
644341242,10,5,5,4
644341244,17,8,9,5
644341251,8,5,3,3
644341261,4,3,1,2
644341262,7,4,3,2
644341263,26,10,16,7
644341272,5,2,3,2
644341273,7,2,5,1
644341274,6,3,3,1
644341281,6,2,4,1
644341283,6,4,2,1
644341291,3,1,2,1
644341292,11,4,7,4
644341294,9,5,4,4
644341301,9,5,4,3
644341302,11,4,7,3
644341304,4,1,3,1
644341312,7,4,3,3
644341314,4,2,2,2
644341321,7,5,2,2
644341334,22,11,11,5
644341341,11,6,5,2
644341342,10,5,5,4
644341343,1,1,0,1
644341344,8,2,6,3
644341353,5,2,3,1
644341354,5,3,2,2
644341361,3,1,2,2
644341363,11,5,6,3
644341364,14,6,8,4
644341371,8,3,5,2
644341372,4,2,2,1
644341373,12,6,6,3
644341382,16,8,8,4
644341391,11,7,4,1
644341392,7,3,4,2
644341394,5,3,2,1
644341402,5,2,3,1
644341404,25,13,12,6
644341412,8,4,4,2
644341413,4,1,3,1
644341414,11,6,5,3
644341421,4,3,1,1
644341432,2,1,1,1
644341434,6,3,3,2
644341442,12,7,5,3
644341443,14,6,8,4
644341444,7,2,5,2
644341454,4,2,2,2
644341461,1,0,1,1
644341462,7,4,3,2
644341463,3,1,2,1
644341464,23,10,13,7
644341474,5,2,3,2
644341483,7,4,3,2
644341491,6,3,3,1
644341493,11,6,5,2
644341494,3,1,2,1
644341503,2,1,1,2
644341532,35,22,13,16
644341541,4,1,3,2
644341542,124,64,60,41
644341543,207,96,111,73
644341544,507,242,265,202
644341551,15,8,7,5
644341553,116,51,65,45
644341561,2,1,1,1
644341562,1,0,1,1
644341563,4,2,2,1
644341564,4,3,1,1
644341571,8,3,5,4
644341573,5,2,3,2
644341574,2,1,1,1
644341581,5,3,2,2
644341591,9,4,5,1
644341592,10,5,5,2
644341593,4,2,2,1
644341604,34,17,17,17
644341623,4,4,0,4
644341624,6,4,2,3
644341641,18,10,8,6
644341642,62,26,36,25
644341651,11,5,6,5
644341661,6,3,3,3
644341662,2,1,1,1
644341663,7,4,3,2
644341664,4,2,2,3
644341672,10,6,4,3
644341673,8,5,3,2
644341674,21,10,11,6
644341681,6,2,4,1
644341683,10,5,5,4
644341684,5,3,2,3
644341691,3,2,1,2
644341693,3,2,1,1
644341721,10,6,4,3
644341722,3,1,2,3
644341732,8,5,3,3
644341742,5,3,2,1
644341744,15,8,7,4
644341762,14,6,8,5
644341764,7,4,3,2
644341773,1,0,1,1
644341774,6,4,2,1
644341782,10,4,6,4
644341783,3,1,2,2
644341791,5,3,2,2
644341793,7,4,3,3
644341844,11,5,6,2
644341853,2,1,1,1
644341861,9,6,3,3
644341862,3,1,2,2
644341863,3,2,1,1
644341864,7,2,5,2
644341872,3,2,1,1
644341873,1,0,1,1
644341874,10,4,6,4
644341881,3,2,1,1
644341882,3,1,2,1
644341891,7,3,4,3
644341892,7,3,4,2
644341894,4,2,2,1
644341932,2,1,1,1
644341944,2,1,1,1
644341951,4,2,2,1
644341953,3,2,1,1
644341954,6,2,4,2
644341961,1,0,1,1
644341962,4,2,2,2
644341963,2,1,1,1
644341964,1,0,1,1
644341983,4,2,2,2
644341991,17,10,7,3
644341992,5,2,3,1
644342011,2,1,1,1
644342012,5,3,2,1
644342102,6,2,4,1
644342111,10,5,5,2
644342113,6,4,2,1
644342203,2,1,1,1
644342204,7,4,3,2
644342212,20,11,9,3
644342213,6,3,3,2
644342221,2,1,1,1
644342281,1,1,0,1
644342303,4,2,2,1
644342304,3,1,2,1
644342311,10,4,6,2
644342313,7,3,4,1
644342374,5,3,2,1
644342401,8,5,3,4
644342402,8,5,3,3
644342404,7,4,3,3
644342421,5,4,1,2
644342473,3,2,1,1
644342481,8,3,5,1
644342501,3,1,2,1
644342502,3,1,2,3
644342503,4,2,2,2
644342511,4,2,2,1
644342512,2,1,1,1
644342513,4,1,3,1
644342514,14,6,8,5
644342524,2,1,1,1
644342531,4,3,1,2
644342601,6,3,3,1
644342602,3,2,1,1
644342603,7,4,3,2
644342604,15,8,7,4
644342611,5,2,3,2
644342613,3,1,2,1
644342621,20,9,11,4
644342624,7,3,4,2
644342711,6,4,2,2
644342713,5,2,3,2
644342714,7,2,5,3
644342733,3,1,2,1
644342802,5,2,3,2
644342811,3,1,2,2
644342812,12,6,6,5
644342823,8,5,3,2
644342824,2,1,1,1
644342833,16,8,8,3
644342901,9,5,4,3
644342902,5,2,3,2
644342903,3,1,2,1
644342904,2,1,1,1
644342912,3,2,1,1
644342922,14,6,8,2
644342924,6,4,2,1
644342931,11,6,5,2
644342934,1,1,0,1
644343031,1,1,0,1
644343033,1,0,1,1
644343044,3,2,1,1
644343052,1,0,1,1
644343061,3,1,2,2
644343062,11,4,7,4
644343063,15,6,9,5
644343122,1,1,0,1
644343151,13,7,6,6
644343153,12,5,7,4
644343174,3,2,1,2
644343233,5,3,2,1
644343242,1,1,0,1
644343251,22,11,11,8
644343253,26,13,13,9
644343262,10,6,4,4
644343263,73,31,42,36
644343264,92,51,41,52
644343273,7,3,4,3
644343361,32,17,15,14
644343362,64,32,32,30
644343371,5,3,2,4
644343442,2,1,1,2
644343443,5,3,2,2
644343454,2,1,1,1
644343462,4,2,2,2
644343471,24,10,14,8
644343473,6,3,3,3
644343572,8,5,3,3
644343583,26,14,12,8
644343641,2,1,1,1
644343661,3,2,1,1
644343681,10,5,5,4
644343693,9,5,4,2
644343733,1,0,1,1
644343763,10,4,6,4
644343764,5,3,2,2
644343773,2,1,1,1
644343791,36,14,22,12
644343793,17,10,7,4
644343844,3,2,1,1
644343852,2,1,1,1
644343853,2,1,1,1
644343862,2,1,1,1
644343864,4,3,1,1
644343873,3,2,1,1
644343874,8,5,3,2
644343883,8,4,4,2
644343884,12,8,4,3
644343892,6,3,3,1
644343893,3,2,1,1
644343894,2,1,1,1
644343944,2,1,1,1
644343952,3,1,2,1
644343953,14,7,7,5
644343961,3,2,1,2
644343974,7,4,3,2
644343981,8,4,4,2
644343982,12,4,8,2
644343983,2,1,1,1
644343984,3,2,1,1
644343991,3,1,2,1
644343993,1,0,1,1
644344143,8,3,5,2
644344242,1,0,1,1
644344243,2,0,2,1
644344291,2,2,0,1
644344292,5,3,2,1
644344293,5,3,2,1
644344294,3,2,1,1
644344341,2,1,1,1
644344343,10,5,5,3
644344344,3,1,2,1
644344382,9,4,5,2
644344383,2,1,1,1
644344384,11,4,7,2
644344393,2,1,1,1
644344394,16,7,9,4
644344482,6,2,4,2
644344483,1,1,0,1
644344492,2,1,1,1
644344493,12,4,8,5
644344494,28,16,12,9
644344581,4,2,2,1
644344582,7,3,4,2
644344583,6,4,2,1
644344584,2,1,1,1
644344592,22,12,10,8
644344593,3,1,2,1
644344594,4,2,2,1
644344681,10,5,5,2
644344682,2,1,1,1
644344683,3,1,2,1
644344684,5,3,2,2
644344691,3,1,2,1
644344773,2,1,1,1
644344781,2,1,1,1
644344782,8,5,3,1
644344791,10,5,5,2
644344801,6,4,2,2
644344804,3,2,1,1
644344813,11,5,6,2
644344874,15,7,8,5
644344883,5,2,3,2
644344884,3,2,1,1
644344893,6,3,3,2
644344902,12,6,6,4
644344911,12,7,5,2
644344914,18,9,9,5
644344972,4,2,2,1
644344974,3,1,2,1
644344981,7,3,4,1
644344982,12,6,6,4
644344983,10,5,5,2
644344992,15,5,10,3
644344993,10,6,4,3
644344994,9,5,4,3
644345102,14,7,7,4
644345201,3,1,2,1
644345203,5,3,2,3
644345301,3,1,2,2
644345303,3,2,1,1
644345401,4,3,1,1
644345413,9,4,5,2
644345423,8,2,6,2
644345832,4,2,2,1
644345833,7,4,3,1
644345834,3,1,2,1
644345841,2,1,1,1
644345903,10,4,6,4
644345912,2,1,1,1
644345924,11,6,5,4
644345933,12,6,6,3
644345934,3,2,1,1
644345953,3,1,2,1
644347011,2,1,1,1
644347012,6,3,3,1
644347044,2,1,1,1
644347052,6,5,1,1
644347053,3,2,1,2
644347074,6,2,4,2
644347083,7,4,3,4
644347102,8,4,4,2
644347111,3,1,2,1
644347174,5,2,3,2
644347261,7,2,5,1
644347272,5,2,3,2
644347273,2,1,1,1
644347274,2,1,1,1
644347484,11,4,7,2
644347493,2,1,1,1
644347494,4,1,3,1
644347591,4,2,2,1
644347592,2,1,1,1
644347594,2,1,1,1
644347753,2,1,1,1
644347754,4,2,2,1
644347791,5,3,2,1
644347853,7,3,4,2
644347863,2,1,1,1
644347864,2,1,1,1
644347873,2,1,1,1
644347971,10,5,5,4
644350004,1,0,1,1
644350012,4,2,2,1
644350013,4,1,3,1
644350014,9,5,4,3
644350022,3,1,2,1
644350024,9,4,5,3
644350031,3,1,2,2
644350033,3,1,2,2
644350041,8,3,5,2
644350043,1,0,1,1
644350051,2,1,1,1
644350061,1,1,0,1
644350072,5,2,3,1
644350073,12,6,6,2
644350074,7,5,2,1
644350101,12,8,4,3
644350104,5,2,3,3
644350111,3,2,1,1
644350112,5,3,2,2
644350121,4,3,1,1
644350133,4,2,2,1
644350141,14,4,10,2
644350143,3,2,1,1
644350174,14,7,7,2
644350202,2,1,1,1
644350203,6,3,3,2
644350204,17,6,11,6
644350213,13,5,8,3
644350214,4,2,2,1
644350221,9,6,3,2
644350222,12,5,7,3
644350224,4,2,2,2
644350231,4,1,3,1
644350233,5,3,2,1
644350241,9,5,4,2
644350242,6,4,2,2
644350244,6,3,3,2
644350262,6,3,3,2
644350301,96,21,75,2
644350302,4,2,2,1
644350304,8,4,4,3
644350312,8,3,5,1
644350314,4,2,2,1
644350323,8,2,6,2
644350332,4,2,2,2
644350334,3,1,2,2
644350362,1,1,0,1
644350363,5,2,3,2
644350371,11,7,4,2
644350373,9,4,5,4
644350381,3,2,1,1
644350384,1,0,1,1
644350401,6,3,3,1
644350403,7,4,3,3
644350404,5,2,3,2
644350411,7,3,4,3
644350413,2,1,1,1
644350414,5,2,3,2
644350423,2,1,1,1
644350424,10,6,4,2
644350431,1,0,1,1
644350432,4,2,2,1
644350434,6,3,3,2
644350441,4,1,3,1
644350444,3,1,2,1
644350461,7,4,3,1
644350464,3,2,1,1
644350471,4,2,2,2
644350472,7,5,2,2
644350473,5,2,3,1
644350474,12,5,7,2
644350481,9,3,6,2
644350501,5,2,3,1
644350502,2,1,1,1
644350504,15,9,6,2
644350511,16,7,9,4
644350514,2,1,1,1
644350521,19,6,13,4
644350522,4,2,2,1
644350524,9,4,5,3
644350532,10,5,5,2
644350553,3,1,2,1
644350554,6,2,4,1
644350561,9,4,5,2
644350563,4,3,1,1
644350571,4,2,2,2
644350572,1,0,1,1
644350574,5,3,2,1
644350603,3,2,1,1
644350612,17,7,10,6
644350613,5,2,3,1
644350614,4,1,3,1
644350622,3,2,1,2
644350631,11,5,6,4
644350633,2,1,1,1
644350641,6,2,4,2
644350643,3,2,1,1
644350652,4,3,1,1
644350661,9,5,4,2
644350663,4,2,2,1
644350664,9,4,5,2
644350672,11,6,5,5
644350674,5,3,2,1
644350684,5,3,2,1
644350702,9,4,5,2
644350713,5,3,2,1
644350722,3,1,2,2
644350724,2,1,1,1
644350734,4,3,1,1
644350741,9,4,5,1
644350742,6,4,2,2
644350761,9,4,5,2
644350764,15,8,7,3
644350783,6,3,3,2
644350784,3,1,2,1
644350802,2,1,1,1
644350811,2,1,1,1
644350813,2,1,1,1
644350814,11,6,5,4
644350822,4,2,2,1
644350831,5,3,2,1
644350832,4,3,1,1
644350833,7,2,5,3
644350834,2,1,1,1
644350853,3,1,2,1
644350861,5,2,3,2
644350863,8,4,4,1
644350881,2,1,1,1
644350882,4,2,2,2
644350883,16,8,8,5
644350901,6,3,3,2
644350904,4,3,1,1
644350912,2,1,1,1
644350914,85,43,42,29
644350923,41,21,20,21
644350932,4,2,2,1
644350934,2,1,1,1
644350951,3,2,1,1
644350953,7,3,4,2
644350961,17,8,9,3
644350981,7,4,3,2
644350983,3,1,2,2
644350984,19,11,8,8
644350994,4,2,2,1
644351042,11,6,5,3
644351051,2,1,1,1
644351053,18,8,10,5
644351062,3,1,2,2
644351064,4,3,1,2
644351071,5,3,2,2
644351073,3,2,1,1
644351074,6,3,3,3
644351081,5,1,4,2
644351082,7,4,3,2
644351083,7,4,3,1
644351084,6,2,4,1
644351092,5,2,3,2
644351093,2,2,0,1
644351094,7,4,3,2
644351141,11,6,5,2
644351151,21,10,11,4
644351162,3,2,1,1
644351164,2,1,1,1
644351172,2,1,1,1
644351174,3,2,1,2
644351181,164,69,95,73
644351182,78,36,42,27
644351183,213,89,124,103
644351184,5,2,3,1
644351193,1,0,1,1
644351252,7,3,4,2
644351254,2,1,1,1
644351261,2,1,1,1
644351271,5,3,2,2
644351272,5,1,4,2
644351281,16,7,9,10
644351282,299,141,158,125
644351283,9,5,4,4
644351284,2,1,1,1
644351352,13,9,4,7
644351361,9,5,4,3
644351363,8,4,4,2
644351364,2,1,1,1
644351371,3,2,1,1
644351372,2,1,1,1
644351382,11,7,4,5
644351383,4,3,1,1
644351391,7,4,3,4
644351412,10,7,3,3
644351414,7,4,3,2
644351423,3,2,1,1
644351433,3,1,2,1
644351434,4,1,3,1
644351441,16,9,7,4
644351442,6,4,2,1
644351444,2,1,1,1
644351452,2,2,0,2
644351454,7,3,4,2
644351463,2,1,1,1
644351464,4,2,2,2
644351472,3,2,1,1
644351474,4,3,1,2
644351484,4,2,2,1
644351492,6,3,3,2
644351494,5,2,3,1
644351512,5,4,1,2
644351522,4,1,3,1
644351533,4,2,2,1
644351534,3,1,2,1
644351541,5,2,3,2
644351543,2,2,0,1
644351544,1,1,0,1
644351561,5,3,2,1
644351562,6,4,2,2
644351563,3,2,1,1
644351572,53,25,28,21
644351574,13,6,7,3
644351582,14,8,6,2
644351583,6,4,2,1
644351584,8,4,4,2
644351591,2,1,1,1
644351592,17,9,8,3
644351593,9,6,3,2
644351614,9,4,5,2
644351624,7,3,4,1
644351631,5,3,2,1
644351633,4,2,2,1
644351634,5,2,3,2
644351652,4,2,2,1
644351654,13,7,6,2
644351661,9,3,6,1
644351681,10,4,6,2
644351683,7,4,3,1
644351691,4,2,2,1
644351692,8,5,3,2
644351693,1,0,1,1
644351702,10,5,5,2
644351704,4,2,2,2
644351712,5,3,2,2
644351714,8,4,4,3
644351722,8,3,5,3
644351753,10,4,6,3
644351764,15,7,8,5
644351772,8,3,5,3
644351774,2,1,1,1
644351784,5,3,2,1
644351791,5,2,3,3
644351792,9,4,5,2
644351793,12,7,5,3
644351794,6,3,3,2
644351814,9,5,4,4
644351822,3,1,2,1
644351834,3,2,1,1
644351843,13,7,6,3
644351862,6,3,3,2
644351864,6,4,2,1
644351872,8,5,3,1
644351881,4,2,2,1
644351883,12,5,7,2
644351884,9,5,4,3
644351891,22,12,10,8
644351893,191,95,96,68
644351903,6,4,2,1
644351904,4,2,2,1
644351932,14,7,7,4
644351933,2,1,1,1
644351944,20,11,9,12
644351954,4,2,2,2
644351963,2,1,1,2
644351964,2,2,0,2
644351972,6,3,3,3
644351981,4,2,2,1
644351982,177,88,89,61
644351983,6,3,3,2
644351984,4,3,1,2
644351991,349,164,185,172
644351992,40,17,23,22
644351993,272,118,154,130
644351994,111,56,55,45
644352001,5,1,4,2
644352003,5,2,3,2
644352004,6,4,2,1
644352014,11,6,5,2
644352021,7,4,3,2
644352033,11,6,5,2
644352101,5,2,3,2
644352103,4,2,2,2
644352112,6,3,3,2
644352131,7,3,4,2
644352132,8,3,5,2
644352134,18,11,7,4
644352143,11,6,5,2
644352202,9,5,4,2
644352204,9,5,4,3
644352213,2,1,1,1
644352223,5,2,3,2
644352224,12,6,6,2
644352232,11,6,5,2
644352303,8,4,4,2
644352313,4,2,2,1
644352322,5,3,2,1
644352323,2,1,1,1
644352324,5,2,3,1
644352344,5,1,4,1
644352392,4,2,2,1
644352394,6,4,2,2
644352402,2,1,1,1
644352403,12,7,5,2
644352404,16,7,9,3
644352413,8,4,4,2
644352414,31,15,16,6
644352421,6,4,2,2
644352424,2,2,0,2
644352433,7,5,2,2
644352441,6,3,3,1
644352443,13,5,8,4
644352492,5,2,3,1
644352493,5,2,3,1
644352494,8,3,5,3
644352502,1,1,0,1
644352541,6,4,2,3
644352543,12,7,5,2
644352544,2,1,1,2
644352551,1,0,1,1
644352591,4,2,2,2
644352593,3,2,1,2
644352601,3,3,0,3
644352603,1,0,1,1
644352604,1,1,0,1
644352611,1,1,0,1
644352612,1,1,0,1
644352624,4,2,2,1
644352633,3,1,2,1
644352641,8,4,4,2
644352642,11,6,5,2
644352643,2,1,1,1
644352644,10,6,4,4
644352651,4,1,3,1
644352682,8,4,4,1
644352691,16,8,8,8
644352692,23,8,15,11
644352693,1,0,1,1
644352694,28,12,16,13
644352701,12,6,6,2
644352702,8,4,4,2
644352703,5,2,3,2
644352723,18,9,9,3
644352724,6,3,3,1
644352734,2,2,0,2
644352741,18,9,9,6
644352742,2,0,2,2
644352743,3,2,1,1
644352751,1,0,1,1
644352753,4,1,3,2
644352773,7,3,4,2
644352791,8,5,3,2
644352801,6,3,3,1
644352812,4,2,2,1
644352814,13,6,7,3
644352821,12,8,4,2
644352832,8,3,5,1
644352833,13,7,6,2
644352842,10,5,5,2
644352843,10,5,5,2
644352844,13,7,6,4
644352851,4,3,1,2
644352852,2,0,2,1
644352854,10,5,5,2
644352873,12,5,7,2
644352901,6,3,3,3
644352903,18,10,8,4
644352904,5,2,3,1
644352911,3,2,1,1
644352912,14,7,7,2
644352913,4,2,2,2
644352914,6,3,3,1
644352921,18,7,11,3
644352924,5,3,2,2
644352933,7,3,4,1
644352934,3,1,2,1
644352941,5,1,4,1
644352942,4,3,1,3
644352943,18,10,8,4
644352953,5,4,1,1
644352963,3,2,1,1
644352972,3,2,1,1
644352974,5,2,3,2
644352982,6,2,4,2
644352983,12,5,7,3
644352984,8,4,4,3
644352992,6,3,3,1
644353034,9,5,4,3
644353041,3,1,2,1
644353043,7,4,3,2
644353073,4,2,2,2
644353074,9,4,5,3
644353082,3,2,1,1
644353084,4,2,2,1
644353091,5,2,3,1
644353092,6,3,3,1
644353093,5,3,2,1
644353121,5,2,3,1
644353122,4,2,2,1
644353131,1,1,0,1
644353163,8,4,4,2
644353174,2,2,0,1
644353181,3,2,1,1
644353182,5,3,2,1
644353183,2,1,1,1
644353184,19,9,10,5
644353192,13,6,7,3
644353193,5,3,2,2
644353194,7,6,1,5
644353203,8,2,6,2
644353211,8,4,4,2
644353214,6,3,3,2
644353241,1,0,1,1
644353252,7,4,3,1
644353272,2,1,1,1
644353273,3,1,2,1
644353293,2,1,1,1
644353294,8,5,3,2
644353301,7,4,3,2
644353302,6,2,4,1
644353303,2,2,0,2
644353342,4,2,2,1
644353373,2,1,1,1
644353394,4,2,2,1
644353424,2,2,0,1
644353433,5,3,2,2
644353451,15,10,5,4
644353472,3,2,1,1
644353491,8,4,4,3
644353511,10,6,4,2
644353521,8,4,4,2
644353544,5,2,3,1
644353552,17,7,10,4
644353553,4,2,2,1
644353554,2,1,1,1
644353564,9,6,3,2
644353573,8,6,2,2
644353584,8,5,3,1
644353612,3,2,1,1
644353642,5,4,1,1
644353651,2,1,1,1
644353712,7,3,4,2
644353714,17,10,7,4
644353721,1,1,0,1
644353792,1,1,0,1
644353814,5,3,2,2
644353823,6,1,5,1
644353824,6,3,3,2
644353831,1,0,1,1
644353832,5,3,2,1
644353892,1,0,1,1
644353912,8,4,4,3
644353914,10,4,6,3
644353922,4,2,2,2
644353992,17,7,10,5
644353993,10,4,6,4
644353994,1,0,1,1
644354003,4,2,2,1
644354011,26,14,12,7
644354012,4,3,1,3
644354013,20,10,10,9
644354014,184,80,104,88
644354021,2,1,1,1
644354072,4,2,2,2
644354074,3,1,2,1
644354081,27,12,15,11
644354082,23,13,10,16
644354083,2,0,2,2
644354084,55,28,27,18
644354093,5,2,3,1
644354094,4,2,2,1
644354101,1,1,0,1
644354104,11,5,6,6
644354111,6,1,5,3
644354112,15,6,9,6
644354114,7,3,4,2
644354121,33,16,17,15
644354122,1,0,1,1
644354123,7,4,3,2
644354124,3,1,2,1
644354181,23,7,16,8
644354182,2,1,1,1
644354183,3,2,1,1
644354184,20,5,15,8
644354191,4,2,2,2
644354193,2,1,1,1
644354201,4,2,2,1
644354203,2,1,1,1
644354204,2,1,1,1
644354222,2,1,1,1
644354231,11,6,5,5
644354232,3,1,2,1
644354233,12,4,8,4
644354234,68,32,36,29
644354241,2,1,1,1
644354244,3,1,2,1
644354253,5,2,3,1
644354263,4,2,2,1
644354274,4,2,2,2
644354282,7,4,3,3
644354291,8,3,5,2
644354293,16,7,9,4
644354294,4,2,2,1
644354302,3,1,2,1
644354303,4,2,2,1
644354304,5,2,3,1
644354313,12,7,5,3
644354314,4,1,3,1
644354332,16,12,4,11
644354334,2,1,1,1
644354341,2,1,1,1
644354342,2,1,1,1
644354351,5,3,2,2
644354352,2,1,1,1
644354361,13,7,6,4
644354362,2,1,1,1
644354364,2,1,1,1
644354371,13,6,7,6
644354372,151,71,80,62
644354374,21,11,10,8
644354381,34,18,16,16
644354383,257,138,119,127
644354384,234,114,120,120
644354393,25,11,14,8
644354411,12,6,6,3
644354423,4,2,2,1
644354424,5,3,2,2
644354433,13,6,7,2
644354443,3,2,1,1
644354444,8,4,4,3
644354451,10,6,4,3
644354452,2,1,1,1
644354461,6,4,2,1
644354463,14,8,6,2
644354473,2,1,1,1
644354474,99,51,48,36
644354481,9,7,2,5
644354482,484,226,258,219
644354483,22,10,12,11
644354484,269,122,147,119
644354491,573,256,317,266
644354492,56,31,25,34
644354493,219,101,118,101
644354494,144,76,68,60
644354513,4,1,3,1
644354522,1,0,1,1
644354523,2,1,1,1
644354524,3,2,1,1
644354532,14,7,7,5
644354533,3,1,2,1
644354534,3,2,1,1
644354541,2,1,1,1
644354542,7,3,4,2
644354543,4,2,2,2
644354544,8,4,4,2
644354552,11,7,4,3
644354553,73,18,55,1
644354564,15,8,7,8
644354571,43,25,18,15
644354572,68,33,35,36
644354573,25,15,10,11
644354574,431,207,224,189
644354581,62,30,32,25
644354582,498,239,259,234
644354583,57,28,29,26
644354584,489,240,249,230
644354591,183,96,87,83
644354593,264,138,126,139
644354613,11,5,6,4
644354621,4,2,2,1
644354623,7,4,3,1
644354632,3,2,1,1
644354633,9,5,4,3
644354641,12,4,8,2
644354644,4,2,2,3
644354651,2,1,1,1
644354652,4,2,2,2
644354653,2,1,1,1
644354662,13,8,5,6
644354663,7,3,4,2
644354671,7,2,5,3
644354672,55,26,29,20
644354673,9,3,6,4
644354681,196,86,110,81
644354682,215,99,116,110
644354683,17,8,9,7
644354684,5,2,3,2
644354691,351,162,189,153
644354702,1,1,0,1
644354723,6,3,3,2
644354731,8,4,4,1
644354734,3,2,1,1
644354741,5,3,2,3
644354743,2,1,1,1
644354744,1,0,1,1
644354754,11,5,6,4
644354761,3,3,0,2
644354763,13,5,8,2
644354771,12,5,7,2
644354773,4,2,2,2
644354774,6,4,2,1
644354782,58,31,27,25
644354783,14,7,7,8
644354784,5,3,2,4
644354791,1,1,0,1
644354793,1,1,0,1
644354803,3,1,2,1
644354804,9,4,5,3
644354811,4,3,1,1
644354812,14,7,7,6
644354821,4,1,3,3
644354822,7,3,4,3
644354823,1,1,0,1
644354824,1,1,0,1
644354833,4,2,2,2
644354834,5,3,2,2
644354843,2,1,1,1
644354851,6,3,3,2
644354852,9,3,6,2
644354854,11,6,5,2
644354862,3,1,2,1
644354871,2,1,1,1
644354872,7,3,4,3
644354881,14,6,8,6
644354883,11,5,6,5
644354891,10,4,6,4
644354912,7,4,3,1
644354921,1,1,0,1
644354922,8,4,4,2
644354923,2,0,2,1
644354933,1,1,0,1
644354934,7,5,2,4
644354942,6,3,3,3
644354943,4,3,1,1
644354951,4,2,2,1
644354952,4,2,2,1
644354953,2,1,1,1
644354954,23,14,9,12
644354961,5,1,4,1
644354963,2,1,1,1
644354971,7,4,3,1
644354973,7,4,3,1
644354974,6,4,2,3
644354981,19,9,10,4
644355002,11,5,6,3
644355003,7,3,4,2
644355004,2,1,1,1
644355302,13,6,7,3
644355311,11,6,5,4
644355314,11,4,7,3
644355323,4,2,2,2
644355431,7,4,3,2
644355444,4,2,2,1
644355501,17,8,9,5
644355503,2,1,1,1
644355541,10,5,5,3
644355642,2,1,1,1
644355651,3,1,2,1
644355712,1,1,0,1
644355761,9,5,4,2
644355762,2,0,2,2
644355831,12,7,5,3
644357123,6,4,2,3
644357131,8,4,4,1
644357181,4,2,2,1
644357221,6,2,4,3
644357283,6,2,4,2
644357604,4,2,2,2
644357911,6,3,3,4
644357913,9,5,4,3
644360003,5,3,2,1
644360011,6,5,1,2
644360012,38,24,14,15
644360013,1,1,0,1
644360021,127,60,67,60
644360022,2,0,2,1
644360023,9,3,6,3
644360024,3,2,1,1
644360032,2,1,1,1
644360033,21,12,9,5
644360034,12,6,6,2
644360041,1,1,0,1
644360044,3,1,2,1
644360051,13,5,8,3
644360052,3,2,1,2
644360053,1,0,1,1
644360054,1,1,0,1
644360062,16,8,8,5
644360063,15,4,11,5
644360071,6,4,2,2
644360073,6,3,3,1
644360074,5,3,2,1
644360081,1,0,1,1
644360083,3,0,3,3
644360091,2,1,1,1
644360092,5,2,3,1
644360094,13,7,6,3
644360101,3,2,1,2
644360103,6,3,3,2
644360112,13,6,7,2
644360121,7,3,4,2
644360133,7,2,5,2
644360143,16,6,10,4
644360144,6,3,3,2
644360151,5,3,2,1
644360152,1,1,0,1
644360153,6,3,3,2
644360154,4,1,3,1
644360162,7,3,4,2
644360163,7,5,2,3
644360173,8,4,4,2
644360174,6,2,4,2
644360181,12,7,5,1
644360191,16,10,6,4
644360212,8,4,4,4
644360214,4,2,2,2
644360221,18,8,10,6
644360223,4,2,2,2
644360231,12,8,4,4
644360234,2,2,0,2
644360251,6,3,3,2
644360253,4,1,3,1
644360272,10,5,5,4
644360273,4,2,2,1
644360274,4,3,1,3
644360321,3,3,0,3
644360322,1,1,0,1
644360323,1,1,0,1
644360324,1,1,0,1
644360334,1,1,0,1
644360493,9,5,4,2
644360593,1,1,0,1
644360594,17,9,8,4
644360961,4,0,4,4
644361003,8,6,2,5
644361011,5,3,2,2
644361014,4,1,3,1
644361023,2,1,1,1
644361031,1,1,0,1
644361041,2,2,0,2
644361054,16,6,10,4
644361072,2,1,1,1
644361081,3,1,2,1
644361082,56,27,29,31
644361083,8,5,3,3
644361084,345,165,180,170
644361091,115,51,64,50
644361092,395,186,209,185
644361093,245,121,124,83
644361094,454,188,266,124
644361101,5,3,2,1
644361103,4,2,2,1
644361104,6,2,4,1
644361124,4,2,2,1
644361141,5,2,3,1
644361142,4,2,2,2
644361152,6,4,2,2
644361154,6,4,2,1
644361164,6,3,3,1
644361181,5,2,3,1
644361182,6,2,4,1
644361183,6,3,3,2
644361184,1,0,1,1
644361191,2,1,1,1
644361192,22,11,11,7
644361193,19,10,9,6
644361202,2,1,1,1
644361211,29,13,16,12
644361214,11,7,4,8
644361222,14,6,8,2
644361232,4,3,1,1
644361234,13,8,5,2
644361251,6,3,3,2
644361261,18,7,11,5
644361262,5,1,4,1
644361263,10,3,7,2
644361264,2,1,1,1
644361271,8,4,4,3
644361281,4,2,2,2
644361282,2,1,1,1
644361284,5,2,3,2
644361292,3,2,1,2
644361302,7,3,4,2
644361304,4,2,2,1
644361322,1,1,0,1
644361323,7,3,4,1
644361324,1,1,0,1
644361333,15,7,8,4
644361343,2,2,0,2
644361354,1,0,1,1
644361392,11,5,6,2
644361402,8,4,4,4
644361411,2,1,1,1
644361434,11,7,4,4
644361454,18,10,8,6
644361462,4,3,1,1
644361464,21,9,12,4
644361474,44,22,22,13
644361481,1,0,1,1
644361492,5,2,3,1
644361502,10,5,5,2
644361503,5,3,2,1
644361522,3,2,1,1
644361544,1,1,0,1
644361561,9,5,4,5
644361562,1,0,1,1
644361563,2,1,1,1
644361564,1,1,0,1
644361572,9,7,2,3
644361573,10,7,3,5
644361581,1,1,0,1
644361583,1,1,0,1
644361642,3,3,0,3
644361651,2,2,0,2
644361663,9,5,4,2
644361671,6,3,3,2
644361672,3,1,2,1
644361673,9,6,3,1
644361674,7,3,4,2
644361681,10,4,6,2
644361682,6,3,3,1
644361683,6,3,3,1
644361692,11,7,4,4
644361694,1,1,0,1
644361743,5,3,2,1
644361762,1,1,0,1
644361772,5,4,1,2
644361774,12,7,5,2
644361791,2,1,1,1
644361793,5,3,2,1
644361871,4,1,3,1
644361891,6,4,2,2
644361974,6,3,3,2
644361994,11,5,6,4
644362001,226,103,123,120
644362002,5,3,2,1
644362003,238,116,122,134
644362011,2,1,1,1
644362012,12,7,5,2
644362013,5,3,2,1
644362021,6,3,3,2
644362024,4,2,2,1
644362031,5,2,3,2
644362032,10,5,5,2
644362033,8,4,4,2
644362034,10,4,6,2
644362041,4,2,2,1
644362042,1,1,0,1
644362044,6,3,3,1
644362051,8,5,3,2
644362053,11,6,5,2
644362062,14,4,10,2
644362073,6,3,3,2
644362081,11,5,6,2
644362094,3,1,2,1
644362102,8,4,4,1
644362111,10,7,3,2
644362112,14,6,8,3
644362113,13,6,7,3
644362121,4,2,2,1
644362122,2,1,1,1
644362131,8,5,3,2
644362132,13,5,8,3
644362141,2,1,1,1
644362142,7,4,3,2
644362151,11,6,5,2
644362153,7,4,3,2
644362154,3,1,2,2
644362161,12,7,5,2
644362181,8,5,3,2
644362184,10,4,6,2
644362193,5,3,2,1
644362194,2,1,1,1
644362201,4,1,3,2
644362204,4,1,3,1
644362212,7,4,3,5
644362213,2,1,1,2
644362231,9,5,4,4
644362232,2,1,1,1
644362233,11,5,6,3
644362234,16,7,9,3
644362241,6,3,3,1
644362263,3,2,1,1
644362273,12,6,6,3
644362281,6,2,4,2
644362312,4,2,2,2
644362314,14,5,9,2
644362323,3,2,1,1
644362333,6,3,3,1
644362334,4,2,2,1
644362342,9,5,4,2
644362343,4,1,3,1
644362344,6,3,3,1
644362351,11,5,6,2
644362353,10,5,5,2
644362354,13,7,6,2
644362363,14,6,8,2
644362364,10,3,7,2
644362373,8,4,4,2
644362374,14,6,8,2
644362383,20,9,11,4
644362402,3,1,2,1
644362404,3,2,1,1
644362412,21,9,12,4
644362413,2,1,1,1
644362414,4,2,2,1
644362423,10,4,6,2
644362424,6,3,3,2
644362432,12,6,6,2
644362464,1,1,0,1
644362471,4,2,2,1
644362473,3,1,2,1
644362481,7,4,3,4
644362482,3,2,1,2
644362494,6,3,3,2
644362502,1,1,0,1
644362511,3,1,2,1
644362514,3,1,2,1
644362523,7,2,5,3
644362524,14,9,5,2
644362531,2,1,1,1
644362533,1,0,1,1
644362534,2,1,1,1
644362542,5,2,3,1
644362544,7,4,3,2
644362551,8,5,3,3
644362553,4,1,3,1
644362554,3,1,2,1
644362561,1,1,0,1
644362563,2,1,1,1
644362572,8,4,4,2
644362573,14,7,7,3
644362574,18,10,8,3
644362582,6,3,3,2
644362591,7,5,2,1
644362593,3,2,1,1
644362621,2,1,1,1
644362623,24,12,12,10
644362624,111,51,60,41
644362633,139,73,66,63
644362634,6,2,4,2
644362654,9,5,4,3
644362662,9,5,4,3
644362674,8,2,6,2
644362691,10,5,5,2
644362694,5,2,3,2
644362701,8,5,3,2
644362711,5,2,3,1
644362712,2,1,1,1
644362714,3,1,2,1
644362721,44,23,21,18
644362722,47,21,26,22
644362723,150,81,69,91
644362724,291,147,144,165
644362731,366,193,173,185
644362732,209,97,112,95
644362733,300,136,164,136
644362734,522,238,284,215
644362741,4,2,2,3
644362742,6,4,2,3
644362743,64,30,34,33
644362751,2,1,1,1
644362752,7,3,4,3
644362762,4,2,2,1
644362764,10,7,3,2
644362773,2,1,1,1
644362774,2,1,1,1
644362793,4,2,2,1
644362803,6,3,3,2
644362804,8,4,4,2
644362812,4,2,2,1
644362821,128,61,67,49
644362822,18,9,9,8
644362824,8,4,4,3
644362831,588,256,332,249
644362832,286,140,146,136
644362833,263,126,137,115
644362834,185,88,97,106
644362841,96,47,49,46
644362843,2,1,1,1
644362844,3,2,1,1
644362851,5,2,3,2
644362852,7,4,3,2
644362854,2,1,1,1
644362871,9,5,4,2
644362873,8,2,6,1
644362874,3,2,1,1
644362891,6,3,3,2
644362893,8,5,3,2
644362894,5,2,3,1
644362903,11,4,7,2
644362913,7,4,3,2
644362914,12,8,4,2
644362922,5,2,3,2
644362924,8,5,3,3
644362934,28,13,15,6
644362951,2,1,1,1
644362961,1,0,1,1
644362963,4,2,2,2
644362972,6,3,3,3
644362973,2,1,1,1
644362982,1,1,0,1
644362993,9,3,6,3
644363012,8,4,4,1
644363032,2,1,1,1
644363034,7,3,4,1
644363043,10,4,6,2
644363084,8,5,3,1
644363092,5,2,3,1
644363093,7,3,4,1
644363094,1,0,1,1
644363101,15,7,8,3
644363143,4,3,1,1
644363182,10,5,5,4
644363183,3,1,2,1
644363184,6,3,3,1
644363194,3,2,1,1
644363212,7,4,3,2
644363274,5,2,3,2
644363281,2,1,1,1
644363283,2,1,1,1
644363293,3,2,1,1
644363372,5,2,3,2
644363374,13,7,6,4
644363391,3,1,2,2
644363402,14,7,7,4
644363471,1,1,0,1
644363482,2,1,1,1
644363484,5,2,3,2
644363493,9,4,5,2
644363573,15,8,7,5
644363591,2,1,1,1
644363602,1,0,1,1
644363664,3,1,2,2
644363673,6,4,2,4
644363674,4,2,2,2
644363682,7,3,4,1
644363684,2,1,1,1
644363702,4,2,2,2
644363704,10,5,5,2
644363713,4,2,2,2
644363764,5,4,1,1
644363773,6,4,2,1
644363774,9,4,5,4
644363782,3,1,2,1
644363791,7,3,4,2
644363792,1,0,1,1
644363811,5,1,4,1
644363813,7,3,4,2
644363814,4,2,2,1
644363884,6,3,3,1
644363903,3,2,1,2
644363913,2,1,1,1
644363914,7,4,3,2
644363984,4,3,1,1
644363994,2,1,1,1
644364004,3,1,2,1
644364011,8,5,3,2
644364014,3,2,1,1
644364022,4,2,2,2
644364024,7,3,4,2
644364031,3,2,1,1
644364034,2,1,1,2
644364043,5,2,3,2
644364044,1,0,1,1
644364052,139,127,12,5
644364061,6,3,3,3
644364062,1,0,1,1
644364064,21,11,10,7
644364071,15,9,6,5
644364072,6,4,2,1
644364073,1,0,1,1
644364074,5,3,2,2
644364113,5,3,2,2
644364121,1,1,0,1
644364123,3,2,1,1
644364124,2,1,1,1
644364131,4,2,2,1
644364133,8,3,5,1
644364161,5,3,2,2
644364162,1,0,1,1
644364163,5,3,2,1
644364164,33,16,17,17
644364171,82,36,46,38
644364172,12,5,7,4
644364173,104,48,56,49
644364174,2,1,1,1
644364193,10,4,6,3
644364202,7,4,3,2
644364204,1,0,1,1
644364212,7,4,3,1
644364213,3,2,1,1
644364221,8,3,5,1
644364232,2,0,2,1
644364233,18,8,10,4
644364252,2,1,1,1
644364253,7,5,2,2
644364254,2,1,1,1
644364261,11,4,7,4
644364262,3,1,2,2
644364263,1,0,1,1
644364271,16,7,9,6
644364272,6,4,2,3
644364273,10,6,4,3
644364274,1,0,1,1
644364282,4,2,2,1
644364283,4,3,1,1
644364301,15,9,6,5
644364302,10,6,4,3
644364303,7,2,5,2
644364311,1,0,1,1
644364313,15,6,9,4
644364332,8,4,4,2
644364333,10,4,6,4
644364342,4,2,2,2
644364344,7,4,3,3
644364352,9,3,6,2
644364354,3,2,1,1
644364361,2,2,0,1
644364363,1,0,1,1
644364371,10,6,4,3
644364373,2,1,1,1
644364401,3,2,1,2
644364403,2,1,1,1
644364404,4,2,2,1
644364453,10,4,6,3
644364454,4,1,3,1
644364461,3,1,2,1
644364462,2,1,1,1
644364484,3,2,1,1
644364542,7,3,4,2
644364544,6,3,3,3
644364552,4,2,2,1
644364553,3,2,1,1
644364603,5,2,3,1
644364612,5,4,1,1
644364621,22,8,14,7
644364634,48,23,25,22
644364641,14,5,9,4
644364642,1,1,0,1
644364643,27,14,13,16
644364644,2,1,1,1
644364651,3,2,1,1
644364653,2,0,2,1
644364704,16,9,7,6
644364711,3,1,2,1
644364712,3,1,2,1
644364713,7,5,2,3
644364714,1,0,1,1
644364732,15,6,9,7
644364733,7,3,4,4
644364734,35,17,18,15
644364741,7,4,3,3
644364743,57,31,26,25
644364744,2,1,1,1
644364751,8,2,6,1
644364804,6,3,3,2
644364811,3,1,2,1
644364824,19,10,9,9
644364831,34,20,14,21
644364832,353,174,179,156
644364833,40,22,18,19
644364834,546,264,282,240
644364841,491,239,252,237
644364842,163,87,76,73
644364843,709,346,363,324
644364844,149,67,82,62
644364854,1,1,0,1
644364901,8,4,4,2
644364904,14,7,7,3
644364922,7,3,4,3
644364924,8,2,6,3
644364931,204,106,98,91
644364932,534,253,281,253
644364933,26,12,14,12
644364934,277,130,147,132
644364941,338,160,178,166
644364942,426,192,234,197
644364943,187,96,91,81
644364944,5,3,2,3
644364951,11,6,5,4
644364952,2,0,2,1
644364953,7,3,4,4
644364954,7,3,4,2
644364961,1,1,0,1
644364962,3,2,1,1
644364963,12,6,6,4
644365103,2,1,1,1
644365503,3,2,1,1
644365613,3,1,2,1
644365614,2,1,1,1
644365633,1,1,0,1
644365974,2,1,1,1
644365981,9,6,3,3
644365983,6,3,3,1
644365991,2,1,1,1
644366181,2,1,1,1
644366184,2,1,1,1
644366194,1,1,0,1
644366292,3,2,1,1
644367004,2,1,1,1
644367111,2,1,1,1
644367211,3,2,1,1
644367302,2,1,1,1
644370133,4,4,0,4
644370283,4,3,1,4
644370932,4,2,2,4
644371094,6,3,3,1
644371161,12,7,5,2
644371182,1,0,1,1
644371191,1,0,1,1
644371192,15,9,6,4
644371292,6,2,4,1
644371603,5,4,1,4
644372001,1,0,1,1
644372024,5,3,2,1
644372032,2,2,0,2
644372034,6,2,4,1
644372041,2,2,0,2
644372051,9,4,5,2
644372054,13,6,7,5
644372064,4,1,3,3
644372072,7,4,3,2
644372082,4,3,1,1
644372083,8,4,4,1
644372092,3,2,1,1
644372093,9,5,4,2
644372141,4,2,2,2
644372152,14,7,7,5
644372154,7,3,4,2
644372162,12,5,7,4
644372164,3,2,1,2
644372172,2,1,1,1
644372191,4,3,1,1
644372192,1,1,0,1
644372194,7,4,3,2
644372214,2,1,1,1
644372222,10,5,5,3
644372224,7,5,2,1
644372241,2,1,1,1
644372243,46,25,21,16
644372254,5,2,3,2
644372262,12,5,7,2
644372272,1,0,1,1
644372283,2,1,1,1
644372291,13,6,7,3
644372293,2,1,1,1
644372294,3,1,2,1
644372321,10,5,5,2
644372324,7,4,3,2
644372341,3,2,1,2
644372342,3,1,2,1
644372344,4,2,2,1
644372351,4,3,1,1
644372352,2,1,1,1
644372354,9,4,5,3
644372362,12,6,6,5
644372364,12,7,5,4
644372381,3,2,1,3
644372391,17,8,9,2
644372394,6,3,3,3
644372421,1,1,0,1
644372441,3,2,1,1
644372442,5,2,3,2
644372443,2,1,1,1
644372444,14,6,8,6
644372451,3,1,2,1
644372461,9,5,4,3
644372464,3,1,2,1
644372471,4,0,4,4
644372473,4,2,2,1
644372474,11,7,4,4
644372482,1,1,0,1
644372494,3,1,2,1
644372542,1,0,1,1
644372544,4,1,3,2
644372561,14,6,8,3
644372574,2,1,1,1
644372581,2,1,1,1
644372644,6,4,2,3
644372674,2,1,1,1
644372744,3,3,0,3
644372753,8,6,2,5
644372834,2,1,1,2
644372841,5,2,3,2
644372843,5,3,2,2
644372894,9,6,3,2
644373003,19,8,11,6
644373014,1,0,1,1
644373021,5,2,3,1
644373074,10,4,6,3
644373081,2,1,1,1
644373102,6,3,3,1
644373103,12,9,3,4
644373142,3,1,2,1
644373144,4,3,1,1
644373202,13,6,7,2
644373203,19,9,10,4
644373213,7,4,3,1
644373241,6,4,2,1
644373243,22,9,13,13
644373251,2,1,1,1
644373283,2,1,1,1
644373302,3,2,1,1
644373304,8,4,4,3
644373313,3,2,1,1
644373314,2,1,1,1
644373321,2,0,2,2
644373341,77,39,38,31
644373342,5,3,2,1
644373343,12,4,8,5
644373351,12,5,7,3
644373353,3,1,2,1
644373381,5,2,3,1
644373382,5,3,2,3
644373401,2,0,2,2
644373411,2,0,2,2
644373432,4,2,2,2
644373534,3,1,2,1
644373553,4,2,2,1
644373663,4,2,2,1
644373713,7,4,3,1
644373722,8,5,3,3
644373723,2,2,0,1
644373783,6,4,2,1
644373803,4,1,3,1
644373811,8,4,4,3
644373831,5,4,1,3
644373833,3,1,2,3
644373844,1,0,1,1
644373862,3,2,1,1
644373874,2,1,1,1
644373884,7,4,3,2
644373903,2,1,1,1
644373943,4,2,2,2
644373952,4,2,2,2
644373954,2,1,1,1
644373981,4,2,2,1
644374023,3,2,1,1
644374024,3,2,1,1
644374031,148,56,92,47
644374032,415,199,216,192
644374033,8,5,3,4
644374034,115,54,61,53
644374041,41,21,20,21
644374051,3,2,1,1
644374053,68,20,48,8
644374054,9,5,4,3
644374063,2,1,1,1
644374064,9,5,4,3
644374071,24,13,11,5
644374073,2,1,1,1
644374081,14,14,0,3
644374131,61,31,30,29
644374132,194,89,105,100
644374133,38,19,19,15
644374134,124,55,69,55
644374161,8,3,5,5
644374162,3,1,2,1
644374164,2,1,1,1
644374171,5,2,3,2
644374173,1,1,0,1
644374231,4,2,2,3
644374232,3,1,2,1
644374233,3,2,1,1
644374262,5,3,2,1
644374271,6,2,4,2
644374291,7,4,3,4
644374292,2,1,1,1
644374293,1,0,1,1
644374321,4,1,3,1
644374324,2,1,1,1
644374331,3,1,2,2
644374334,6,4,2,2
644374382,2,1,1,1
644374384,4,2,2,1
644374392,3,2,1,1
644374393,3,1,2,2
644374394,8,3,5,4
644374422,16,8,8,4
644374431,3,1,2,1
644374434,3,1,2,1
644374441,8,3,5,3
644374442,4,3,1,2
644374444,6,3,3,2
644374513,2,1,1,1
644374531,9,4,5,2
644374534,6,3,3,2
644374543,1,0,1,1
644374551,4,1,3,2
644374552,2,1,1,1
644374553,2,0,2,2
644374554,2,1,1,1
644374641,7,3,4,1
644374642,21,14,7,3
644374652,3,1,2,1
644374653,2,1,1,1
644374654,7,4,3,3
644374662,8,4,4,3
644374741,4,1,3,2
644374742,6,4,2,1
644374744,2,1,1,1
644374754,5,2,3,1
644374761,3,2,1,1
644374763,4,1,3,1
644374764,2,1,1,1
644374843,8,5,3,2
644374853,10,5,5,3
644374854,1,1,0,1
644374861,2,1,1,1
644374962,3,1,2,1
644374963,2,1,1,1
644374964,3,1,2,1
644374971,7,5,2,1
644374973,8,4,4,1
644375052,3,2,1,1
644375054,17,8,9,4
644375103,4,2,2,2
644375143,2,1,1,1
644375201,1,0,1,1
644375203,2,2,0,2
644375213,1,0,1,1
644375224,4,2,2,2
644375232,3,2,1,2
644375233,3,2,1,1
644375243,4,2,2,1
644375301,4,3,1,3
644375303,3,1,2,2
644375304,1,0,1,1
644375311,3,2,1,1
644375313,2,1,1,1
644375314,5,3,2,2
644375321,1,1,0,1
644375331,1,0,1,1
644375401,3,1,2,2
644375402,12,6,6,7
644375411,19,10,9,8
644375413,1,0,1,1
644375414,7,2,5,1
644375421,3,2,1,1
644375433,4,2,2,3
644375443,4,2,2,1
644375502,3,1,2,2
644375531,2,1,1,1
644375532,1,0,1,1
644375541,5,2,3,1
644375542,3,1,2,1
644375634,3,2,1,1
644375642,6,3,3,2
644375652,5,3,2,2
644375663,23,9,14,10
644375664,16,10,6,8
644375673,1,1,0,1
644375692,2,2,0,1
644375761,11,3,8,6
644375762,3,2,1,1
644375763,2,1,1,1
644375764,11,5,6,3
644375771,2,1,1,1
644375871,1,1,0,1
644375873,7,3,4,2
644375884,6,2,4,1
644375941,6,2,4,1
644375943,6,2,4,2
644375972,3,1,2,1
644375982,6,2,4,1
644376514,3,2,1,1
644376603,2,1,1,1
644376604,2,1,1,1
644376832,4,2,2,2
644376841,6,4,2,2
644376843,9,5,4,2
644376962,3,1,2,1
644430212,5,2,3,2
644430214,2,1,1,1
644430302,6,3,3,2
644430334,95,40,55,17
644430424,11,6,5,4
644430432,1,0,1,1
644430434,3,2,1,1
644430441,14,8,6,7
644430442,19,8,11,9
644430443,47,23,24,18
644430444,363,150,213,174
644430452,294,128,166,132
644430453,131,61,70,56
644430454,454,221,233,210
644430461,312,148,164,138
644430462,101,50,51,38
644430463,533,244,289,253
644430464,61,29,32,28
644430471,45,20,25,14
644430473,59,23,36,29
644430474,57,30,27,23
644430483,85,45,40,27
644430512,1,1,0,1
644430514,7,4,3,2
644430521,1,0,1,1
644430534,4,2,2,2
644430541,6,4,2,2
644430542,83,42,41,36
644430543,12,7,5,5
644430544,2,0,2,1
644430551,43,22,21,24
644430552,501,238,263,217
644430553,138,68,70,51
644430554,718,338,380,283
644430561,458,209,249,196
644430562,77,30,47,35
644430563,151,76,75,70
644430564,2,1,1,1
644430581,35,18,17,12
644430582,58,25,33,19
644430593,5,2,3,3
644430612,4,1,3,1
644430621,4,3,1,1
644430642,13,4,9,7
644430644,4,3,1,1
644430651,45,20,25,18
644430652,217,106,111,85
644430653,21,12,9,7
644430654,7,3,4,3
644430661,29,15,14,9
644430663,4,1,3,2
644430691,7,3,4,3
644430692,13,6,7,3
644430694,34,17,17,16
644430751,11,6,5,4
644430753,6,3,3,3
644430763,3,1,2,1
644430792,166,86,80,59
644430794,154,73,81,62
644430843,12,5,7,4
644430844,9,4,5,3
644430851,5,4,1,3
644430852,4,2,2,1
644430854,5,3,2,2
644430861,4,3,1,1
644430892,82,38,44,30
644430923,5,3,2,2
644430924,6,3,3,3
644430931,1,1,0,1
644430932,15,4,11,5
644430933,10,4,6,3
644430941,5,2,3,2
644430994,10,6,4,4
644431603,274,135,139,107
644431604,95,45,50,38
644431701,609,267,342,273
644431702,137,67,70,53
644431703,613,283,330,263
644431704,165,83,82,78
644431711,2,1,1,1
644431713,26,12,14,11
644431714,141,72,69,54
644431723,78,41,37,40
644431724,6,2,4,3
644431801,232,111,121,92
644431803,4,3,1,1
644431804,1,0,1,1
644431811,58,30,28,25
644431812,161,75,86,69
644431814,27,14,13,10
644431821,142,66,76,56
644431822,13,8,5,5
644431823,33,15,18,15
644431831,31,16,15,14
644431901,3,1,2,1
644431902,1,0,1,1
644431911,2,1,1,1
644431923,2,1,1,1
644432692,318,122,196,145
644432694,476,226,250,233
644432792,109,55,54,54
644432794,24,12,12,12
644432892,278,134,144,128
644432893,4,2,2,2
644432894,597,294,303,326
644432982,1,1,0,1
644432984,93,49,44,40
644432991,228,109,119,108
644432992,552,269,283,269
644432993,392,187,205,173
644432994,1647,760,887,751
644433293,21,10,11,6
644433352,6,3,3,3
644433353,12,5,7,3
644433354,101,45,56,36
644433361,43,20,23,17
644433362,17,8,9,5
644433363,27,14,13,11
644433364,13,8,5,5
644433371,54,25,29,15
644433372,3,2,1,1
644433381,30,17,13,10
644433391,31,15,16,7
644433392,47,23,24,13
644433424,122,56,66,51
644433432,144,60,84,60
644433433,141,65,76,51
644433434,412,192,220,187
644433441,182,94,88,76
644433442,51,23,28,20
644433443,113,61,52,52
644433444,560,269,291,219
644433451,25,16,9,7
644433452,33,18,15,9
644433453,427,206,221,181
644433454,256,109,147,139
644433461,4,1,3,2
644433463,99,48,51,68
644433512,24,11,13,10
644433514,369,140,229,103
644433521,197,100,97,103
644433522,483,224,259,205
644433523,1225,580,645,551
644433524,1258,579,679,586
644433531,1147,541,606,487
644433532,265,120,145,113
644433533,1286,614,672,565
644433534,1309,591,718,534
644433541,307,147,160,126
644433542,1223,567,656,523
644433543,732,370,362,331
644433544,1211,585,626,531
644433551,1256,614,642,492
644433552,738,351,387,325
644433553,1044,498,546,428
644433554,697,298,399,342
644433561,438,198,240,221
644433563,101,44,57,47
644433601,601,281,320,279
644433602,85,36,49,52
644433603,933,405,528,451
644433604,1296,803,493,480
644433611,433,189,244,186
644433612,457,240,217,240
644433613,747,375,372,365
644433614,378,168,210,175
644433621,871,387,484,391
644433622,1169,507,662,546
644433623,27,7,20,8
644433624,389,182,207,180
644433631,1031,451,580,473
644433632,687,305,382,296
644433633,688,348,340,339
644433634,292,133,159,118
644433641,240,97,143,102
644433642,360,180,180,98
644433643,339,169,170,131
644433644,88,44,44,38
644433651,77,35,42,36
644433701,1278,597,681,649
644433702,845,407,438,478
644433703,106,58,48,49
644433704,163,76,87,97
644433711,1161,520,641,576
644433712,1141,562,579,577
644433713,672,305,367,357
644433714,606,269,337,356
644433721,640,299,341,318
644433722,86,42,44,37
644433723,967,401,566,529
644433724,571,264,307,250
644433731,526,231,295,188
644433732,996,440,556,391
644433733,1392,630,762,583
644433734,1219,572,647,549
644433741,1319,589,730,557
644433742,521,244,277,217
644433743,1147,563,584,503
644433744,741,321,420,305
644433781,52,26,26,20
644433782,2,1,1,1
644433783,22,10,12,8
644433784,61,30,31,27
644433801,785,361,424,417
644433802,346,154,192,133
644433803,917,452,465,464
644433804,372,187,185,210
644433811,1039,459,580,606
644433812,689,301,388,343
644433813,1114,511,603,624
644433814,255,121,134,124
644433821,1177,529,648,628
644433822,742,322,420,362
644433823,1215,563,652,570
644433824,1332,597,735,586
644433831,1205,576,629,515
644433832,724,348,376,309
644433833,1101,501,600,492
644433834,676,321,355,303
644433841,874,420,454,410
644433842,271,132,139,136
644433843,986,403,583,535
644433873,23,10,13,13
644433881,191,89,102,76
644433882,2,1,1,1
644433883,196,93,103,82
644433884,17,6,11,8
644433901,1259,587,672,584
644433902,1196,570,626,640
644433903,1793,794,999,841
644433904,1327,669,658,735
644433911,1583,740,843,859
644433912,940,445,495,496
644433913,1167,519,648,500
644433914,441,207,234,239
644433921,380,170,210,173
644433922,773,358,415,336
644433923,298,139,159,147
644433924,166,83,83,80
644433931,1085,489,596,436
644433932,939,444,495,394
644433933,74,32,42,30
644433934,122,58,64,56
644433941,30,15,15,13
644433943,266,135,131,103
644433944,317,146,171,119
644433952,1,1,0,1
644433953,74,37,37,33
644433954,12,7,5,4
644433964,6,2,4,3
644433971,237,111,126,99
644433972,77,37,40,35
644433973,35,14,21,14
644433974,11,6,5,3
644433981,277,130,147,114
644433983,49,27,22,20
644433993,16,7,9,5
644434303,29,15,14,7
644434304,30,16,14,6
644434313,19,9,10,8
644434334,7,2,5,2
644434411,1,1,0,1
644434421,185,100,85,53
644434422,101,52,49,28
644434423,94,46,48,26
644434424,18,9,9,4
644434431,2,2,0,2
644434482,16,6,10,3
644434491,19,9,10,6
644434634,1,1,0,1
644434722,3,1,2,1
644435243,24,12,12,6
644435254,3,1,2,1
644435263,6,4,2,2
644435271,57,31,26,13
644435272,31,16,15,8
644435273,44,21,23,10
644435274,16,8,8,3
644435284,17,12,5,8
644435291,12,7,5,3
644435292,13,6,7,3
644435402,22,13,9,4
644435654,6,4,2,1
644435674,17,10,7,4
644435742,4,2,2,1
644435753,11,6,5,2
644435774,46,23,23,10
644435833,3,2,1,1
644435872,87,50,37,24
644436202,7,3,4,1
644436992,30,14,16,9
644436993,63,29,34,18
644436994,167,77,90,53
644437603,9,5,4,4
644437701,4,2,2,2
644437801,9,5,4,2
644437802,18,9,9,8
644437803,35,17,18,9
644437813,2,1,1,1
644437814,33,14,19,12
644437823,24,11,13,10
644437901,33,15,18,8
644440014,10,5,5,2
644440021,4,2,2,1
644440091,9,5,4,4
644440112,21,12,9,4
644440114,17,7,10,3
644440121,16,8,8,6
644440182,8,4,4,2
644440184,5,2,3,2
644440194,5,2,3,2
644440211,2,0,2,2
644440213,6,4,2,1
644440214,20,7,13,5
644440291,7,2,5,2
644440294,2,1,1,1
644440311,7,3,4,2
644440312,8,4,4,5
644440313,5,2,3,1
644440374,15,7,8,13
644440381,6,3,3,6
644440404,6,3,3,2
644440413,5,1,4,2
644440472,4,2,2,1
644440504,10,5,5,2
644440604,8,4,4,2
644440661,10,5,5,4
644440663,5,3,2,2
644440761,8,3,5,1
644440854,2,1,1,1
644440942,2,1,1,1
644441002,4,2,2,2
644441093,5,3,2,5
644441094,146,68,78,57
644441191,24,11,13,11
644441192,93,48,45,32
644441492,3,2,1,1
644441554,9,3,6,2
644441573,97,57,40,3
644441582,1,0,1,1
644441652,82,42,40,1
644441653,42,18,24,1
644441661,4,2,2,3
644441662,2,1,1,1
644441663,2,1,1,1
644441752,3,1,2,1
644441753,5,2,3,3
644441761,2,1,1,1
644441762,2,1,1,1
644441783,12,6,6,3
644441793,8,5,3,2
644441831,2,1,1,1
644441833,2,1,1,1
644441834,1,1,0,1
644441842,1,0,1,1
644441843,3,1,2,1
644441844,6,3,3,3
644441851,3,0,3,1
644441853,1,1,0,1
644441873,4,1,3,2
644441883,3,2,1,1
644441884,6,4,2,2
644441891,2,1,1,1
644441892,18,9,9,7
644441893,25,13,12,7
644441894,15,8,7,4
644441904,5,2,3,1
644441912,2,1,1,1
644441913,44,18,26,21
644441921,4,3,1,1
644441922,4,2,2,2
644441923,2,1,1,1
644441924,2,1,1,1
644441933,3,2,1,1
644441934,1,0,1,1
644441943,4,3,1,1
644441952,2,1,1,1
644441954,10,4,6,3
644441981,2,1,1,1
644441982,6,2,4,2
644441991,35,15,20,14
644442001,9,4,5,4
644442004,3,2,1,1
644442013,39,21,18,17
644442014,420,212,208,195
644442023,498,246,252,199
644442024,10,5,5,5
644442033,377,179,198,148
644442034,262,127,135,97
644442071,6,2,4,3
644442072,208,121,87,106
644442073,42,20,22,17
644442074,965,449,516,425
644442081,688,309,379,304
644442082,124,69,55,54
644442083,155,81,74,66
644442084,15,10,5,5
644442091,912,453,459,455
644442092,1981,904,1077,1043
644442093,820,354,466,349
644442094,1072,492,580,533
644442102,243,122,121,113
644442104,297,155,142,138
644442111,251,131,120,123
644442112,690,326,364,222
644442113,1236,613,623,572
644442114,212,106,106,104
644442121,278,138,140,105
644442122,2,1,1,1
644442123,4,1,3,1
644442124,2,2,0,2
644442131,319,154,165,122
644442132,440,217,223,213
644442133,31,28,3,26
644442134,121,60,61,50
644442141,84,40,44,38
644442142,5,5,0,5
644442143,633,286,347,253
644442144,630,317,313,269
644442151,55,22,33,27
644442152,30,16,14,12
644442153,728,349,379,264
644442154,609,282,327,254
644442162,49,26,23,21
644442163,593,299,294,277
644442164,1036,520,516,448
644442171,128,64,64,81
644442172,399,177,222,190
644442173,396,199,197,200
644442174,916,427,489,423
644442181,610,257,353,309
644442182,335,166,169,174
644442183,1186,547,639,503
644442184,940,429,511,440
644442191,538,275,263,230
644442192,754,348,406,338
644442193,922,437,485,405
644442194,439,203,236,186
644442202,328,289,39,5
644442211,4,2,2,2
644442212,7,2,5,3
644442222,466,225,241,169
644442231,335,160,175,135
644442232,68,31,37,31
644442233,14,6,8,6
644442241,66,31,35,27
644442242,373,177,196,161
644442251,997,476,521,404
644442252,1610,784,826,682
644442253,319,151,168,123
644442254,1328,652,676,492
644442261,1064,509,555,475
644442262,1052,533,519,467
644442263,1042,504,538,428
644442264,484,247,237,179
644442271,1045,474,571,454
644442272,1240,614,626,560
644442273,565,234,331,197
644442274,1492,714,778,573
644442281,1245,595,650,525
644442282,1257,600,657,511
644442283,1455,656,799,485
644442284,761,370,391,293
644442291,1440,658,782,601
644442292,334,164,170,148
644442293,1313,639,674,454
644442294,725,338,387,304
644442342,243,116,127,92
644442344,651,315,336,239
644442352,334,161,173,103
644442353,417,210,207,157
644442361,171,79,92,67
644442371,21,11,10,9
644442372,417,200,217,143
644442381,819,378,441,320
644442382,326,150,176,125
644442383,420,188,232,141
644442384,1044,511,533,416
644442391,1137,543,594,461
644442392,160,73,87,63
644442393,119,56,63,42
644442481,91,15,76,3
644442482,220,80,140,1
644442544,1,0,1,1
644442554,4,3,1,1
644442623,4,1,3,1
644442624,5,4,1,1
644442632,6,3,3,3
644442634,4,2,2,1
644442641,2,1,1,1
644442721,2,1,1,1
644442804,10,5,5,3
644442814,2,1,1,1
644442821,2,1,1,1
644443001,1197,536,661,612
644443002,473,212,261,238
644443003,1045,472,573,535
644443004,1011,447,564,540
644443011,894,418,476,398
644443012,821,360,461,388
644443013,1127,551,576,537
644443014,1359,642,717,651
644443021,1394,646,748,686
644443022,1028,460,568,472
644443023,795,390,405,384
644443024,49,23,26,19
644443032,21,11,10,8
644443033,125,63,62,52
644443034,32,12,20,15
644443041,227,117,110,86
644443042,28,17,11,13
644443043,11,5,6,5
644443062,7,3,4,4
644443064,16,7,9,6
644443072,3,0,3,1
644443074,5,3,2,2
644443083,3,2,1,1
644443084,3,2,1,1
644443101,1248,567,681,611
644443102,1485,697,788,702
644443103,1307,583,724,559
644443104,1398,642,756,624
644443111,2082,992,1090,1010
644443112,1486,731,755,797
644443113,1583,796,787,828
644443114,1954,1032,922,969
644443121,134,54,80,46
644443122,256,95,161,85
644443123,1118,517,601,474
644443124,1099,510,589,440
644443131,1370,630,740,529
644443132,610,298,312,239
644443133,1156,559,597,451
644443134,510,235,275,165
644443142,127,60,67,51
644443143,2,1,1,1
644443144,2,1,1,1
644443152,7,3,4,4
644443153,8,4,4,3
644443154,2,0,2,1
644443162,3,2,1,2
644443163,164,158,6,10
644443171,12,5,7,7
644443181,12,7,5,6
644443194,2,1,1,1
644443201,1138,560,578,519
644443202,1590,797,793,626
644443203,392,194,198,224
644443204,1582,770,812,660
644443211,1725,870,855,852
644443212,669,291,378,302
644443213,1867,911,956,723
644443214,671,343,328,312
644443221,1731,763,968,737
644443222,1826,812,1014,787
644443223,1364,627,737,557
644443224,1507,652,855,585
644443231,1868,883,985,739
644443232,300,147,153,111
644443233,514,251,263,206
644443251,24,14,10,10
644443253,18,6,12,6
644443254,88,27,61,9
644443261,46,45,1,5
644443262,5,3,2,3
644443263,7,2,5,1
644443272,2,1,1,1
644443302,431,209,222,144
644443311,120,54,66,48
644443312,29,18,11,5
644443321,850,401,449,363
644443322,263,121,142,110
644443352,17,9,8,7
644443361,17,9,8,7
644443362,13,6,7,8
644443363,365,184,181,138
644443364,7,3,4,3
644443371,18,7,11,8
644443372,4,1,3,3
644443374,41,21,20,17
644443381,3,1,2,2
644443452,1,1,0,1
644443461,661,303,358,258
644443462,187,90,97,76
644443463,196,84,112,82
644443464,244,116,128,93
644443471,419,199,220,150
644443472,715,346,369,248
644443473,582,295,287,206
644443474,326,164,162,111
644443481,8,4,4,3
644443482,2,1,1,1
644443483,16,8,8,7
644443484,1,0,1,1
644443561,68,34,34,26
644443562,38,19,19,15
644443563,200,97,103,70
644443564,193,87,106,84
644443571,196,93,103,78
644443572,240,119,121,79
644443593,5,3,2,3
644443594,24,11,13,9
644443661,3,1,2,1
644443662,8,4,4,4
644443663,5,3,2,2
644443664,3,2,1,1
644443671,16,7,9,8
644443673,52,27,25,19
644443692,3,2,1,1
644443761,5,3,2,2
644443762,7,3,4,2
644443771,19,10,9,7
644443772,140,65,75,56
644443773,1,0,1,1
644443774,34,15,19,14
644443783,1,1,0,1
644443784,2,1,1,1
644443793,3,2,1,1
644443794,3,2,1,2
644443881,1,0,1,1
644443882,6,2,4,3
644444113,6,4,2,1
644444212,9,5,4,4
644444383,4,2,2,2
644444384,66,27,39,34
644444393,76,36,40,37
644444413,9,4,5,3
644444414,4,1,3,2
644444491,30,12,18,18
644444492,4,2,2,1
644444494,12,7,5,5
644444501,4,3,1,1
644444503,4,2,2,2
644444504,2,1,1,1
644444511,3,2,1,1
644444513,3,1,2,2
644444523,3,2,1,1
644444592,3,2,1,2
644444602,4,3,1,1
644444612,2,1,1,1
644444674,4,2,2,2
644444694,13,5,8,2
644444701,4,1,3,2
644444703,2,1,1,1
644444754,1,0,1,1
644444761,1,1,0,1
644444762,3,2,1,1
644444764,9,2,7,1
644444771,3,2,1,1
644444773,3,1,2,2
644444792,2,2,0,1
644444863,1,0,1,1
644444892,2,1,1,1
644444894,2,1,1,1
644444902,3,2,1,1
644444953,5,2,3,2
644444961,3,1,2,2
644444964,4,2,2,2
644444971,5,3,2,1
644444972,2,1,1,1
644444984,5,2,3,1
644444991,7,3,4,2
644444993,5,3,2,2
644445003,9,4,5,2
644445011,2,1,1,1
644445013,5,3,2,3
644445054,3,2,1,1
644445062,4,1,3,1
644445071,1,0,1,1
644445084,3,2,1,1
644445123,10,4,6,2
644445134,5,3,2,2
644445144,2,1,1,1
644445153,13,5,8,5
644445154,18,9,9,8
644445161,42,22,20,16
644445163,81,35,46,46
644445172,20,12,8,5
644445182,5,3,2,1
644445183,1,1,0,1
644445222,7,3,4,1
644445231,2,1,1,1
644445241,2,1,1,2
644445242,2,1,1,1
644445244,6,3,3,3
644445254,4,1,3,1
644445261,35,15,20,14
644445262,2,1,1,1
644445263,2,1,1,1
644445272,2,1,1,1
644445282,5,2,3,1
644445293,5,2,3,1
644445343,1,0,1,1
644445352,3,1,2,1
644445353,2,1,1,1
644445383,1,1,0,1
644445391,3,1,2,1
644445393,7,4,3,1
644445434,2,1,1,1
644445451,5,2,3,1
644445484,4,2,2,1
644445491,1,1,0,1
644445502,2,0,2,1
644445582,1,0,1,1
644445691,5,2,3,1
644445701,2,1,1,1
644445801,2,1,1,1
644445802,2,1,1,1
644445813,8,4,4,1
644445832,3,1,2,1
644445841,4,2,2,1
644445891,2,1,1,1
644445914,4,2,2,1
644445931,5,3,2,1
644445932,8,4,4,2
644445933,1,1,0,1
644445934,4,3,1,3
644445941,5,3,2,1
644445943,18,6,12,7
644445963,9,5,4,2
644446082,63,32,31,16
644446084,2,1,1,1
644446091,83,40,43,24
644446092,26,14,12,9
644446093,1,1,0,1
644446174,28,14,14,9
644446181,4,1,3,1
644446183,46,22,24,14
644446262,1,1,0,1
644446273,2,2,0,1
644446274,3,1,2,2
644446283,15,8,7,5
644446284,1,1,0,1
644446293,3,1,2,1
644446303,2,1,1,1
644446364,1,0,1,1
644446372,17,9,8,5
644446373,149,67,82,54
644446374,58,26,32,23
644446381,145,68,77,58
644446382,16,7,9,4
644446383,28,12,16,11
644446384,406,186,220,162
644446391,97,51,46,24
644446392,8,3,5,2
644446393,29,13,16,9
644446394,22,9,13,11
644446413,6,3,3,1
644446471,332,152,180,120
644446472,359,174,185,161
644446473,2,1,1,1
644446474,513,242,271,227
644446481,146,79,67,64
644446482,107,59,48,39
644446483,100,53,47,36
644446484,85,42,43,29
644446511,12,7,5,3
644446512,33,16,17,9
644446572,263,116,147,110
644446581,300,137,163,110
644446583,36,19,17,17
644446584,11,6,5,7
644446613,6,4,2,2
644446623,26,13,13,7
644446624,94,42,52,30
644446633,26,10,16,12
644446663,48,16,32,16
644446664,120,49,71,51
644446671,46,20,26,21
644446672,413,181,232,200
644446673,440,206,234,199
644446674,385,206,179,182
644446681,359,167,192,155
644446682,19,7,12,9
644446683,19,5,14,12
644446712,2,1,1,1
644446721,23,9,14,7
644446722,25,11,14,8
644446731,1,1,0,1
644446732,139,61,78,45
644446734,9,5,4,6
644446741,82,41,41,27
644446742,41,18,23,18
644446743,14,8,6,7
644446744,67,17,50,2
644446751,170,75,95,72
644446752,397,182,215,157
644446753,3,2,1,1
644446754,154,76,78,71
644446761,200,101,99,91
644446762,150,69,81,53
644446763,283,125,158,134
644446771,168,79,89,63
644446772,627,298,329,269
644446773,58,23,35,21
644446774,25,16,9,11
644446821,5,3,2,2
644446842,48,23,25,20
644446851,46,22,24,25
644446852,108,52,56,38
644446853,24,13,11,8
644446854,21,9,12,9
644446871,2,0,2,1
644446914,30,15,15,8
644446921,18,11,7,7
644446924,17,8,9,4
644446942,141,68,73,48
644446951,278,128,150,106
644446952,4,2,2,2
644446953,47,20,27,20
644450041,2,1,1,1
644450094,4,2,2,2
644450132,2,1,1,1
644450191,9,4,5,4
644450192,32,15,17,14
644450193,12,5,7,6
644450194,124,50,74,56
644450224,8,5,3,2
644450233,2,1,1,1
644450291,21,15,6,11
644450292,247,120,127,100
644450293,203,99,104,80
644450294,329,154,175,140
644450322,2,1,1,1
644450382,22,9,13,12
644450391,104,56,48,41
644450392,149,67,82,60
644450394,327,142,185,144
644450421,2,1,1,1
644450491,9,5,4,3
644450492,341,168,173,145
644450493,18,9,9,7
644450494,42,20,22,19
644450591,6,3,3,2
644450593,1,0,1,1
644450594,4,2,2,1
644450611,2,1,1,1
644450691,1,0,1,1
644450692,2,1,1,1
644450693,3,2,1,2
644450791,1,0,1,1
644450873,3,1,2,2
644450882,2,1,1,1
644450891,5,2,3,1
644451002,5,2,3,3
644451003,13,7,6,5
644451011,7,3,4,3
644451012,7,4,3,2
644451024,1,0,1,1
644451031,6,3,3,1
644451032,7,5,2,3
644451033,11,3,8,4
644451034,4,3,1,1
644451041,6,3,3,2
644451092,3,1,2,2
644451102,1,0,1,1
644451111,2,1,1,1
644451112,4,2,2,2
644451121,6,3,3,2
644451184,3,2,1,2
644451201,2,1,1,1
644451203,3,2,1,2
644451301,124,63,61,54
644451303,373,173,200,160
644451304,221,112,109,93
644451382,6,4,2,2
644451401,215,100,115,112
644451402,22,10,12,10
644451403,39,16,23,15
644451404,13,5,8,6
644451413,3,2,1,2
644451472,2,1,1,1
644451503,4,2,2,1
644451504,16,8,8,6
644451513,2,1,1,1
644451514,3,2,1,1
644451523,3,1,2,2
644451572,4,2,2,2
644451601,1,1,0,1
644451611,8,5,3,5
644451612,1,1,0,1
644451613,4,3,1,1
644451614,17,8,9,7
644451682,2,0,2,1
644451711,2,1,1,1
644451712,16,5,11,5
644451714,2,1,1,1
644451723,7,3,4,2
644451764,12,6,6,4
644451783,10,4,6,4
644451804,7,2,5,2
644451812,3,2,1,1
644451821,2,1,1,1
644451823,17,9,8,6
644451881,5,3,2,2
644451904,8,4,4,3
644451912,5,3,2,1
644451923,3,1,2,1
644451924,7,3,4,1
644451981,15,6,9,8
644452352,2,1,1,1
644452363,4,3,1,1
644452561,172,86,86,59
644452562,3,1,2,2
644452563,54,24,30,23
644452564,38,18,20,13
644452652,29,14,15,10
644452653,10,6,4,3
644452654,13,7,6,5
644452661,7,3,4,3
644452663,1,0,1,1
644452664,9,3,6,3
644452752,6,3,3,2
644452753,3,1,2,1
644452754,7,3,4,2
644452841,1,0,1,1
644452844,1,1,0,1
644452852,2,1,1,2
644452854,7,3,4,3
644452861,5,3,2,3
644452924,5,2,3,3
644452931,5,3,2,1
644452933,1,0,1,1
644452941,3,2,1,1
644453083,4,2,2,1
644453093,1,1,0,1
644453094,2,1,1,1
644453252,2,1,1,1
644453261,1,1,0,1
644453274,3,2,1,1
644453283,10,5,5,4
644453391,1,1,0,1
644453793,3,1,2,1
644453794,24,11,13,13
644453892,75,42,33,35
644454003,7,2,5,1
644454004,5,3,2,2
644454061,8,5,3,2
644454063,5,3,2,2
644454074,3,1,2,2
644454082,7,4,3,1
644454083,7,5,2,1
644454091,4,2,2,1
644454094,2,2,0,1
644454101,3,2,1,2
644454102,3,2,1,2
644454104,5,3,2,3
644454152,17,10,7,9
644454154,14,8,6,6
644454161,6,3,3,2
644454182,1,0,1,1
644454191,10,7,3,4
644454204,6,3,3,2
644454234,4,2,2,1
644454244,3,1,2,1
644454253,2,1,1,1
644454254,14,7,7,4
644454341,2,1,1,1
644454361,2,1,1,1
644454362,1,0,1,1
644454363,8,4,4,1
644454364,2,1,1,1
644454393,5,3,2,2
644454441,2,2,0,1
644454443,1,0,1,1
644454493,1,0,1,1
644454544,1,1,0,1
644454552,8,4,4,2
644454584,1,1,0,1
644454591,6,1,5,1
644454691,2,1,1,1
644454703,7,4,3,4
644454801,37,17,20,18
644454802,3,1,2,1
644454803,3,1,2,1
644455003,2,1,1,1
644455013,3,1,2,1
644455014,4,2,2,1
644455021,5,3,2,2
644455031,9,3,6,2
644455032,7,4,3,1
644455052,18,9,9,4
644455054,1,0,1,1
644455074,12,5,7,2
644455082,6,2,4,3
644455084,3,2,1,2
644455102,7,4,3,2
644455111,4,2,2,1
644455113,1,0,1,1
644455124,6,2,4,2
644455133,6,3,3,2
644455182,5,3,2,2
644455223,4,3,1,2
644455233,3,2,1,2
644455261,1,0,1,1
644455262,3,1,2,1
644455271,1,1,0,1
644455272,1,0,1,1
644455333,4,2,2,1
644455383,4,2,2,2
644455431,8,4,4,1
644455432,8,2,6,5
644455472,1,0,1,1
644455514,5,3,2,1
644455522,4,2,2,1
644455523,3,2,1,1
644455593,8,4,4,2
644455594,12,4,8,4
644455611,5,2,3,3
644455621,6,3,3,1
644455623,2,1,1,1
644455714,4,2,2,1
644455783,7,3,4,2
644455784,4,3,1,2
644455821,10,5,5,2
644455923,2,1,1,1
644455974,11,5,6,4
644456003,5,2,3,1
644456004,6,3,3,1
644456011,1,0,1,1
644456012,1,0,1,1
644456022,7,4,3,3
644456023,20,10,10,9
644456033,2,2,0,2
644456034,27,13,14,11
644456041,9,3,6,3
644456043,4,1,3,2
644456102,2,0,2,2
644456103,4,0,4,4
644456111,3,1,2,1
644456112,2,0,2,2
644456113,1,0,1,1
644456121,12,6,6,6
644456122,10,4,6,4
644456123,5,2,3,2
644456124,21,11,10,5
644456131,50,19,31,27
644456132,2,1,1,1
644456133,6,3,3,1
644456134,17,9,8,6
644456141,7,5,2,2
644456143,2,1,1,1
644456212,1,0,1,1
644456232,2,1,1,1
644456233,16,8,8,2
644456234,5,2,3,1
644456241,4,2,2,1
644456242,7,4,3,2
644456324,12,6,6,3
644456333,1,0,1,1
644456411,3,2,1,2
644456413,2,1,1,2
644456502,2,0,2,2
644456601,1,0,1,1
644456603,1,1,0,1
644456701,6,1,5,4
644457241,10,5,5,4
644457243,25,11,14,12
644457244,4,2,2,1
644457324,5,2,3,3
644457332,2,0,2,1
644457333,3,1,2,1
644457334,2,1,1,1
644457341,6,3,3,4
644457364,3,1,2,1
644457443,2,1,1,1
644457444,2,1,1,1
644457452,1,0,1,1
644457453,4,2,2,1
644457523,2,2,0,1
644457541,2,1,1,1
644457544,3,1,2,1
644457612,2,1,1,1
644457614,8,4,4,2
644457621,6,3,3,1
644457643,3,1,2,1
644457644,2,1,1,1
644457692,2,1,1,1
644457723,2,1,1,1
644457743,7,3,4,1
644457744,2,1,1,1
644457751,2,1,1,1
644457753,3,2,1,1
644457764,10,4,6,4
644457793,1,0,1,1
644457822,5,2,3,1
644457831,5,2,3,1
644457843,1,1,0,1
644457851,2,1,1,1
644457852,16,9,7,3
644457892,8,4,4,1
644457893,1,1,0,1
644457894,6,4,2,2
644457931,4,2,2,4
644457932,1,1,0,1
644457934,2,1,1,1
644457974,3,2,1,1
644457981,11,6,5,2
644457983,2,1,1,1
644457992,8,3,5,1
644457993,6,2,4,2
644460074,90,26,64,9
644460081,2,1,1,1
644460083,36,21,15,21
644460162,1,0,1,1
644460164,5,2,3,2
644460171,8,4,4,4
644460172,19,9,10,11
644460173,22,10,12,13
644460262,6,3,3,3
644460264,6,3,3,2
644460682,1,1,0,1
644460692,10,5,5,2
644460693,16,7,9,4
644460694,5,3,2,2
644460772,2,1,1,1
644460783,4,2,2,2
644460872,1,0,1,1
644460884,3,1,2,1
644461002,5,2,3,3
644461004,2,1,1,1
644461014,3,2,1,1
644461024,1,0,1,1
644461051,4,2,2,2
644461064,4,2,2,3
644461072,1,1,0,1
644461073,12,7,5,4
644461074,33,16,17,13
644461081,7,3,4,3
644461102,1,1,0,1
644461111,2,0,2,1
644461121,3,2,1,1
644461122,5,4,1,1
644461124,3,2,1,2
644461141,4,2,2,1
644461142,7,5,2,1
644461172,1,1,0,1
644461174,4,2,2,1
644461241,9,6,3,3
644461263,2,1,1,1
644461271,3,2,1,2
644461304,7,3,4,2
644461312,5,2,3,2
644461313,4,2,2,1
644461314,44,21,23,17
644461323,2,1,1,1
644461324,1,0,1,1
644461332,2,1,1,1
644461334,2,1,1,1
644461344,2,1,1,1
644461361,6,4,2,2
644461362,8,4,4,2
644461363,13,6,7,5
644461373,1,0,1,1
644461402,1,1,0,1
644461411,13,7,6,6
644461412,8,5,3,6
644461413,1,1,0,1
644461441,2,1,1,1
644461442,1,1,0,1
644461444,8,5,3,1
644461452,4,2,2,1
644461454,2,1,1,1
644461461,6,4,2,2
644461473,2,1,1,1
644461504,8,5,3,1
644461511,11,5,6,3
644461591,5,1,4,1
644461592,11,7,4,3
644461593,4,2,2,1
644461602,4,1,3,1
644461651,13,8,5,3
644461653,7,2,5,1
644461674,8,5,3,2
644461693,7,4,3,2
644461702,1,1,0,1
644461704,7,4,3,2
644461711,1,1,0,1
644461743,2,1,1,1
644461753,4,3,1,1
644461782,6,2,4,2
644461802,5,3,2,2
644461843,2,1,1,1
644461901,2,1,1,1
644461941,13,6,7,3
644461971,5,2,3,2
644461994,4,2,2,1
644462013,12,5,7,3
644462014,5,2,3,2
644462021,9,4,5,3
644462023,1,1,0,1
644462063,4,2,2,2
644462083,4,2,2,2
644462104,3,1,2,1
644462152,17,7,10,5
644462153,2,1,1,1
644462161,15,6,9,6
644462162,1,0,1,1
644462163,2,1,1,1
644462211,11,5,6,2
644462213,18,11,7,8
644462214,9,4,5,2
644462223,3,2,1,2
644462242,8,5,3,2
644462251,23,11,12,9
644462264,2,1,1,1
644462274,4,3,1,1
644462302,32,16,16,13
644462304,63,31,32,28
644462311,50,24,26,19
644462313,21,12,9,14
644462341,1,1,0,1
644462342,2,0,2,1
644462351,3,2,1,1
644462352,5,4,1,1
644462353,7,4,3,2
644462362,4,2,2,1
644462371,2,1,1,1
644462374,4,2,2,1
644462402,11,5,6,4
644462404,11,6,5,2
644462411,7,4,3,2
644462412,2,0,2,2
644462414,9,5,4,2
644462451,4,2,2,2
644462483,2,1,1,1
644462501,2,1,1,1
644462502,14,6,8,4
644462503,2,1,1,1
644462513,2,1,1,1
644462521,3,2,1,1
644462523,12,5,7,6
644462561,5,2,3,2
644462563,2,0,2,2
644462574,3,1,2,1
644462601,2,1,1,1
644462602,6,3,3,1
644462603,6,3,3,2
644462604,7,3,4,3
644462623,7,3,4,1
644462654,11,6,5,4
644462661,10,5,5,4
644462701,5,3,2,3
644462712,8,4,4,2
644462751,13,5,8,4
644462752,32,19,13,13
644462753,43,21,22,18
644462754,184,93,91,94
644462761,51,28,23,18
644462763,181,93,88,70
644462773,8,4,4,2
644462802,1,0,1,1
644462811,1,1,0,1
644462812,1,1,0,1
644462834,4,2,2,2
644462842,3,1,2,2
644462844,2,1,1,1
644462851,84,38,46,39
644462852,287,143,144,132
644462853,23,12,11,10
644462854,27,12,15,12
644462861,65,32,33,26
644462862,9,4,5,4
644462863,8,3,5,4
644462864,6,3,3,2
644462901,13,7,6,5
644462942,6,3,3,2
644462944,5,1,4,2
644462952,6,4,2,5
644462954,17,8,9,6
644462962,2,1,1,1
644462964,4,2,2,1
644462973,4,2,2,1
644463042,6,4,2,3
644463043,7,4,3,2
644463141,2,1,1,2
644463142,2,1,1,2
644463251,55,25,30,26
644463334,22,8,14,4
644463343,5,2,3,1
644463431,5,4,1,1
644463442,4,2,2,1
644463443,4,3,1,2
644463444,2,2,0,2
644463453,20,9,11,3
644463541,11,6,5,2
644463543,1,0,1,1
644463641,2,1,1,1
644463742,14,6,8,3
644463834,1,0,1,1
644463864,6,3,3,2
644463943,4,3,1,1
644463962,2,1,1,1
644463963,3,1,2,1
644464202,33,17,16,17
644464204,34,16,18,18
644464401,14,7,7,7
644464402,7,3,4,3
644464412,3,1,2,3
644464414,15,9,6,9
644464794,2,1,1,1
644464834,11,5,6,3
644464894,2,1,1,1
644464934,3,2,1,1
644464941,2,0,2,1
644465071,5,4,1,1
644465073,6,2,4,1
644465081,4,3,1,1
644465134,18,7,11,5
644465172,4,2,2,1
644465174,3,1,2,1
644465204,10,5,5,3
644465282,5,2,3,1
644465283,3,2,1,1
644465293,7,3,4,2
644465304,5,1,4,2
644465373,5,3,2,1
644465374,6,4,2,1
644465383,6,2,4,1
644465411,11,6,5,2
644465412,5,3,2,1
644465413,2,1,1,1
644465434,3,2,1,1
644465444,3,2,1,1
644465462,13,6,7,3
644465463,2,1,1,1
644465464,2,1,1,1
644465511,3,1,2,1
644465513,4,2,2,1
644465534,3,1,2,1
644465541,5,3,2,1
644465542,4,1,3,1
644465543,24,13,11,11
644465544,9,3,6,2
644465551,5,3,2,1
644465552,12,6,6,4
644465561,6,2,4,1
644465603,3,1,2,1
644465632,14,6,8,2
644465654,14,7,7,4
644465671,14,9,5,4
644465701,3,2,1,1
644465702,1,1,0,1
644465722,4,0,4,2
644465723,5,4,1,1
644465804,2,1,1,1
644465812,7,3,4,1
644465813,4,2,2,1
644465814,3,2,1,1
644465821,2,0,2,1
644465854,2,1,1,1
644465911,2,1,1,1
644465914,14,8,6,3
644465921,3,2,1,1
644465944,4,2,2,1
644467031,9,6,3,2
644467044,3,1,2,1
644467071,3,1,2,1
644467072,3,1,2,2
644467073,14,7,7,4
644467074,4,2,2,1
644467092,16,6,10,3
644467153,9,4,5,2
644467154,11,7,4,3
644467162,3,1,2,1
644467171,4,2,2,2
644467172,3,1,2,1
644467173,9,4,5,3
644467182,1,1,0,1
644467262,6,2,4,2
644467263,1,1,0,1
644467273,6,3,3,1
644467343,3,1,2,1
644467354,5,2,3,1
644467364,3,2,1,1
644467441,6,3,3,1
644467443,1,0,1,1
644467471,7,3,4,1
644467494,4,2,2,1
644467534,5,3,2,3
644467541,2,1,1,1
644467544,2,2,0,1
644467552,3,2,1,1
644467561,7,2,5,2
644467562,7,2,5,1
644467572,1,1,0,1
644467584,7,3,4,2
644467592,3,1,2,1
644467593,3,1,2,1
644467641,6,4,2,1
644467642,3,2,1,2
644467651,8,4,4,1
644467652,3,1,2,1
644467661,5,1,4,1
644467662,5,3,2,1
644467664,10,6,4,4
644467684,5,3,2,2
644467691,7,3,4,1
644467734,4,2,2,1
644467781,13,6,7,2
644467783,12,7,5,2
644467852,2,1,1,1
644467951,19,8,11,3
644470082,2,1,1,1
644470093,7,3,4,3
644470182,2,1,1,1
644470191,5,2,3,2
644470193,2,1,1,1
644470284,5,3,2,2
644470293,2,1,1,1
644470382,2,1,1,1
644470384,7,3,4,3
644470481,2,1,1,1
644470483,5,2,3,2
644470581,2,1,1,1
644471001,9,4,5,2
644471032,2,1,1,1
644471073,4,2,2,2
644471081,4,2,2,1
644471083,12,5,7,5
644471084,19,10,9,7
644471151,2,1,1,1
644471152,1,0,1,1
644471173,1,0,1,1
644471181,3,3,0,3
644471273,1,1,0,1
644471361,9,6,3,3
644471362,1,1,0,1
644471371,2,1,1,1
644471461,10,5,5,3
644471563,1,1,0,1
644471894,3,1,2,1
644472024,3,1,2,1
644472032,3,2,1,1
644472071,2,1,1,1
644472072,2,1,1,1
644472113,4,2,2,1
644472121,4,3,1,2
644472162,6,4,2,3
644472164,8,4,4,3
644472171,1,1,0,1
644472212,4,2,2,2
644472262,1,0,1,1
644472263,211,90,121,9
644472264,10,4,6,3
644472302,28,16,12,8
644472303,1,1,0,1
644472304,6,3,3,1
644472311,1,1,0,1
644472394,33,18,15,18
644472404,1,0,1,1
644472411,1,0,1,1
644472464,4,2,2,2
644472493,16,7,9,4
644472511,6,3,3,1
644472512,3,1,2,1
644472553,3,1,2,2
644472561,9,6,3,4
644472601,2,1,1,1
644472611,10,6,4,2
644472642,10,7,3,3
644472643,1,0,1,1
644472702,6,2,4,1
644472711,3,2,1,1
644472714,2,1,1,1
644472734,3,2,1,1
644472744,5,3,2,2
644472793,2,2,0,2
644472802,8,3,5,1
644472821,3,1,2,1
644472823,1,1,0,1
644472834,7,3,4,2
644472843,4,2,2,2
644472844,3,2,1,2
644472891,3,2,1,2
644473113,1,0,1,1
644473121,9,5,4,3
644473202,4,3,1,1
644473211,7,4,3,1
644473213,6,3,3,1
644473221,3,1,2,1
644473293,18,9,9,4
644473303,6,3,3,3
644473393,8,4,4,4
644473401,4,2,2,1
644473404,2,1,1,1
644473483,4,2,2,1
644473511,4,2,2,1
644473563,2,1,1,1
644473564,8,3,5,3
644473582,6,3,3,1
644473592,8,3,5,2
644473593,4,2,2,2
644473594,4,1,3,2
644473602,2,1,1,1
644473644,9,5,4,3
644473652,4,1,3,1
644473734,6,3,3,1
644473741,5,3,2,1
644473782,9,2,7,2
644473823,7,4,3,2
644473861,9,4,5,3
644473871,5,3,2,1
644473954,2,1,1,1
644473963,1,1,0,1
644473972,3,2,1,1
644473973,4,1,3,1
644473981,3,2,1,1
644473982,15,5,10,8
644473984,3,2,1,1
644474111,4,3,1,1
644474114,8,5,3,1
644474122,2,1,1,1
644474124,2,1,1,1
644474141,24,11,13,6
644474151,1,0,1,1
644474153,3,1,2,1
644474154,1,0,1,1
644474211,5,2,3,1
644474214,5,2,3,1
644474244,2,1,1,1
644474252,7,4,3,1
644474254,6,2,4,2
644474263,2,1,1,1
644474271,5,3,2,2
644474273,2,1,1,1
644474294,5,3,2,1
644474314,5,3,2,1
644474341,11,7,4,2
644474343,10,3,7,3
644474361,8,4,4,3
644474364,7,4,3,2
644474371,2,1,1,1
644474373,1,1,0,1
644474383,10,8,2,6
644474392,4,2,2,1
644474433,4,4,0,1
644474441,3,3,0,1
644474443,4,2,2,1
644474462,5,2,3,2
644474463,5,2,3,1
644474474,47,21,26,20
644474481,174,85,89,83
644474482,18,8,10,11
644474483,418,199,219,178
644474484,55,26,29,25
644474523,6,2,4,1
644474531,2,1,1,1
644474534,4,3,1,1
644474571,60,34,26,28
644474572,83,43,40,35
644474573,8,4,4,2
644474574,348,160,188,158
644474581,729,307,422,322
644474582,177,95,82,74
644474583,229,94,135,95
644474584,232,112,120,105
644474593,3,2,1,1
644474614,9,3,6,2
644474624,2,1,1,1
644474631,8,4,4,1
644474632,2,1,1,1
644474671,38,21,17,23
644474672,617,262,355,253
644474674,167,72,95,56
644474681,175,83,92,69
644474682,428,207,221,187
644474683,310,163,147,143
644474684,166,92,74,79
644474691,33,15,18,17
644474693,57,27,30,22
644474762,3,2,1,2
644474781,202,89,113,95
644474782,16,9,7,4
644474783,14,6,8,8
644474791,4,2,2,2
644474802,2,1,1,1
644474811,2,1,1,1
644474854,5,1,4,2
644474861,8,3,5,1
644474874,4,1,3,2
644474881,3,1,2,1
644474882,4,2,2,2
644474883,3,1,2,1
644474884,10,7,3,8
644474891,1,0,1,1
644474904,6,3,3,2
644474941,8,5,3,2
644474943,4,2,2,2
644474952,5,3,2,2
644474953,4,2,2,1
644474972,3,1,2,1
644474982,2,1,1,1
644474983,1,1,0,1
644475002,6,3,3,1
644475013,2,1,1,1
644475021,6,2,4,2
644475034,3,2,1,1
644475111,3,2,1,2
644475113,5,3,2,3
644475214,8,3,5,3
644475221,3,1,2,1
644475311,4,3,1,1
644475402,3,2,1,1
644476673,2,1,1,2
644476703,3,1,2,1
644476904,4,3,1,1
644476914,3,2,1,1
644476921,3,2,1,1
644476924,6,3,3,1
644476934,6,4,2,1
644476993,7,3,4,2
644477744,8,3,5,2
644477762,4,2,2,1
644477791,6,4,2,2
644477852,5,3,2,1
644477861,2,1,1,1
644477863,1,1,0,1
644477871,4,2,2,1
644477891,8,6,2,2
644477944,4,3,1,1
644477961,5,3,2,1
644540212,13,5,8,4
644540214,112,52,60,37
644540223,1,0,1,1
644540313,91,40,51,29
644540314,25,10,15,7
644540321,13,5,8,6
644540323,127,69,58,43
644540324,6,3,3,1
644540333,3,2,1,2
644540402,9,4,5,2
644540411,121,71,50,39
644540412,4,2,2,1
644540421,33,16,17,8
644540432,8,5,3,2
644540434,6,2,4,1
644540441,68,35,33,17
644540443,48,21,27,10
644540654,6,3,3,2
644540661,7,4,3,2
644540662,87,39,48,24
644540663,81,41,40,25
644540664,64,36,28,19
644540673,9,3,6,4
644540761,21,9,12,10
644540762,69,28,41,26
644540763,6,4,2,2
644540764,10,5,5,3
644540771,2,0,2,2
644540804,2,1,1,1
644540862,10,6,4,3
644540873,66,28,38,18
644540971,26,10,16,8
644540972,41,17,24,12
644540974,61,28,33,20
644540983,86,44,42,32
644540984,89,39,50,31
644540992,95,42,53,41
644540994,110,58,52,42
644541803,13,7,6,4
644541814,35,19,16,10
644541901,338,167,171,135
644541902,69,33,36,26
644541903,181,88,93,78
644541904,345,163,182,124
644541911,3,2,1,1
644541912,36,18,18,12
644541921,73,38,35,19
644541923,5,4,1,1
644550081,96,52,44,37
644550082,328,167,161,141
644550083,35,15,20,15
644550084,172,92,80,69
644550101,2,1,1,1
644550103,4,2,2,2
644550104,2,1,1,1
644550182,2,1,1,1
644550184,1,0,1,1
644550201,10,5,5,2
644550202,6,3,3,1
644550203,1,1,0,1
644550243,3,1,2,1
644550282,6,2,4,3
644550284,2,1,1,1
644550301,3,1,2,2
644550302,4,1,3,1
644550323,9,5,4,2
644550384,35,18,17,11
644550412,7,3,4,2
644550414,1,0,1,1
644550421,7,4,3,2
644550423,59,27,32,24
644550482,42,21,21,12
644550484,77,40,37,24
644550493,6,5,1,2
644550502,7,2,5,1
644550512,50,13,37,1
644550513,2,1,1,1
644550514,205,104,101,85
644550521,55,26,29,18
644550522,16,8,8,8
644550523,184,85,99,87
644550524,186,93,93,81
644550531,9,4,5,4
644550591,42,22,20,13
644550594,5,3,2,2
644550601,6,3,3,1
644550611,11,6,5,5
644550612,53,28,25,23
644550613,15,7,8,4
644550621,151,66,85,87
644550622,97,44,53,44
644550631,7,4,3,1
644550632,2,1,1,1
644550692,6,4,2,2
644550703,6,1,5,2
644550711,9,4,5,3
644550712,3,2,1,2
644550723,2,1,1,1
644550731,2,1,1,1
644550784,6,3,3,2
644550803,11,6,5,2
644550821,2,1,1,1
644550823,3,1,2,2
644550824,4,2,2,1
644550841,6,2,4,2
644550844,4,2,2,1
644550861,6,3,3,2
644550874,26,14,12,10
644550881,25,12,13,8
644550883,213,101,112,100
644550914,6,3,3,2
644550961,5,2,3,2
644550962,11,6,5,4
644550964,4,3,1,3
644550981,67,32,35,24
644550983,3,2,1,1
644551601,4,3,1,2
644551604,2,1,1,1
644551613,3,1,2,1
644551702,6,2,4,1
644551711,9,5,4,3
644551712,7,3,4,1
644551714,3,2,1,2
644551724,4,2,2,2
644551743,21,9,12,8
644551771,28,15,13,6
644551772,2,1,1,1
644551783,11,4,7,3
644551822,2,1,1,1
644551831,49,23,26,18
644551832,6,2,4,1
644551841,3,2,1,1
644551881,15,8,7,5
644551882,24,13,11,7
644551884,4,2,2,1
644551893,4,1,3,3
644552903,2,1,1,1
644552913,12,5,7,2
644560001,13,5,8,2
644560003,5,2,3,1
644560011,4,3,1,1
644560044,1,0,1,1
644560054,3,1,2,1
644560064,2,1,1,1
644560072,2,1,1,1
644560082,4,1,3,1
644560094,5,3,2,2
644560101,18,8,10,4
644560102,7,4,3,2
644560104,14,6,8,2
644560122,5,3,2,2
644560153,12,7,5,4
644560181,3,1,2,2
644560183,5,2,3,1
644560214,9,4,5,2
644560221,4,2,2,1
644560232,7,5,2,1
644560234,2,2,0,1
644560241,2,1,1,1
644560252,5,1,4,1
644560292,15,5,10,3
644560303,2,1,1,1
644560311,6,3,3,1
644560313,6,2,4,1
644560323,5,3,2,2
644560333,7,3,4,2
644560342,12,4,8,2
644560344,11,3,8,1
644560353,4,2,2,2
644560381,3,2,1,1
644560393,12,6,6,3
644560403,3,1,2,1
644560411,8,4,4,2
644560412,2,1,1,1
644560413,8,4,4,2
644560434,13,6,7,4
644560444,1,0,1,1
644560454,3,2,1,1
644560471,3,2,1,1
644560492,22,9,13,3
644560493,2,1,1,1
644560511,4,3,1,1
644560532,5,3,2,2
644560541,6,4,2,2
644560542,4,2,2,2
644560544,3,1,2,1
644560581,10,5,5,2
644560584,4,1,3,1
644560592,6,4,2,2
644560642,5,2,3,1
644560651,5,1,4,1
644560652,6,3,3,1
644560663,1,1,0,1
644560673,11,4,7,2
644560682,4,2,2,1
644560683,3,2,1,1
644560702,3,2,1,1
644560721,1,0,1,1
644560732,1,1,0,1
644560742,6,3,3,1
644560781,3,1,2,1
644560792,7,3,4,2
644560802,6,3,3,1
644560803,2,1,1,1
644560813,2,1,1,1
644560814,5,3,2,1
644560821,4,2,2,1
644560822,5,3,2,1
644560823,1,1,0,1
644560833,7,1,6,2
644560901,9,4,5,2
644560934,4,3,1,1
644560941,5,3,2,3
644560953,5,3,2,1
644560954,6,2,4,3
644560964,3,2,1,1
644560972,10,5,5,3
644560981,5,3,2,2
644560984,1,1,0,1
644560992,3,1,2,1
644561062,11,7,4,3
644561111,4,3,1,1
644561133,8,4,4,1
644561141,13,5,8,2
644561142,2,1,1,1
644561143,3,1,2,2
644561202,7,2,5,2
644561223,1,0,1,1
644561232,3,2,1,1
644561234,3,2,1,1
644561241,10,4,6,3
644561254,1,0,1,1
644561302,2,1,1,1
644561321,12,5,7,2
644561333,5,4,1,1
644561351,25,15,10,13
644561352,41,21,20,20
644561353,13,7,6,5
644561354,15,8,7,6
644561361,3,3,0,1
644561371,1,0,1,1
644561373,7,2,5,2
644561411,3,2,1,1
644561433,13,6,7,3
644561441,7,4,3,2
644561444,10,5,5,3
644561451,10,4,6,4
644561504,13,6,7,3
644561511,2,1,1,1
644561514,3,2,1,1
644561521,3,1,2,1
644561523,8,2,6,1
644561533,5,2,3,1
644561534,8,5,3,2
644561542,4,3,1,1
644561544,10,4,6,3
644561581,3,2,1,1
644561583,3,0,3,1
644561612,9,6,3,3
644561632,5,3,2,1
644561634,1,0,1,1
644561642,3,1,2,2
644561672,3,2,1,1
644561681,5,3,2,2
644561682,4,2,2,1
644561693,2,1,1,1
644561704,2,1,1,1
644561711,4,2,2,1
644561713,3,1,2,1
644561741,6,3,3,5
644561762,2,1,1,1
644561764,1,1,0,1
644561773,11,4,7,3
644561791,5,2,3,1
644561792,48,21,27,21
644561794,60,33,27,15
644561822,16,9,7,3
644561824,2,1,1,1
644561833,1,0,1,1
644561841,3,2,1,1
644561861,3,2,1,1
644561883,4,1,3,1
644561902,5,3,2,1
644561913,3,1,2,2
644561932,7,5,2,2
644561962,2,2,0,1
644561971,2,1,1,1
644561993,6,3,3,2
644561994,10,4,6,4
644562021,4,2,2,2
644562022,1,0,1,1
644562024,3,2,1,1
644562034,7,3,4,2
644562063,11,6,5,3
644562132,2,1,1,1
644562162,1,0,1,1
644562242,6,2,4,2
644562252,6,4,2,1
644562302,3,1,2,1
644562404,2,1,1,1
644562412,3,2,1,1
644562414,9,4,5,2
644562454,3,1,2,1
644562502,6,3,3,1
644562503,5,2,3,1
644562504,6,1,5,1
644562514,8,3,5,2
644562522,2,1,1,1
644562533,7,2,5,1
644562542,2,1,1,1
644562562,4,2,2,1
644562563,2,1,1,1
644562602,9,5,4,2
644562613,3,1,2,1
644562621,2,1,1,1
644562631,7,4,3,2
644562663,10,7,3,2
644562672,6,3,3,2
644562701,33,17,16,12
644562703,146,77,69,72
644562704,35,17,18,18
644562711,5,2,3,1
644562721,7,3,4,2
644562724,7,3,4,2
644562764,4,2,2,2
644562811,18,9,9,4
644562824,3,2,1,2
644562873,2,1,1,1
644562931,3,1,2,2
644562941,9,4,5,2
644562943,4,2,2,2
644562944,4,1,3,2
644562954,7,4,3,3
644562964,1,1,0,1
644562973,2,2,0,2
644562983,1,1,0,1
644563194,14,8,6,4
644563333,4,2,2,1
644563621,4,2,2,1
644563622,1,1,0,1
644563623,5,3,2,1
644563631,3,1,2,2
644563632,21,9,12,11
644563641,8,4,4,3
644563642,3,2,1,1
644563722,2,1,1,1
644563731,1,1,0,1
644563763,4,2,2,2
644563841,2,1,1,1
644563842,2,1,1,1
644564101,135,58,77,51
644564102,16,0,16,16
644564103,115,54,61,35
644564201,54,25,29,21
644564204,10,5,5,4
644564213,21,11,10,6
644564214,6,4,2,2
644564311,53,24,29,13
644564312,27,12,15,13
644564314,48,24,24,14
644564421,32,15,17,6
644564423,64,31,33,13
644564521,10,5,5,3
644564524,3,1,2,1
644564533,12,12,0,12
644564632,9,5,4,2
644564634,136,64,72,31
644564732,74,38,36,20
644564943,7,4,3,3
644570034,4,2,2,1
644570082,10,2,8,2
644570094,4,3,1,1
644570122,20,10,10,4
644570164,22,11,11,3
644570174,5,1,4,2
644570182,3,2,1,1
644570183,4,1,3,4
644570192,5,1,4,1
644570193,4,1,3,1
644570222,4,2,2,1
644570241,12,6,6,2
644570242,2,1,1,1
644570254,7,4,3,1
644570262,6,3,3,1
644570271,7,3,4,3
644570272,44,21,23,19
644570281,2,1,1,1
644570324,11,5,6,3
644570344,6,4,2,2
644570351,2,1,1,1
644570353,3,2,1,1
644570384,2,1,1,1
644570411,4,2,2,1
644570433,2,1,1,1
644570464,3,1,2,1
644570472,10,6,4,1
644570483,3,1,2,1
644570484,10,6,4,3
644570493,5,3,2,1
644570521,7,5,2,2
644570533,5,3,2,1
644570534,5,3,2,1
644570544,2,1,1,1
644570553,4,2,2,1
644570571,4,2,2,1
644570583,13,7,6,3
644570641,2,1,1,1
644570654,1,1,0,1
644570663,1,0,1,1
644570673,6,3,3,1
644570683,2,1,1,1
644570711,8,6,2,3
644570712,1,1,0,1
644570723,2,1,1,1
644570753,3,2,1,1
644570754,6,3,3,1
644570771,8,4,4,2
644570782,6,3,3,2
644570783,6,3,3,1
644570791,6,3,3,1
644570792,15,7,8,3
644570804,5,2,3,1
644570813,3,2,1,1
644570834,6,2,4,1
644570854,5,3,2,1
644570864,3,2,1,1
644570871,2,0,2,1
644570881,3,2,1,1
644570903,3,1,2,1
644570911,4,1,3,1
644570923,7,4,3,4
644570941,5,3,2,1
644570952,4,3,1,1
644570962,4,2,2,1
644571014,7,3,4,2
644571032,12,5,7,2
644571082,1,0,1,1
644571094,3,2,1,3
644571104,7,4,3,1
644571111,3,2,1,1
644571113,4,2,2,1
644571122,4,3,1,1
644571124,2,1,1,1
644571143,6,2,4,1
644571151,2,1,1,1
644571211,4,1,3,1
644571224,5,3,2,1
644571251,4,2,2,1
644571332,8,4,4,1
644571373,5,3,2,2
644571404,5,3,2,1
644571414,8,4,4,2
644571422,4,2,2,1
644571444,8,4,4,2
644571454,7,3,4,2
644571472,6,4,2,2
644571481,4,2,2,2
644571521,3,1,2,1
644571541,34,16,18,6
644571542,7,4,3,2
644571554,6,4,2,2
644571631,18,9,9,5
644571633,11,6,5,5
644571652,2,1,1,1
644571664,2,1,1,1
644571701,9,5,4,4
644571704,4,2,2,2
644571714,3,2,1,1
644571732,2,1,1,1
644571743,1,1,0,1
644571753,10,5,5,4
644571762,2,1,1,1
644571764,4,2,2,1
644571773,2,1,1,1
644571842,1,0,1,1
644571912,5,3,2,2
644571914,5,3,2,1
644571951,3,2,1,2
644571954,1,0,1,1
644571973,6,2,4,4
644572074,1,0,1,1
644572083,3,2,1,1
644572093,9,3,6,2
644572134,14,7,7,4
644572151,2,1,1,1
644572153,7,4,3,1
644572164,1,0,1,1
644572223,5,3,2,1
644572224,8,5,3,1
644572412,3,2,1,1
644572414,7,3,4,1
644572523,3,2,1,1
644572661,22,11,11,7
644572863,53,27,26,13
644572864,139,73,66,35
644573014,14,7,7,4
644573024,4,2,2,1
644573042,1,1,0,1
644573044,5,5,0,2
644573054,25,9,16,5
644573063,30,18,12,8
644573112,7,4,3,3
644573131,3,1,2,1
644573164,7,4,3,2
644573173,10,6,4,3
644573183,26,14,12,6
644573272,36,16,20,11
644573281,33,15,18,8
644573282,18,10,8,3
644573292,6,3,3,2
644573294,15,7,8,6
644574032,11,6,5,2
644574034,3,2,1,1
644574041,47,20,27,14
644574043,41,19,22,11
644574123,8,3,5,1
644574133,16,5,11,6
644574221,6,3,3,3
644574223,4,2,2,1
644574231,32,13,19,10
644574233,8,3,5,2
644574301,78,34,44,26
644574302,6,3,3,3
644574304,25,12,13,8
644574311,5,2,3,2
644574312,2,1,1,1
644574314,4,2,2,2
644574321,3,2,1,2
644574331,14,8,6,3
644574334,16,6,10,6
644574341,1,0,1,1
644574402,22,10,12,6
644574404,4,2,2,1
644574412,5,2,3,1
644574413,4,2,2,2
644574421,3,1,2,1
644574434,4,3,1,2
644574441,2,1,1,1
644574442,3,1,2,1
644574443,1,0,1,1
644574452,31,12,19,13
644574461,32,13,19,12
644574462,109,53,56,47
644574463,33,13,20,18
644574464,138,61,77,67
644574471,31,14,17,8
644574473,134,66,68,53
644574511,11,4,7,4
644574513,7,4,3,2
644574514,115,59,56,34
644574523,1,0,1,1
644574524,6,1,5,1
644574531,5,3,2,2
644574533,5,2,3,1
644574542,3,1,2,1
644574554,13,8,5,3
644574561,1,0,1,1
644574562,150,71,79,55
644574564,130,53,77,2
644574571,1,0,1,1
644574614,3,1,2,1
644574622,5,2,3,1
644574641,2,1,1,1
644574642,6,3,3,2
644574651,1,0,1,1
644574652,3,1,2,1
644574662,9,4,5,4
644574671,44,23,21,17
644574672,12,6,6,5
644574673,20,9,11,9
644574674,10,6,4,3
644574722,11,6,5,5
644574731,19,11,8,6
644574732,6,3,3,2
644574733,3,2,1,1
644574734,58,26,32,16
644574743,40,20,20,15
644574744,70,32,38,31
644574753,427,196,231,179
644574762,9,3,6,4
644574764,43,22,21,15
644574771,42,19,23,15
644574772,97,51,46,38
644574773,26,11,15,8
644574774,241,119,122,99
644574782,36,17,19,11
644574783,153,73,80,52
644574784,3,2,1,2
644574793,4,3,1,1
644574841,32,12,20,12
644574842,449,222,227,178
644574844,242,116,126,108
644574851,683,321,362,253
644574852,9,5,4,8
644574853,366,185,181,164
644574854,173,85,88,78
644574861,106,61,45,48
644574862,329,155,174,109
644574863,550,262,288,218
644574864,466,221,245,207
644574871,454,217,237,172
644574872,625,296,329,254
644574873,700,346,354,307
644574874,809,393,416,347
644574881,285,136,149,108
644574883,743,366,377,357
644574884,100,40,60,47
644574951,168,78,90,69
644574952,1010,422,588,377
644574953,10,5,5,4
644574954,308,145,163,141
644574961,745,377,368,369
644574962,787,366,421,333
644574963,867,418,449,427
644574964,393,217,176,211
644574971,1098,519,579,463
644574972,658,316,342,284
644574973,930,440,490,378
644574974,1188,581,607,559
644574981,265,122,143,99
644574982,103,60,43,51
644574983,601,281,320,241
644574984,27,14,13,15
644574991,22,10,12,7
644575734,34,15,19,7
644575804,1,0,1,1
644575823,25,12,13,8
644575824,69,32,37,16
644575831,63,36,27,12
644575832,74,41,33,18
644575833,7,5,2,3
644575834,6,1,5,1
644575843,5,4,1,3
644575931,9,4,5,2
644575941,6,4,2,3
644575942,1,1,0,1
644575951,40,22,18,12
644575953,36,16,20,10
644575954,96,40,56,24
644575963,12,6,6,5
644575983,13,5,8,2
654003062,2,1,1,2
654003064,87,44,43,36
654003071,4,2,2,2
654003073,1,0,1,1
654003161,26,12,14,9
654003162,86,39,47,40
654003164,32,17,15,11
654003271,2,1,1,1
654003273,73,37,36,35
654003274,16,7,9,9
654003371,23,11,12,9
654003374,34,17,17,20
654003383,5,2,3,2
654003471,5,1,4,1
654003472,58,24,34,26
654003481,37,17,20,18
654004203,40,20,20,21
654004204,8,2,6,5
654004301,37,15,22,22
654103032,7,4,3,3
654103042,7,3,4,2
654103052,5,2,3,2
654103061,10,5,5,6
654103081,3,1,2,2
654103082,18,12,6,8
654103132,4,3,1,2
654103243,32,14,18,19
654103244,2,2,0,2
654103343,7,3,4,4
654103352,12,6,6,4
654103354,3,2,1,1
654103373,10,7,3,4
654103541,50,39,11,3
654103543,6,2,4,4
654103642,3,1,2,2
654103742,81,38,43,39
654103743,29,13,16,16
654103744,273,125,148,128
654103751,26,13,13,14
654103752,4,2,2,2
654103753,152,72,80,65
654103754,3,2,1,1
654103763,3,2,1,2
654103764,4,2,2,3
654103841,26,13,13,8
654103842,195,79,116,58
654103851,1,1,0,1
654103982,2,1,1,1
654103984,15,7,8,5
654104093,3,2,1,2
654104094,7,2,5,2
654104192,9,6,3,3
654104193,4,3,1,1
654104291,9,4,5,2
654104293,7,3,4,1
654104391,4,2,2,1
654104563,6,3,3,3
654105001,15,8,7,4
654105002,40,20,20,13
654105003,8,4,4,3
654105011,7,5,2,6
654105022,30,13,17,10
654105024,100,56,44,26
654105031,158,80,78,64
654105032,165,74,91,76
654105033,126,57,69,54
654105034,338,157,181,157
654105041,7,4,3,4
654105042,53,25,28,20
654105043,37,13,24,8
654105044,29,18,11,9
654105051,19,10,9,9
654105061,2,1,1,1
654105063,9,4,5,2
654105064,22,14,8,6
654105073,14,6,8,5
654105074,7,4,3,3
654105083,4,2,2,1
654105091,3,1,2,1
654105092,1,1,0,1
654105093,10,6,4,3
654105094,7,2,5,2
654105122,1,1,0,1
654105131,117,62,55,55
654105132,173,76,97,81
654105134,14,7,7,5
654105141,103,51,52,39
654105142,1,1,0,1
654105143,49,22,27,25
654105144,96,58,38,59
654105153,4,3,1,4
654105154,718,718,0,5
654105163,373,373,0,5
654105171,12,6,6,4
654105173,7,3,4,2
654105174,23,11,12,5
654105181,3,2,1,1
654105183,23,12,11,5
654105184,13,8,5,5
654105191,11,5,6,2
654105192,5,4,1,2
654105193,9,4,5,2
654105242,73,40,33,35
654105251,129,79,50,64
654105252,1,0,1,1
654105254,1,1,0,1
654105261,40,13,27,6
654105273,1,1,0,1
654105362,4,3,1,2
654105371,4,2,2,1
654105372,1,1,0,1
654105373,2,1,1,1
654105381,9,4,5,5
654105382,19,13,6,9
654105384,6,2,4,2
654105391,9,7,2,3
654105392,4,2,2,1
654105393,33,18,15,13
654105394,10,6,4,4
654105464,9,4,5,3
654105471,4,2,2,1
654105474,13,7,6,3
654105482,1,0,1,1
654105483,11,4,7,6
654105491,60,31,29,32
654105492,18,9,9,7
654105493,15,6,9,3
654105494,77,33,44,33
654105562,6,2,4,2
654105572,15,8,7,4
654105573,15,6,9,5
654105574,4,2,2,1
654105582,17,8,9,6
654105583,4,1,3,2
654105584,7,3,4,2
654105591,11,4,7,3
654105593,12,5,7,5
654105672,20,10,10,6
654105681,6,3,3,2
654105682,10,4,6,2
654105683,2,1,1,1
654105691,5,3,2,2
654105692,3,2,1,2
654105693,7,5,2,2
654105791,12,5,7,3
654106001,2,1,1,2
654106003,31,15,16,9
654106004,15,6,9,3
654106011,5,1,4,1
654106012,14,5,9,4
654106013,1,0,1,1
654106014,9,4,5,3
654106021,2,1,1,1
654106022,7,2,5,2
654106023,18,8,10,6
654106024,14,8,6,5
654106032,9,4,5,2
654106033,16,9,7,4
654106041,14,7,7,4
654106042,18,12,6,3
654106051,15,7,8,7
654106052,16,6,10,5
654106053,2,1,1,1
654106054,2,1,1,1
654106061,22,10,12,8
654106062,14,6,8,6
654106063,4,2,2,2
654106071,24,13,11,8
654106072,90,36,54,39
654106073,12,5,7,6
654106074,76,36,40,29
654106081,708,331,377,316
654106082,812,351,461,301
654106083,780,359,421,338
654106084,714,315,399,323
654106091,478,216,262,229
654106092,687,316,371,273
654106093,220,101,119,89
654106094,723,324,399,310
654106101,16,8,8,5
654106102,27,14,13,7
654106104,13,5,8,4
654106111,2,1,1,1
654106112,3,1,2,2
654106114,15,6,9,5
654106121,3,1,2,1
654106122,7,3,4,3
654106123,10,6,4,2
654106124,15,8,7,3
654106131,1,0,1,1
654106134,5,2,3,2
654106142,4,1,3,1
654106143,2,1,1,1
654106144,3,1,2,1
654106151,2,1,1,1
654106153,15,7,8,4
654106154,13,6,7,4
654106163,15,9,6,4
654106164,8,5,3,3
654106171,5,2,3,2
654106172,10,4,6,5
654106173,7,3,4,2
654106181,290,131,159,139
654106182,193,95,98,77
654106184,3,1,2,1
654106191,48,22,26,18
654106192,163,80,83,68
654106193,48,25,23,19
654106201,3,1,2,2
654106224,11,5,6,3
654106231,11,7,4,3
654106232,7,2,5,2
654106234,1,0,1,1
654106242,20,10,10,5
654106244,5,3,2,2
654106251,7,3,4,2
654106252,5,1,4,1
654106254,12,7,5,3
654106272,13,5,8,3
654106273,12,6,6,2
654106274,5,3,2,1
654106281,10,4,6,3
654106282,3,1,2,2
654106283,7,4,3,2
654106291,31,14,17,10
654106293,37,18,19,13
654106301,7,4,3,1
654106303,5,2,3,3
654106304,2,1,1,1
654106321,7,3,4,3
654106324,2,1,1,1
654106342,4,2,2,1
654106353,13,8,5,3
654106354,2,2,0,1
654106361,5,2,3,1
654106363,12,6,6,3
654106371,1,0,1,1
654106372,18,8,10,4
654106373,16,9,7,5
654106374,12,5,7,4
654106391,20,11,9,7
654106392,22,10,12,6
654106394,38,17,21,13
654106401,10,5,5,3
654106402,7,4,3,2
654106403,14,7,7,3
654106404,13,7,6,3
654106413,3,2,1,1
654106421,33,13,20,6
654106422,7,3,4,3
654106423,11,5,6,2
654106424,26,14,12,8
654106431,19,11,8,6
654106433,5,2,3,2
654106434,30,14,16,7
654106454,23,10,13,4
654106462,8,4,4,2
654106463,4,1,3,1
654106464,17,9,8,4
654106473,13,6,7,4
654106474,10,6,4,2
654106483,6,4,2,2
654106484,1,0,1,1
654106491,1,1,0,1
654106492,105,52,53,53
654106493,26,11,15,12
654106494,127,56,71,54
654106501,7,3,4,3
654106502,21,11,10,6
654106503,5,3,2,2
654106504,2,1,1,1
654106523,4,3,1,1
654106532,3,2,1,1
654106541,8,4,4,3
654106542,9,4,5,3
654106544,5,2,3,2
654106553,13,6,7,2
654106554,34,19,15,12
654106561,2,1,1,1
654106562,5,2,3,3
654106563,6,3,3,2
654106571,15,7,8,3
654106572,17,8,9,6
654106581,18,8,10,5
654106582,2,1,1,2
654106583,2,1,1,1
654106584,4,1,3,1
654106592,19,10,9,8
654106593,4,2,2,2
654106594,7,4,3,5
654106602,3,2,1,1
654106604,6,3,3,1
654106611,2,1,1,1
654106612,3,1,2,1
654106613,6,2,4,4
654106614,11,4,7,6
654106621,17,9,8,5
654106622,2,1,1,1
654106624,20,13,7,5
654106631,3,2,1,2
654106632,3,2,1,2
654106633,8,5,3,2
654106634,2,1,1,1
654106643,12,6,6,5
654106644,10,5,5,3
654106652,12,7,5,5
654106654,2,1,1,1
654106663,17,8,9,4
654106674,3,2,1,1
654106682,3,2,1,1
654106684,10,5,5,2
654106702,2,0,2,1
654106711,2,1,1,1
654106712,20,10,10,5
654106714,14,8,6,3
654106721,6,3,3,2
654106723,66,32,34,37
654106724,16,8,8,5
654106731,4,2,2,1
654106732,2,1,1,1
654106733,5,3,2,2
654106734,2,1,1,1
654106741,12,4,8,2
654106742,5,3,2,2
654106761,7,3,4,2
654106763,1,0,1,1
654106771,12,6,6,4
654106772,2,1,1,1
654106773,6,3,3,1
654106774,16,9,7,4
654106781,4,2,2,1
654106782,6,3,3,3
654106783,2,1,1,1
654106802,6,3,3,2
654106804,1,0,1,1
654106811,8,3,5,2
654106813,1,0,1,1
654106821,28,19,9,20
654106822,17,8,9,8
654106823,3,2,1,1
654106824,6,3,3,3
654106831,3,2,1,1
654106832,4,2,2,2
654106853,6,3,3,2
654106872,7,3,4,3
654106873,9,5,4,2
654106874,2,1,1,1
654106891,2,1,1,1
654106902,4,1,3,2
654106922,3,1,2,1
654106931,11,4,7,3
654106932,1,0,1,1
654106933,3,1,2,1
654106934,7,3,4,3
654106941,7,3,4,4
654106943,4,1,3,2
654106944,9,2,7,4
654106951,3,1,2,1
654106952,3,2,1,1
654106953,11,7,4,3
654106954,4,2,2,2
654106972,14,6,8,4
654106974,3,2,1,1
654106983,21,12,9,7
654107001,387,179,208,162
654107002,233,106,127,100
654107003,179,88,91,78
654107004,268,122,146,105
654107011,79,45,34,49
654107012,300,137,163,146
654107013,194,97,97,90
654107014,35,17,18,18
654107021,98,43,55,53
654107023,4,2,2,3
654107032,19,10,9,8
654107041,2,1,1,1
654107101,5,2,3,2
654107102,16,7,9,8
654107104,3,1,2,1
654107112,2,1,1,1
654107113,3,2,1,1
654107201,5,2,3,3
654107304,4,2,2,3
654107401,12,6,6,4
654107402,5,3,2,2
654107403,7,3,4,1
654107404,7,4,3,2
654107501,2,1,1,1
654107502,14,5,9,4
654107503,15,8,7,5
654107504,14,6,8,5
654107513,1,1,0,1
654107601,18,9,9,7
654107602,107,57,50,47
654107603,15,7,8,7
654107604,4,2,2,3
654107611,182,111,71,20
654107614,4,2,2,2
654107701,19,8,11,7
654107704,3,1,2,2
654107713,5,2,3,2
654107714,30,14,16,7
654107801,30,16,14,11
654107802,12,7,5,6
654107803,8,3,5,2
654107804,13,6,7,4
654107813,17,10,7,6
654107814,13,5,8,3
654107901,28,14,14,11
654107902,40,25,15,22
654107903,91,38,53,37
654107904,68,26,42,29
654107911,14,7,7,4
654107912,28,13,15,9
654107913,7,3,4,3
654107914,4,1,3,1
654107921,8,5,3,5
654107923,14,7,7,6
654107924,8,4,4,3
654113041,4,2,2,2
654113043,10,5,5,4
654113093,4,2,2,1
654113094,15,7,8,4
654113192,8,5,3,4
654113394,1,0,1,1
654113711,12,6,6,5
654113713,6,2,4,2
654113714,13,5,8,9
654114003,2,1,1,2
654114103,5,2,3,2
654114202,7,4,3,3
654114203,13,8,5,5
654114304,11,5,6,2
654114471,2,2,0,2
654116032,11,6,5,4
654116034,10,4,6,5
654116041,42,18,24,14
654116043,2,1,1,1
654116044,26,12,14,12
654116051,2,1,1,1
654116052,6,2,4,3
654116081,4,2,2,2
654116091,11,5,6,4
654116092,51,22,29,20
654116094,41,22,19,12
654116122,1,0,1,1
654116123,5,3,2,1
654116142,18,7,11,6
654116144,41,18,23,18
654116151,154,79,75,90
654116152,26,12,14,10
654116153,125,62,63,59
654116154,241,116,125,98
654116161,6,4,2,2
654116163,4,3,1,2
654116164,9,6,3,4
654116181,6,3,3,2
654116182,18,9,9,8
654116183,8,4,4,2
654116184,3,2,1,2
654116192,25,12,13,7
654116193,1,0,1,1
654116194,4,1,3,1
654116233,3,1,2,2
654116234,3,1,2,2
654116241,7,5,2,3
654116242,5,3,2,2
654116244,4,2,2,2
654116251,117,61,56,48
654116252,294,138,156,129
654116254,16,9,7,7
654116262,19,9,10,5
654116263,8,3,5,2
654116264,9,5,4,4
654116271,6,3,3,2
654116273,4,2,2,1
654116274,7,2,5,1
654116292,3,2,1,1
654116294,4,2,2,1
654116351,2,0,2,1
654116352,19,9,10,5
654116353,5,2,3,3
654116361,16,8,8,4
654116364,20,10,10,6
654116371,6,3,3,3
654116372,13,7,6,4
654116373,7,2,5,2
654116374,3,2,1,2
654116381,6,3,3,1
654116383,2,1,1,1
654116384,5,2,3,2
654116434,4,2,2,2
654116454,5,3,2,2
654116462,59,16,43,8
654116471,26,10,16,11
654116472,5,1,4,2
654116473,95,45,50,48
654116474,11,6,5,3
654116481,11,4,7,2
654116483,16,7,9,5
654116484,10,5,5,4
654116491,3,1,2,1
654116552,5,3,2,2
654116553,7,4,3,2
654116561,19,10,9,6
654116562,15,7,8,5
654116564,14,7,7,6
654116571,4,2,2,1
654116572,16,7,9,6
654116573,11,6,5,3
654116574,6,3,3,1
654116581,10,5,5,4
654116582,2,1,1,1
654116584,8,3,5,4
654116651,26,13,13,13
654116653,5,4,1,4
654116664,8,6,2,5
654116671,10,4,6,3
654116672,18,8,10,5
654116673,11,6,5,4
654116681,7,3,4,2
654116683,7,4,3,2
654116684,8,5,3,3
654116693,11,5,6,3
654116763,2,1,1,2
654116764,4,0,4,4
654116774,4,2,2,2
654116781,12,5,7,3
654116782,13,7,6,4
654116783,16,8,8,5
654116784,4,2,2,2
654116792,3,1,2,1
654116864,5,1,4,1
654116871,15,7,8,4
654116872,10,5,5,4
654116873,19,8,11,6
654116874,19,10,9,6
654116881,9,4,5,3
654116883,8,3,5,2
654116884,3,2,1,2
654116891,17,9,8,4
654116893,2,1,1,1
654116952,4,2,2,2
654116961,3,1,2,1
654116972,19,8,11,5
654116973,1,1,0,1
654116974,5,2,3,3
654116982,16,9,7,7
654116983,31,15,16,10
654116984,165,50,115,35
654116991,16,8,8,4
654116992,5,2,3,2
654116993,21,10,11,9
654116994,9,4,5,2
654117001,701,320,381,333
654117002,442,191,251,190
654117003,267,123,144,106
654117004,607,278,329,250
654117011,87,39,48,46
654117012,41,21,20,18
654117013,173,81,92,85
654117014,173,80,93,92
654117021,11,2,9,6
654117023,158,76,82,71
654117024,4,1,3,2
654117033,2,1,1,2
654117101,41,23,18,13
654117102,770,353,417,291
654117103,13,5,8,5
654117104,515,243,272,226
654117111,182,84,98,87
654117112,312,150,162,136
654117113,272,144,128,134
654117114,15,5,10,4
654117121,103,46,57,44
654117123,7,3,4,4
654117201,6,3,3,3
654117202,43,21,22,13
654117203,14,5,9,4
654117204,11,8,3,3
654117211,36,16,20,12
654117212,9,5,4,4
654117213,14,7,7,5
654117214,3,1,2,2
654117221,8,4,4,3
654117222,35,19,16,13
654117223,6,3,3,2
654117224,2,1,1,1
654117233,6,3,3,2
654117234,57,34,23,2
654117301,10,5,5,3
654117302,7,3,4,2
654117303,10,6,4,3
654117304,18,9,9,6
654117311,16,6,10,6
654117312,3,1,2,1
654117313,16,9,7,6
654117314,2,1,1,1
654117321,1,1,0,1
654117322,8,5,3,3
654117323,17,8,9,7
654117324,15,8,7,5
654117331,22,11,11,12
654117332,55,25,30,33
654117333,4,2,2,1
654117334,6,3,3,2
654117341,1,0,1,1
654117343,8,3,5,3
654117402,20,9,11,7
654117403,2,1,1,1
654117404,1,0,1,1
654117411,7,3,4,3
654117412,27,12,15,11
654117413,51,27,24,22
654117414,17,9,8,8
654117421,14,7,7,3
654117422,2,1,1,1
654117423,12,7,5,4
654117424,6,2,4,2
654117431,17,5,12,4
654117432,12,5,7,4
654117433,6,3,3,3
654117504,14,5,9,6
654117511,169,122,47,108
654117512,46,21,25,19
654117514,4,1,3,2
654117521,51,24,27,21
654117522,4,1,3,2
654117523,218,100,118,108
654117524,18,10,8,8
654117531,4,2,2,2
654117533,23,9,14,11
654117601,14,6,8,6
654117602,17,9,8,7
654117604,5,3,2,3
654117613,10,4,6,4
654117614,500,223,277,219
654117621,155,72,83,64
654117622,4,2,2,2
654117623,399,189,210,187
654117624,23,11,12,10
654117631,12,6,6,4
654117633,26,11,15,11
654117634,24,14,10,8
654117692,1,0,1,1
654117693,100,45,55,43
654117694,258,96,162,72
654117701,10,7,3,2
654117702,12,6,6,5
654117703,17,11,6,5
654117704,5,2,3,2
654117711,16,8,8,6
654117712,994,439,555,477
654117714,26,14,12,12
654117721,564,250,314,258
654117722,132,60,72,51
654117723,757,334,423,313
654117724,535,246,289,227
654117731,9,5,4,3
654117732,15,9,6,7
654117733,728,339,389,331
654117734,554,259,295,234
654117741,2,2,0,2
654117742,8,4,4,4
654117743,54,27,27,27
654117744,7,4,3,4
654117751,114,73,41,2
654117752,20,10,10,8
654117753,7,3,4,4
654117754,129,59,70,68
654117761,109,40,69,60
654117762,145,66,79,81
654117763,684,317,367,309
654117764,220,94,126,117
654117771,187,84,103,97
654117772,120,55,65,54
654117773,340,157,183,183
654117774,286,128,158,137
654117782,29,17,12,19
654117783,300,131,169,142
654117784,317,158,159,165
654117791,157,67,90,64
654117792,27,10,17,22
654117793,119,56,63,57
654117821,433,212,221,226
654117822,525,238,287,256
654117823,438,198,240,240
654117824,558,239,319,234
654117831,409,181,228,176
654117832,661,287,374,290
654117833,320,169,151,136
654117834,73,34,39,33
654117841,19,10,9,7
654117842,19,10,9,6
654117843,9,3,6,4
654117844,12,6,6,5
654117851,3,1,2,2
654117852,4,2,2,3
654117862,40,19,21,12
654117863,3,1,2,2
654117873,6,2,4,2
654117874,10,5,5,2
654117881,237,98,139,114
654117882,103,52,51,49
654117883,169,74,95,79
654117884,84,43,41,47
654117893,14,7,7,3
654117903,19,10,9,5
654117904,29,14,15,5
654117921,323,141,182,132
654117922,607,272,335,306
654117923,372,160,212,191
654117924,541,269,272,286
654117931,402,192,210,165
654117932,213,96,117,89
654117933,62,29,33,25
654117934,360,162,198,157
654117941,20,11,9,7
654117942,11,4,7,3
654117943,198,94,104,83
654117951,5,3,2,2
654117952,12,6,6,6
654117953,8,4,4,5
654117954,127,75,52,6
654117961,1,0,1,1
654117971,2,1,1,1
654117981,62,29,33,28
654117982,54,26,28,24
654117991,513,231,282,240
654117992,37,16,21,18
654117993,164,67,97,87
654117994,290,133,157,128
654122094,2,1,1,1
654122192,18,8,10,9
654123603,66,34,32,30
654123701,38,18,20,21
654123801,4,3,1,1
654123804,18,8,10,8
654123813,1,0,1,1
654123824,2,1,1,1
654123833,10,3,7,4
654123902,121,60,61,56
654123904,27,13,14,9
654123911,24,13,11,13
654123912,5,3,2,2
654123913,61,28,33,33
654123914,26,11,15,11
654123923,34,19,15,10
654123924,2,0,2,2
654123931,14,5,9,6
654123944,3,2,1,1
654123952,1,0,1,1
654123953,9,5,4,5
654123963,2,1,1,2
654125643,4,2,2,2
654125644,2,1,1,1
654125741,6,2,4,4
654125984,6,2,4,1
654126071,11,5,6,4
654126072,4,1,3,3
654126073,8,3,5,4
654126074,6,2,4,1
654126081,17,9,8,6
654126082,46,18,28,18
654126083,17,7,10,4
654126084,21,10,11,9
654126091,17,9,8,6
654126092,13,5,8,4
654126093,11,5,6,4
654126094,6,3,3,2
654126161,5,2,3,2
654126162,12,8,4,2
654126171,9,3,6,3
654126172,3,2,1,2
654126173,6,2,4,1
654126174,2,1,1,1
654126181,10,5,5,3
654126182,15,9,6,4
654126183,14,7,7,5
654126184,4,2,2,2
654126191,9,4,5,3
654126192,6,3,3,3
654126254,5,2,3,3
654126282,16,9,7,5
654126283,2,1,1,2
654126291,13,6,7,3
654126292,7,4,3,1
654126294,13,6,7,5
654126343,4,2,2,1
654126351,2,1,1,1
654126352,3,2,1,2
654126354,10,7,3,2
654126361,6,3,3,3
654126362,2,1,1,1
654126363,8,3,5,4
654126364,8,4,4,2
654126371,9,3,6,2
654126373,10,3,7,4
654126374,9,3,6,3
654126381,3,1,2,2
654126382,15,4,11,6
654126383,5,2,3,1
654126384,3,1,2,1
654126391,9,3,6,2
654126392,2,1,1,1
654126393,11,5,6,5
654126394,5,2,3,2
654126442,2,1,1,1
654126451,1,0,1,1
654126454,6,2,4,2
654126462,6,2,4,3
654126463,19,8,11,5
654126464,5,2,3,2
654126471,17,9,8,4
654126472,77,35,42,29
654126482,1,0,1,1
654126483,8,4,4,3
654126484,6,3,3,3
654126491,18,8,10,6
654126492,5,2,3,2
654126493,10,4,6,4
654126494,13,6,7,3
654126561,2,1,1,1
654126562,8,4,4,3
654126563,7,4,3,2
654126571,22,9,13,6
654126572,14,7,7,6
654126582,6,2,4,2
654126584,15,8,7,5
654126591,16,6,10,6
654126592,126,59,67,50
654126593,123,53,70,39
654126594,496,220,276,182
654126662,2,1,1,1
654126671,1,0,1,1
654126674,5,2,3,1
654126681,16,6,10,7
654126682,46,23,23,18
654126683,29,13,16,10
654126684,9,4,5,4
654126691,64,32,32,18
654126692,222,106,116,79
654126693,2,1,1,1
654126694,106,49,57,38
654126772,11,5,6,4
654126774,16,7,9,4
654126781,1,0,1,1
654126782,7,2,5,4
654126783,6,3,3,1
654126791,6,3,3,1
654126792,8,3,5,4
654126793,11,6,5,4
654126794,8,4,4,2
654126862,25,11,14,5
654126871,5,2,3,3
654126881,5,3,2,2
654126882,13,5,8,5
654126883,2,1,1,1
654126884,11,4,7,4
654126891,15,7,8,7
654126892,87,35,52,35
654126893,24,8,16,8
654126894,5,0,5,2
654126944,9,4,5,3
654126951,14,6,8,3
654126952,7,3,4,2
654126953,12,3,9,4
654126954,2,2,0,1
654126961,4,2,2,2
654126963,3,2,1,1
654126972,20,11,9,7
654126981,4,2,2,2
654126982,6,3,3,2
654126991,12,6,6,4
654126992,2,0,2,1
654126993,13,6,7,4
654126994,10,4,6,4
654127001,14,5,9,4
654127002,13,7,6,4
654127003,12,5,7,4
654127011,3,1,2,1
654127013,13,7,6,5
654127021,12,7,5,4
654127022,199,103,96,102
654127024,173,80,93,90
654127031,49,27,22,25
654127032,65,36,29,26
654127033,12,6,6,5
654127041,70,36,34,22
654127042,2,1,1,1
654127043,14,4,10,8
654127052,7,3,4,5
654127092,22,10,12,10
654127102,12,4,8,3
654127103,20,11,9,6
654127104,19,8,11,7
654127111,7,4,3,2
654127113,10,5,5,4
654127121,54,29,25,23
654127122,515,243,272,210
654127124,691,292,399,297
654127131,82,50,32,24
654127132,7,4,3,3
654127133,216,99,117,99
654127134,46,22,24,15
654127141,1,1,0,1
654127143,2,1,1,1
654127144,5,2,3,3
654127153,3,1,2,2
654127154,13,6,7,5
654127163,15,9,6,4
654127173,6,3,3,3
654127174,1,1,0,1
654127183,4,3,1,1
654127201,5,1,4,1
654127202,20,12,8,5
654127203,4,3,1,1
654127204,20,9,11,4
654127211,7,3,4,3
654127213,6,3,3,3
654127221,3,2,1,1
654127224,7,4,3,4
654127231,25,12,13,9
654127232,19,11,8,7
654127233,17,11,6,9
654127234,39,20,19,21
654127241,6,4,2,4
654127261,10,4,6,4
654127262,12,5,7,4
654127271,7,4,3,2
654127291,2,1,1,1
654127301,15,7,8,4
654127302,13,6,7,2
654127303,11,6,5,3
654127304,7,3,4,4
654127331,40,19,21,12
654127332,613,292,321,278
654127333,173,76,97,57
654127334,226,114,112,89
654127341,74,31,43,39
654127343,266,125,141,123
654127344,10,5,5,5
654127401,21,10,11,4
654127402,5,2,3,2
654127403,5,3,2,2
654127404,33,17,16,15
654127414,15,9,6,4
654127422,10,4,6,3
654127423,175,90,85,55
654127431,167,74,93,62
654127432,268,131,137,111
654127433,432,217,215,173
654127434,292,145,147,116
654127441,302,146,156,126
654127443,43,20,23,18
654127501,592,253,339,137
654127502,327,150,177,137
654127503,474,215,259,213
654127504,458,222,236,206
654127512,269,137,132,86
654127514,111,63,48,56
654127521,1355,645,710,512
654127522,59,29,30,22
654127523,450,213,237,181
654127524,615,272,343,274
654127531,198,104,94,85
654127532,253,116,137,116
654127533,2,1,1,1
654127534,13,6,7,6
654127543,5,2,3,2
654127544,12,5,7,4
654127553,3,2,1,2
654127554,4,2,2,2
654127582,2,1,1,1
654127601,285,123,162,124
654127602,240,118,122,95
654127603,372,177,195,170
654127604,109,49,60,51
654127612,21,10,11,9
654127614,153,69,84,63
654127621,745,336,409,341
654127622,663,308,355,299
654127623,360,178,182,184
654127624,430,190,240,218
654127631,356,167,189,172
654127632,601,290,311,280
654127633,739,331,408,404
654127634,725,337,388,347
654127641,81,41,40,44
654127643,479,220,259,218
654127644,147,70,77,63
654127651,6,2,4,2
654127652,1,1,0,1
654127654,4,1,3,2
654127661,9,5,4,4
654127662,3,2,1,2
654127663,2,1,1,1
654127664,26,11,15,7
654127681,2,1,1,1
654127683,5,3,2,3
654127701,452,204,248,194
654127702,36,15,21,15
654127703,4,2,2,2
654127704,4,1,3,1
654127711,235,104,131,121
654127712,605,282,323,321
654127713,486,247,239,228
654127714,821,391,430,363
654127721,692,309,383,309
654127722,697,325,372,348
654127723,1075,489,586,504
654127724,689,324,365,322
654127731,1055,491,564,546
654127732,831,381,450,422
654127733,1011,464,547,453
654127734,849,421,428,421
654127741,1000,471,529,429
654127742,189,97,92,70
654127743,317,156,161,137
654127744,172,82,90,71
654127751,2,1,1,1
654127753,5,3,2,3
654127754,11,6,5,4
654127763,5,1,4,2
654127764,11,6,5,3
654127773,14,7,7,7
654127774,10,5,5,3
654127782,4,2,2,2
654127783,12,5,7,4
654127784,3,1,2,1
654127791,10,4,6,4
654127793,5,2,3,3
654127794,19,7,12,6
654127801,9,4,5,3
654127802,362,168,194,150
654127803,9,3,6,3
654127804,323,164,159,120
654127811,985,455,530,405
654127812,959,464,495,490
654127813,913,428,485,396
654127814,474,203,271,143
654127821,772,386,386,360
654127822,840,388,452,373
654127823,54,25,29,37
654127824,762,369,393,344
654127831,1075,536,539,376
654127832,1011,484,527,504
654127833,795,362,433,344
654127834,1003,480,523,474
654127841,195,116,79,152
654127842,13,5,8,5
654127843,466,239,227,242
654127844,41,21,20,13
654127852,10,5,5,4
654127853,37,21,16,12
654127854,2,0,2,1
654127861,5,3,2,2
654127862,10,5,5,3
654127863,7,3,4,3
654127864,8,5,3,2
654127871,2,1,1,1
654127872,6,3,3,3
654127873,20,8,12,8
654127874,10,4,6,4
654127881,353,153,200,145
654127883,261,115,146,101
654127884,316,140,176,143
654127891,15,7,8,6
654127892,14,4,10,6
654127894,2,1,1,1
654127902,13,9,4,9
654127911,10,6,4,6
654127913,8,3,5,3
654127914,13,9,4,5
654127921,2,1,1,2
654127922,714,350,364,310
654127923,170,160,10,12
654127924,193,89,104,79
654127931,776,355,421,339
654127932,699,346,353,276
654127933,280,133,147,109
654127934,121,57,64,53
654127941,324,158,166,120
654127942,2,1,1,1
654127943,505,224,281,198
654127944,263,119,144,103
654127951,14,7,7,6
654127952,9,6,3,3
654127953,7,4,3,2
654127954,14,8,6,6
654127961,1,1,0,1
654127962,10,5,5,4
654127963,13,6,7,7
654127971,4,2,2,1
654127972,9,4,5,4
654127973,8,5,3,2
654127974,5,3,2,1
654127981,8,4,4,3
654127982,11,4,7,5
654127984,19,10,9,7
654127991,48,23,25,21
654127992,2,1,1,1
654127993,3,2,1,1
654127994,4,2,2,2
654132493,48,23,25,26
654132494,109,45,64,57
654132591,8,3,5,3
654132683,4,3,1,3
654132781,8,3,5,6
654132783,101,43,58,61
654132881,76,35,41,47
654132882,24,10,14,13
654133004,34,16,18,15
654133011,121,56,65,55
654133013,120,50,70,62
654133032,39,20,19,12
654133041,20,4,16,1
654133042,11,4,7,6
654133044,10,5,5,3
654133051,12,6,6,7
654133052,13,6,7,5
654133064,2,1,1,1
654133142,3,1,2,3
654133144,6,2,4,2
654133171,13,6,7,4
654133172,2,0,2,2
654133182,5,2,3,1
654133202,181,80,101,106
654133204,72,39,33,41
654133211,27,14,13,11
654133213,3,2,1,1
654133301,8,5,3,5
654133303,17,9,8,9
654133403,13,4,9,6
654134113,4,2,2,2
654134114,4,2,2,1
654135081,7,4,3,2
654135082,53,31,22,1
654135084,38,17,21,17
654135091,8,5,3,3
654135092,4,1,3,1
654135093,9,2,7,2
654135094,11,4,7,3
654135141,4,3,1,1
654135173,11,5,6,3
654135174,12,5,7,4
654135181,28,14,14,15
654135182,53,44,9,43
654135183,8,4,4,1
654135271,4,2,2,2
654136002,4,3,1,2
654136003,3,1,2,2
654136012,6,2,4,2
654136013,10,4,6,4
654136021,7,3,4,3
654136022,4,2,2,2
654136031,9,6,3,4
654136032,6,4,2,3
654136042,4,1,3,1
654136084,24,10,14,7
654136091,3,2,1,1
654136092,14,7,7,5
654136093,13,6,7,4
654136094,17,9,8,6
654136174,8,5,3,2
654136181,2,1,1,1
654136182,4,3,1,2
654136183,13,7,6,4
654136184,12,6,6,4
654136191,53,24,29,22
654136192,39,20,19,14
654136193,10,7,3,2
654136194,14,8,6,5
654136241,3,1,2,1
654136273,5,2,3,1
654136281,20,12,8,4
654136282,16,6,10,5
654136283,7,4,3,2
654136284,21,9,12,7
654136291,6,3,3,2
654136292,21,12,9,8
654136293,5,2,3,2
654136294,3,1,2,1
654136381,12,4,8,4
654136382,10,4,6,2
654136384,9,5,4,3
654136391,12,6,6,5
654136392,4,2,2,1
654136393,6,2,4,2
654136481,10,5,5,2
654136482,16,9,7,5
654136494,6,2,4,2
654136591,11,7,4,2
654136592,4,2,2,2
654136593,14,5,9,3
654136594,10,4,6,2
654136691,4,2,2,2
654136692,6,2,4,2
654136693,3,1,2,1
654136694,6,3,3,2
654136782,2,1,1,1
654136791,11,6,5,4
654136792,52,25,27,17
654136793,11,4,7,3
654136794,15,7,8,5
654136884,2,1,1,1
654136891,7,4,3,2
654136892,4,2,2,2
654136894,4,2,2,2
654136934,3,1,2,1
654136963,2,1,1,1
654136971,4,3,1,1
654136974,2,1,1,1
654136982,7,3,4,1
654136991,6,3,3,2
654136992,7,4,3,3
654136993,6,4,2,1
654136994,6,4,2,2
654137003,5,2,3,3
654137011,8,4,4,2
654137012,15,7,8,6
654137013,19,11,8,6
654137022,21,8,13,9
654137031,137,53,84,67
654137032,526,230,296,232
654137033,91,40,51,35
654137034,276,128,148,116
654137041,746,361,385,354
654137042,186,79,107,85
654137043,64,32,32,26
654137044,44,23,21,14
654137051,18,7,11,6
654137052,2,0,2,1
654137053,18,10,8,7
654137054,4,2,2,2
654137061,7,1,6,2
654137062,2,0,2,1
654137082,25,16,9,15
654137101,3,2,1,2
654137122,3,3,0,1
654137131,37,18,19,14
654137132,554,255,299,226
654137133,13,6,7,7
654137134,102,54,48,36
654137141,80,34,46,22
654137142,3,2,1,2
654137143,73,40,33,27
654137144,36,18,18,16
654137151,11,5,6,4
654137152,4,2,2,2
654137154,8,3,5,4
654137161,4,2,2,2
654137192,4,3,1,1
654137201,2,1,1,2
654137203,10,4,6,4
654137222,3,1,2,1
654137231,9,3,6,3
654137232,12,6,6,6
654137233,2,1,1,1
654137234,20,7,13,8
654137241,34,18,16,15
654137242,6,3,3,4
654137243,6,3,3,3
654137244,14,6,8,6
654137251,19,7,12,7
654137253,7,4,3,4
654137254,15,7,8,5
654137263,5,3,2,1
654137303,4,2,2,1
654137314,9,4,5,2
654137321,27,14,13,10
654137322,4,2,2,1
654137323,2,1,1,1
654137324,7,4,3,3
654137332,6,4,2,1
654137333,11,6,5,4
654137334,4,2,2,1
654137341,24,11,13,8
654137342,73,35,38,29
654137343,7,2,5,2
654137344,14,8,6,7
654137351,10,7,3,4
654137352,28,14,14,13
654137353,68,33,35,24
654137354,4,2,2,2
654137361,7,5,2,3
654137362,2,1,1,1
654137363,15,7,8,8
654137364,9,5,4,5
654137371,6,4,2,2
654137372,7,2,5,4
654137373,7,2,5,4
654137374,13,8,5,5
654137383,6,3,3,3
654137401,15,7,8,5
654137403,8,4,4,3
654137412,14,7,7,6
654137421,14,10,4,3
654137422,2,1,1,1
654137423,6,2,4,2
654137424,5,2,3,2
654137431,2,1,1,1
654137432,12,7,5,5
654137433,2,1,1,1
654137434,15,7,8,4
654137441,2,1,1,1
654137442,93,40,53,43
654137443,6,1,5,2
654137444,198,91,107,89
654137451,231,105,126,104
654137452,61,36,25,23
654137453,397,187,210,207
654137454,346,119,227,66
654137461,13,4,9,6
654137462,10,4,6,5
654137463,5,3,2,1
654137471,7,3,4,3
654137472,18,11,7,8
654137473,8,5,3,4
654137474,6,4,2,2
654137483,5,3,2,2
654137501,2,1,1,1
654137502,7,4,3,3
654137503,17,9,8,6
654137504,7,4,3,3
654137513,3,1,2,1
654137522,7,2,5,3
654137531,3,2,1,2
654137532,5,3,2,3
654137534,14,7,7,6
654137541,23,8,15,10
654137542,192,83,109,89
654137543,7,4,3,2
654137544,31,11,20,13
654137551,480,228,252,201
654137552,234,111,123,96
654137553,292,137,155,124
654137554,144,47,97,24
654137561,247,60,187,16
654137562,8,2,6,4
654137563,44,8,36,3
654137564,4,2,2,1
654137581,8,3,5,3
654137582,4,2,2,2
654137583,4,1,3,2
654137584,4,2,2,2
654137602,3,1,2,1
654137603,3,1,2,2
654137604,6,3,3,2
654137611,7,2,5,2
654137612,11,7,4,4
654137613,17,7,10,5
654137614,12,5,7,3
654137621,3,2,1,1
654137623,12,6,6,4
654137632,22,8,14,7
654137634,23,12,11,7
654137641,4,1,3,1
654137642,5,3,2,2
654137643,9,4,5,4
654137644,4,1,3,2
654137651,34,16,18,12
654137652,22,11,11,9
654137653,11,4,7,5
654137654,1,1,0,1
654137661,13,5,8,7
654137662,2,1,1,1
654137663,3,2,1,2
654137664,3,1,2,2
654137671,7,3,4,3
654137672,20,9,11,7
654137673,2,1,1,1
654137681,4,1,3,3
654137682,4,2,2,2
654137684,16,8,8,7
654137693,8,3,5,2
654137702,489,239,250,201
654137703,14,6,8,7
654137704,71,35,36,37
654137711,267,128,139,106
654137712,9,5,4,5
654137713,309,143,166,127
654137714,53,19,34,28
654137721,2,1,1,1
654137723,4,2,2,2
654137733,4,2,2,2
654137734,19,11,8,5
654137741,8,2,6,3
654137742,10,6,4,3
654137751,11,4,7,6
654137752,2,1,1,2
654137761,6,2,4,2
654137763,14,7,7,5
654137764,3,1,2,1
654137773,9,5,4,2
654137774,8,4,4,4
654137781,3,2,1,1
654137784,7,4,3,5
654137793,7,4,3,3
654137794,3,1,2,2
654137801,6,3,3,3
654137802,6,4,2,3
654137803,11,7,4,3
654137804,2,1,1,1
654137811,170,66,104,37
654137812,331,184,147,81
654137813,16,7,9,7
654137814,61,32,29,6
654137821,5,2,3,3
654137823,9,4,5,3
654137824,2,1,1,1
654137841,6,2,4,1
654137842,8,4,4,3
654137843,8,5,3,1
654137844,10,6,4,2
654137852,18,9,9,4
654137853,22,10,12,6
654137854,2,2,0,1
654137861,13,8,5,5
654137863,1,1,0,1
654137864,18,11,7,7
654137871,4,2,2,2
654137872,16,7,9,6
654137873,2,1,1,1
654137874,7,3,4,3
654137881,11,5,6,5
654137882,7,3,4,3
654137883,16,10,6,5
654137884,18,8,10,7
654137891,7,4,3,2
654137892,4,3,1,1
654137894,17,6,11,9
654137901,11,7,4,4
654137902,14,6,8,4
654137903,12,5,7,4
654137911,6,3,3,3
654137912,12,5,7,6
654137913,12,6,6,6
654137914,15,8,7,5
654137921,5,3,2,2
654137922,2,1,1,1
654137923,6,3,3,2
654137924,10,4,6,4
654137941,16,8,8,3
654137942,18,11,7,5
654137951,7,3,4,2
654137952,3,3,0,1
654137953,2,2,0,2
654137954,13,5,8,3
654137961,1,0,1,1
654137962,2,1,1,1
654137963,7,4,3,4
654137972,17,11,6,6
654137982,5,2,3,2
654137983,12,7,5,4
654137984,11,5,6,4
654137991,21,11,10,10
654137992,58,27,31,24
654137993,17,6,11,8
654137994,2,1,1,1
654142081,11,4,7,9
654142273,10,5,5,6
654142562,5,2,3,3
654142871,9,5,4,5
654142873,65,35,30,31
654142971,4,2,2,2
654146042,5,3,2,1
654146051,6,3,3,1
654146052,7,4,3,4
654146063,25,14,11,6
654146064,10,6,4,2
654146073,3,1,2,1
654146091,9,5,4,3
654146094,4,2,2,2
654146184,7,4,3,1
654146192,5,2,3,2
654146193,6,1,5,2
654146194,6,4,2,2
654146282,8,4,4,1
654146291,4,1,3,1
654146292,6,3,3,3
654146293,7,3,4,2
654146294,4,2,2,2
654146392,1,0,1,1
654146482,5,3,2,1
654146484,4,2,2,1
654146491,2,1,1,1
654146492,13,6,7,4
654146543,2,1,1,1
654146544,6,4,2,3
654146551,5,2,3,1
654146552,5,2,3,2
654146553,6,3,3,1
654146554,2,1,1,1
654146563,11,6,5,4
654146581,11,7,4,2
654146582,14,7,7,5
654146634,3,2,1,1
654146641,8,3,5,1
654146643,4,2,2,1
654146661,2,1,1,1
654146662,12,7,5,4
654146674,17,8,9,6
654146683,4,2,2,1
654146694,3,2,1,1
654146732,6,3,3,1
654146772,7,2,5,2
654146781,13,6,7,4
654146782,10,4,6,4
654146791,38,21,17,10
654146792,18,9,9,7
654146794,35,17,18,13
654146864,5,4,1,1
654146873,9,5,4,2
654146874,1,0,1,1
654146884,6,2,4,2
654146891,4,2,2,2
654146892,30,14,16,11
654146893,10,6,4,2
654146904,4,3,1,2
654146913,8,4,4,2
654146954,2,1,1,1
654147001,8,4,4,5
654147002,26,12,14,6
654147003,11,6,5,4
654147004,2,1,1,1
654147011,10,5,5,3
654147012,2,1,1,1
654147013,93,23,70,6
654147014,2,1,1,1
654147021,8,5,3,3
654147022,7,4,3,2
654147023,4,2,2,2
654147024,10,8,2,3
654147034,4,2,2,1
654147043,3,1,2,1
654147052,3,2,1,2
654147053,5,3,2,1
654147064,5,3,2,2
654147081,3,2,1,2
654147082,10,5,5,4
654147083,3,1,2,1
654147084,2,1,1,1
654147091,4,1,3,2
654147092,2,1,1,1
654147093,1,0,1,1
654147101,15,8,7,5
654147102,5,3,2,2
654147103,9,5,4,4
654147111,130,58,72,60
654147112,4,3,1,2
654147113,8,4,4,4
654147114,21,11,10,11
654147121,7,4,3,2
654147132,2,1,1,1
654147134,4,1,3,3
654147141,4,2,2,2
654147142,16,8,8,5
654147143,2,1,1,1
654147144,5,2,3,2
654147151,9,4,5,3
654147152,6,2,4,2
654147153,7,4,3,2
654147161,5,3,2,2
654147162,6,2,4,2
654147163,11,4,7,3
654147164,11,3,8,3
654147171,4,2,2,2
654147173,19,10,9,4
654147174,18,8,10,5
654147182,9,4,5,3
654147191,2,1,1,1
654147203,8,4,4,2
654147204,9,5,4,3
654147211,10,6,4,4
654147212,1,1,0,1
654147213,15,8,7,6
654147214,2,1,1,1
654147232,6,3,3,3
654147241,12,7,5,4
654147242,2,1,1,1
654147244,8,4,4,3
654147251,1,0,1,1
654147253,6,2,4,3
654147254,28,13,15,11
654147261,6,2,4,3
654147262,6,3,3,1
654147263,44,21,23,15
654147264,325,159,166,132
654147271,10,6,4,4
654147272,7,4,3,2
654147273,386,184,202,183
654147274,8,2,6,2
654147281,16,8,8,6
654147282,13,6,7,3
654147284,13,7,6,3
654147291,25,15,10,5
654147293,12,6,6,5
654147294,8,5,3,2
654147302,4,2,2,2
654147303,4,2,2,2
654147304,11,5,6,3
654147311,5,3,2,2
654147312,5,1,4,2
654147314,6,3,3,1
654147321,8,4,4,4
654147322,3,2,1,1
654147323,6,4,2,1
654147324,5,2,3,2
654147332,5,1,4,1
654147333,6,3,3,2
654147341,5,2,3,1
654147342,3,1,2,1
654147343,8,3,5,4
654147344,18,9,9,3
654147351,11,5,6,5
654147352,9,1,8,8
654147353,11,6,5,3
654147354,2,1,1,1
654147361,76,16,60,9
654147362,434,201,233,174
654147363,8,4,4,5
654147364,224,110,114,99
654147371,381,182,199,185
654147372,27,13,14,6
654147373,438,211,227,181
654147374,62,29,33,31
654147381,13,8,5,6
654147382,19,8,11,4
654147383,5,1,4,1
654147384,2,1,1,1
654147391,8,2,6,2
654147392,10,7,3,3
654147393,13,6,7,5
654147394,4,1,3,2
654147401,7,3,4,2
654147412,2,1,1,1
654147414,13,9,4,3
654147421,8,3,5,3
654147422,8,3,5,2
654147423,8,5,3,3
654147424,4,2,2,1
654147433,3,2,1,1
654147434,5,2,3,1
654147441,2,1,1,1
654147442,4,2,2,1
654147443,8,4,4,3
654147444,4,2,2,1
654147451,13,8,5,5
654147452,10,5,5,3
654147453,1,0,1,1
654147454,1,0,1,1
654147461,4,2,2,2
654147462,2,0,2,2
654147463,8,3,5,5
654147464,4,2,2,2
654147471,64,31,33,25
654147472,5,3,2,2
654147473,19,12,7,6
654147474,4,2,2,2
654147481,14,8,6,5
654147482,7,4,3,4
654147483,9,4,5,2
654147484,12,5,7,4
654147491,9,4,5,4
654147492,19,9,10,8
654147493,2,1,1,1
654147494,13,7,6,4
654147502,8,4,4,3
654147504,30,14,16,10
654147511,1,0,1,1
654147513,10,6,4,4
654147514,1,0,1,1
654147524,6,3,3,1
654147531,13,7,6,4
654147532,9,3,6,3
654147533,6,4,2,1
654147534,4,2,2,2
654147542,2,1,1,1
654147543,1,0,1,1
654147544,3,2,1,1
654147552,16,9,7,4
654147553,4,2,2,1
654147554,5,1,4,1
654147562,8,2,6,4
654147563,4,2,2,2
654147571,13,8,5,4
654147573,17,9,8,4
654147581,4,2,2,2
654147582,13,7,6,4
654147583,9,5,4,2
654147584,13,4,9,4
654147591,14,6,8,3
654147592,5,2,3,2
654147593,7,4,3,2
654147594,20,11,9,4
654147604,44,17,27,17
654147613,15,7,8,4
654147623,8,3,5,2
654147632,10,4,6,3
654147634,6,4,2,2
654147643,4,2,2,1
654147644,6,3,3,2
654147654,11,6,5,3
654147662,6,3,3,2
654147663,17,7,10,4
654147673,6,4,2,1
654147674,5,2,3,2
654147682,6,3,3,3
654147684,5,4,1,1
654147691,6,3,3,2
654147692,2,1,1,1
654147693,5,1,4,1
654147694,11,7,4,5
654147701,165,78,87,73
654147702,282,110,172,101
654147703,182,84,98,78
654147704,50,22,28,21
654147711,35,18,17,8
654147712,8,5,3,2
654147714,7,4,3,3
654147721,4,2,2,2
654147722,6,3,3,1
654147723,5,3,2,2
654147732,4,2,2,1
654147733,9,5,4,3
654147734,4,2,2,1
654147741,5,2,3,1
654147742,7,3,4,3
654147744,10,5,5,3
654147763,10,6,4,2
654147771,19,9,10,5
654147772,10,5,5,2
654147774,6,3,3,2
654147782,10,4,6,3
654147783,11,6,5,2
654147784,3,2,1,1
654147791,2,1,1,1
654147792,5,2,3,2
654147801,158,76,82,70
654147802,148,63,85,68
654147803,33,16,17,10
654147811,16,8,8,5
654147812,5,3,2,2
654147813,30,16,14,7
654147814,4,2,2,1
654147821,5,2,3,2
654147823,3,1,2,1
654147831,19,11,8,4
654147832,5,2,3,2
654147833,7,3,4,2
654147834,7,5,2,1
654147843,20,11,9,4
654147844,2,1,1,1
654147851,8,4,4,3
654147853,2,1,1,1
654147854,7,5,2,1
654147863,2,1,1,1
654147864,9,3,6,2
654147871,4,2,2,1
654147872,2,1,1,1
654147873,12,4,8,4
654147874,3,2,1,1
654147881,8,3,5,3
654147882,4,1,3,2
654147883,9,6,3,3
654147884,3,2,1,1
654147891,13,6,7,4
654147892,12,6,6,3
654147893,3,2,1,1
654147894,5,3,2,3
654147901,3,2,1,1
654147903,21,11,10,8
654147904,1,1,0,1
654147911,3,1,2,1
654147913,3,2,1,2
654147923,2,1,1,1
654147931,10,3,7,2
654147941,7,4,3,2
654147943,2,1,1,1
654147944,2,1,1,1
654147951,6,2,4,1
654147952,26,13,13,5
654147954,2,1,1,1
654147961,6,3,3,1
654147962,4,2,2,1
654147971,14,8,6,4
654147974,11,7,4,2
654147981,2,1,1,1
654152072,2,1,1,1
654152081,1,1,0,1
654152294,21,12,9,7
654152392,5,2,3,2
654153983,90,43,47,36
654153994,66,29,37,30
654154923,11,7,4,3
654156002,7,6,1,4
654156092,8,4,4,3
654156094,12,6,6,4
654156163,2,1,1,1
654156164,3,1,2,1
654156182,2,0,2,1
654156184,7,4,3,3
654156194,15,7,8,6
654156251,6,4,2,2
654156282,7,5,2,3
654156283,20,8,12,4
654156284,8,3,5,2
654156291,11,6,5,4
654156292,16,6,10,6
654156293,9,5,4,3
654156294,2,1,1,1
654156381,3,2,1,1
654156382,15,6,9,4
654156383,5,2,3,2
654156472,10,6,4,3
654156474,9,5,4,3
654156481,8,4,4,2
654156483,3,2,1,1
654156564,7,3,4,1
654156571,7,4,3,3
654156572,8,3,5,3
654156573,4,1,3,3
654156574,6,2,4,2
654156581,3,1,2,1
654156583,6,3,3,2
654156662,9,3,6,5
654156664,7,3,4,2
654156671,21,10,11,5
654156672,8,3,5,2
654156673,17,7,10,4
654156674,14,7,7,4
654156762,27,10,17,6
654156764,15,8,7,5
654156771,7,5,2,1
654156772,2,2,0,2
654156773,2,1,1,1
654156781,2,1,1,1
654157001,8,3,5,4
654157003,10,5,5,4
654157011,2,1,1,1
654157013,12,7,5,3
654157021,7,3,4,2
654157022,7,3,4,4
654157023,14,7,7,5
654157031,21,12,9,8
654157032,21,12,9,6
654157044,3,2,1,1
654157053,3,1,2,1
654157062,5,1,4,1
654157064,3,1,2,2
654157071,9,5,4,3
654157072,6,2,4,3
654157073,9,6,3,2
654157074,4,2,2,1
654157081,13,5,8,5
654157082,10,5,5,4
654157083,11,7,4,3
654157084,9,3,6,2
654157091,13,6,7,4
654157093,17,7,10,7
654157101,25,14,11,7
654157103,9,4,5,4
654157104,10,3,7,3
654157111,11,5,6,2
654157113,15,9,6,4
654157114,8,4,4,2
654157121,5,2,3,2
654157123,13,6,7,3
654157124,15,6,9,5
654157131,7,5,2,4
654157132,5,3,2,2
654157133,11,5,6,4
654157134,10,4,6,3
654157141,14,7,7,3
654157142,2,1,1,1
654157143,2,1,1,1
654157144,10,2,8,4
654157151,14,6,8,4
654157152,8,3,5,4
654157153,10,6,4,2
654157154,37,17,20,17
654157161,3,2,1,2
654157162,19,9,10,8
654157163,115,56,59,51
654157164,228,116,112,94
654157171,10,5,5,2
654157172,9,5,4,3
654157173,115,55,60,50
654157174,5,2,3,2
654157182,7,3,4,2
654157184,23,12,11,14
654157201,141,72,69,49
654157202,35,15,20,13
654157203,6,3,3,3
654157204,9,5,4,2
654157211,2,1,1,1
654157213,9,4,5,4
654157222,1,1,0,1
654157231,5,2,3,2
654157232,17,7,10,8
654157233,1,1,0,1
654157234,8,3,5,4
654157241,2,1,1,1
654157242,6,2,4,1
654157243,2,1,1,1
654157251,4,2,2,2
654157253,4,2,2,1
654157254,12,5,7,6
654157261,327,161,166,130
654157262,553,265,288,198
654157263,83,13,70,4
654157264,62,35,27,32
654157271,360,171,189,166
654157272,20,8,12,8
654157273,73,36,37,32
654157274,6,2,4,3
654157304,7,4,3,3
654157312,2,1,1,1
654157313,20,8,12,6
654157314,12,3,9,5
654157324,4,1,3,1
654157332,11,4,7,2
654157344,3,2,1,1
654157351,3,1,2,2
654157352,7,2,5,4
654157353,13,6,7,4
654157354,6,3,3,2
654157361,10,6,4,2
654157362,12,6,6,4
654157363,21,11,10,7
654157364,7,4,3,2
654157371,14,8,6,5
654157372,5,1,4,1
654157373,1,1,0,1
654157374,3,2,1,1
654157412,7,4,3,2
654157422,46,25,21,20
654157424,16,8,8,7
654157433,11,5,6,3
654157434,9,3,6,4
654157441,10,4,6,2
654157442,1,0,1,1
654157451,14,6,8,6
654157452,10,3,7,2
654157453,3,1,2,2
654157454,11,6,5,3
654157461,11,5,6,3
654157462,7,3,4,1
654157463,6,4,2,2
654157464,7,5,2,1
654157471,10,5,5,5
654157483,4,2,2,1
654157514,6,2,4,2
654157521,4,2,2,1
654157522,6,2,4,2
654157523,4,2,2,1
654157524,4,2,2,2
654157533,23,12,11,6
654157534,12,5,7,3
654157541,8,3,5,2
654157542,4,2,2,1
654157544,12,7,5,6
654157552,8,2,6,3
654157562,2,1,1,1
654157563,18,11,7,4
654157564,4,3,1,1
654157571,6,3,3,3
654157581,4,3,1,2
654157582,4,2,2,2
654157583,3,2,1,2
654157584,6,3,3,2
654157593,3,1,2,1
654157614,2,1,1,1
654157621,3,2,1,1
654157622,1,1,0,1
654157623,14,6,8,4
654157624,11,5,6,4
654157631,10,5,5,3
654157632,3,2,1,1
654157633,5,3,2,1
654157634,116,52,64,45
654157641,8,3,5,3
654157642,95,46,49,42
654157643,315,148,167,115
654157644,531,255,276,255
654157651,14,8,6,6
654157653,363,172,191,163
654157654,287,102,185,60
654157662,6,4,2,2
654157663,14,7,7,6
654157671,17,9,8,5
654157673,9,6,3,2
654157694,4,2,2,2
654157721,9,4,5,3
654157723,13,6,7,4
654157724,4,2,2,1
654157731,5,2,3,2
654157732,22,11,11,7
654157733,7,4,3,3
654157734,2,1,1,1
654157741,151,74,77,66
654157742,204,94,110,97
654157743,84,41,43,43
654157744,232,107,125,108
654157751,101,46,55,46
654157752,73,33,40,34
654157753,20,9,11,10
654157754,5,3,2,2
654157761,4,2,2,2
654157762,8,4,4,2
654157763,7,3,4,1
654157764,16,9,7,4
654157771,8,4,4,1
654157772,8,4,4,4
654157773,4,2,2,1
654157774,8,4,4,2
654157781,13,8,5,3
654157783,2,1,1,1
654157784,10,4,6,4
654157791,2,1,1,1
654157792,3,2,1,2
654157793,13,8,5,3
654157794,3,2,1,2
654157821,23,8,15,5
654157823,7,3,4,3
654157824,13,7,6,4
654157831,11,5,6,4
654157832,10,5,5,2
654157833,5,3,2,2
654157842,2,1,1,1
654157852,4,2,2,1
654157853,13,6,7,5
654157871,6,4,2,1
654157881,23,14,9,6
654157882,12,6,6,4
654157884,2,1,1,1
654157892,7,3,4,3
654157893,4,2,2,2
654157894,9,5,4,4
654157922,11,6,5,3
654157923,6,3,3,1
654157924,11,7,4,3
654157972,8,3,5,3
654157981,15,8,7,5
654157982,5,3,2,1
654157983,5,3,2,2
654157984,3,1,2,1
654157991,8,6,2,4
654163081,36,16,20,17
654163082,56,24,32,23
654163091,77,35,42,37
654163092,76,34,42,35
654163094,72,33,39,26
654163192,3,2,1,2
654164003,34,12,22,11
654164004,2,1,1,1
654164012,2,1,1,1
654164014,4,1,3,2
654164021,27,13,14,5
654164023,10,4,6,3
654164024,5,1,4,2
654164041,3,2,1,1
654164101,18,6,12,10
654164103,14,6,8,6
654164104,8,3,5,3
654164112,30,14,16,9
654164113,64,27,37,25
654164114,264,119,145,115
654164121,11,7,4,7
654164123,56,27,29,23
654164124,25,14,11,12
654164141,12,6,6,4
654164143,11,7,4,3
654164151,4,2,2,2
654164152,2,0,2,1
654164154,4,2,2,2
654164161,7,4,3,4
654164162,5,3,2,3
654164163,4,1,3,1
654164171,14,8,6,3
654164172,3,2,1,1
654164174,12,5,7,3
654164201,16,5,11,5
654164202,29,15,14,15
654164211,349,163,186,170
654164212,621,286,335,273
654164213,451,203,248,220
654164214,643,282,361,303
654164221,205,61,144,43
654164222,40,22,18,18
654164223,231,114,117,103
654164231,31,16,15,17
654164232,1,0,1,1
654164234,35,19,16,16
654164241,11,5,6,6
654164243,4,2,2,1
654164244,2,1,1,1
654164252,11,5,6,6
654164253,6,3,3,2
654164254,2,1,1,1
654164272,3,2,1,2
654164274,7,5,2,3
654164283,25,14,11,8
654164284,5,2,3,2
654164291,2,1,1,1
654164292,4,3,1,1
654164293,4,2,2,1
654164311,2,1,1,1
654164312,61,28,33,26
654164332,45,19,26,20
654164341,56,20,36,22
654164342,14,7,7,7
654164351,30,14,16,17
654164352,2,1,1,1
654164353,68,31,37,27
654164354,3,2,1,1
654164372,24,12,12,6
654164374,22,14,8,7
654164381,28,13,15,10
654164451,47,20,27,23
654164452,31,16,15,16
654164461,122,50,72,57
654164464,84,37,47,38
654164472,16,6,10,9
654164473,19,11,8,11
654164562,23,9,14,9
654164564,4,2,2,3
654164571,74,29,45,29
654164573,75,31,44,27
654164672,4,1,3,3
654164683,16,9,7,8
654164781,93,43,50,37
654164782,35,21,14,13
654164783,26,11,15,11
654164784,31,11,20,12
654164882,46,19,27,22
654164884,38,18,20,11
654164893,8,3,5,4
654164991,49,25,24,21
654164993,39,19,20,17
654164994,18,9,9,8
654165201,2,1,1,1
654165383,2,1,1,1
654165392,5,3,2,2
654165393,3,1,2,1
654165482,6,2,4,2
654165484,9,5,4,4
654165491,7,4,3,3
654165493,3,1,2,1
654165494,2,1,1,1
654165574,5,2,3,2
654165582,6,3,3,2
654165584,11,5,6,4
654165671,1,1,0,1
654165672,30,15,15,13
654165673,6,4,2,2
654165674,22,10,12,11
654165681,8,3,5,4
654165682,2,1,1,1
654165683,1,0,1,1
654165684,10,5,5,2
654165762,1,1,0,1
654165771,3,1,2,2
654165852,11,5,6,6
654165943,6,3,3,2
654165944,7,3,4,2
654165951,3,1,2,1
654165954,93,50,43,42
654165961,6,3,3,2
654166104,3,1,2,2
654166111,2,1,1,1
654166112,6,4,2,1
654166114,4,2,2,2
654166133,5,1,4,1
654166202,85,40,45,35
654166204,47,21,26,20
654166211,6,3,3,1
654166213,20,10,10,6
654166221,2,1,1,1
654166222,4,2,2,2
654166231,2,1,1,1
654166241,7,3,4,3
654166242,2,1,1,1
654166252,3,2,1,1
654166301,7,3,4,2
654166302,9,5,4,3
654166371,3,1,2,2
654166412,1,0,1,1
654166413,3,1,2,1
654166612,2,1,1,1
654166621,2,1,1,1
654166624,2,1,1,1
654166841,3,2,1,1
654166844,2,1,1,1
654166952,4,2,2,2
654167012,22,12,10,8
654167013,3,1,2,1
654167023,5,2,3,1
654167061,12,12,0,1
654167081,3,2,1,1
654167082,2,1,1,1
654167092,2,1,1,1
654167094,6,3,3,2
654167103,8,2,6,6
654167104,6,3,3,3
654167111,3,2,1,1
654167113,2,1,1,1
654167132,8,3,5,2
654167182,2,1,1,1
654167183,2,1,1,1
654167201,5,1,4,4
654167202,2,1,1,1
654167211,2,1,1,1
654167213,3,1,2,1
654167251,7,4,3,2
654167312,6,4,2,1
654167314,12,6,6,4
654167412,3,3,0,3
654175001,37,17,20,19
654175003,81,40,41,37
654175004,5,2,3,1
654175014,250,116,134,98
654175023,106,52,54,41
654175032,141,63,78,54
654175033,69,33,36,27
654175034,847,413,434,368
654175041,301,166,135,125
654175042,166,82,84,59
654175043,656,326,330,280
654175044,36,20,16,18
654175051,25,10,15,9
654175052,107,46,61,51
654175054,14,7,7,9
654175061,2,0,2,2
654175063,15,6,9,8
654175102,368,182,186,186
654175104,545,268,277,251
654175111,374,153,221,169
654175112,1109,541,568,507
654175113,1104,522,582,516
654175114,535,247,288,256
654175121,118,57,61,48
654175122,94,45,49,35
654175123,637,292,345,269
654175124,773,348,425,317
654175131,587,364,223,199
654175132,589,332,257,230
654175133,367,211,156,136
654175134,123,76,47,39
654175141,179,83,96,71
654175142,3,1,2,1
654175143,282,147,135,94
654175202,291,145,146,147
654175204,244,117,127,117
654175211,889,452,437,441
654175212,793,364,429,389
654175213,1208,525,683,640
654175214,1026,463,563,480
654175221,1087,519,568,524
654175222,913,415,498,407
654175223,991,466,525,465
654175224,691,340,351,303
654175231,497,231,266,247
654175232,310,169,141,151
654175233,405,188,217,184
654175241,104,32,72,8
654175243,3,2,1,1
654175301,132,51,81,64
654175302,727,332,395,330
654175303,102,37,65,56
654175304,262,119,143,134
654175311,381,183,198,192
654175312,173,87,86,79
654175313,113,48,65,49
654175314,244,117,127,96
654175321,378,161,217,168
654175322,79,43,36,44
654175411,285,125,160,126
654175412,183,81,102,80
654175413,7,3,4,2
654175414,231,107,124,123
654175421,41,20,21,22
654175423,41,15,26,21
654175424,6,2,4,2
654175433,6,3,3,2
654175434,4,2,2,1
654175441,1,0,1,1
654175483,3,2,1,1
654175511,19,6,13,9
654175512,9,4,5,4
654175513,5,1,4,3
654175514,106,50,56,50
654175574,2,1,1,1
654175581,2,1,1,1
654175594,5,2,3,1
654175612,67,24,43,29
654175614,13,6,7,8
654175672,4,2,2,2
654175681,6,4,2,1
654175683,5,1,4,1
654175692,6,3,3,2
654175712,22,8,14,12
654175714,29,15,14,14
654175781,1,0,1,1
654175782,6,3,3,1
654175783,11,7,4,2
654175812,25,9,16,12
654175881,9,5,4,3
654175921,54,24,30,18
654175922,13,4,9,7
654175923,202,98,104,70
654175924,46,24,22,22
654175954,7,4,3,2
654175963,7,5,2,1
654175964,5,3,2,2
654175972,4,2,2,2
654175973,45,19,26,22
654175974,12,5,7,6
654175983,1,1,0,1
654175993,16,6,10,4
654175994,5,3,2,1
654176403,3,1,2,1
654176404,3,1,2,2
654176503,4,1,3,2
654176901,6,2,4,2
654176903,23,9,14,9
654176904,4,3,1,1
654177803,4,3,1,1
654201743,5,3,2,2
654201841,2,1,1,1
654201842,4,2,2,1
654201843,3,2,1,1
654202082,31,19,12,10
654202084,146,53,93,90
654202091,35,19,16,13
654202093,211,111,100,103
654202182,46,23,23,20
654202191,796,349,447,346
654202192,364,168,196,142
654202193,218,104,114,92
654202194,32,15,17,9
654202291,13,7,6,5
654202292,17,17,0,17
654202293,10,6,4,7
654202382,5,2,3,4
654202383,3,1,2,1
654202471,4,0,4,1
654202472,2,1,1,1
654202473,14,8,6,5
654202474,13,6,7,6
654202492,30,16,14,15
654202572,11,5,6,5
654202574,4,2,2,2
654202581,12,5,7,7
654202591,2,1,1,1
654202592,4,2,2,2
654202593,1,0,1,1
654202594,11,7,4,3
654202674,2,1,1,1
654203001,16,8,8,4
654203002,12,6,6,4
654203003,136,64,72,46
654203004,743,359,384,382
654203011,66,29,37,31
654203012,818,389,429,340
654203013,426,223,203,215
654203014,1090,538,552,474
654203021,84,45,39,27
654203022,10,5,5,3
654203023,232,106,126,92
654203024,20,6,14,6
654203031,12,4,8,3
654203032,16,8,8,3
654203033,13,6,7,6
654203034,6,3,3,2
654203041,9,3,6,4
654203042,25,12,13,8
654203043,15,6,9,5
654203083,12,7,5,3
654203084,12,6,6,4
654203101,474,224,250,219
654203102,682,319,363,332
654203103,718,319,399,292
654203104,855,362,493,402
654203111,1049,462,587,504
654203112,778,344,434,376
654203113,596,251,345,237
654203114,1198,585,613,520
654203121,823,388,435,385
654203122,27,11,16,7
654203123,460,209,251,183
654203124,3,2,1,1
654203131,10,4,6,2
654203132,19,8,11,5
654203133,7,3,4,3
654203134,22,11,11,5
654203141,7,3,4,2
654203142,3,1,2,1
654203143,4,2,2,1
654203144,10,5,5,4
654203151,86,45,41,11
654203153,13,7,6,4
654203154,6,2,4,2
654203191,3,2,1,1
654203201,897,452,445,394
654203202,697,351,346,305
654203203,13,8,5,8
654203204,477,239,238,192
654203211,853,385,468,395
654203212,405,188,217,165
654203213,11,4,7,2
654203214,37,13,24,10
654203221,16,7,9,7
654203222,18,9,9,7
654203223,4,2,2,2
654203224,23,11,12,8
654203231,22,12,10,6
654203232,7,2,5,4
654203233,27,14,13,7
654203234,30,14,16,8
654203241,14,7,7,4
654203242,4,1,3,1
654203243,11,6,5,3
654203244,14,7,7,3
654203251,7,3,4,1
654203252,7,4,3,1
654203253,2,1,1,1
654203254,20,8,12,7
654203263,17,7,10,5
654203294,7,4,3,2
654203302,29,12,17,9
654203303,1,0,1,1
654203304,7,1,6,2
654203311,14,8,6,4
654203312,15,9,6,4
654203313,18,10,8,5
654203314,11,7,4,3
654203321,28,12,16,8
654203322,2,1,1,1
654203323,6,4,2,2
654203324,11,5,6,2
654203332,7,3,4,3
654203333,27,13,14,7
654203334,3,2,1,1
654203341,5,2,3,2
654203342,13,7,6,4
654203344,6,3,3,1
654203353,12,6,6,2
654203354,21,13,8,5
654203361,15,8,7,3
654203362,10,4,6,3
654203363,3,1,2,1
654203364,8,4,4,3
654203373,10,5,5,3
654203374,2,1,1,1
654203401,10,6,4,3
654203402,14,8,6,4
654203404,4,2,2,1
654203411,9,5,4,4
654203413,16,10,6,4
654203421,15,8,7,4
654203422,18,8,10,4
654203423,7,2,5,2
654203424,6,3,3,1
654203431,7,3,4,3
654203432,7,3,4,3
654203433,11,5,6,3
654203434,24,12,12,8
654203441,10,5,5,2
654203442,12,5,7,4
654203443,7,3,4,3
654203444,13,8,5,3
654203451,12,4,8,4
654203453,4,1,3,2
654203454,12,6,6,2
654203461,12,5,7,5
654203462,12,6,6,6
654203464,20,10,10,6
654203473,16,9,7,6
654203474,15,10,5,3
654203502,7,4,3,3
654203503,21,9,12,6
654203511,20,10,10,8
654203512,1,0,1,1
654203513,3,1,2,2
654203514,7,4,3,2
654203521,11,6,5,3
654203522,5,3,2,2
654203523,11,6,5,4
654203524,17,9,8,6
654203531,8,2,6,2
654203532,14,8,6,6
654203533,18,10,8,5
654203534,8,5,3,3
654203541,14,7,7,4
654203542,10,6,4,4
654203543,12,7,5,4
654203544,6,3,3,2
654203551,14,7,7,4
654203552,10,5,5,3
654203553,4,2,2,2
654203554,15,8,7,5
654203561,8,4,4,4
654203562,16,8,8,6
654203563,5,2,3,2
654203564,4,2,2,2
654203571,6,2,4,3
654203572,2,1,1,1
654203573,14,8,6,5
654203574,3,1,2,2
654203583,1,1,0,1
654203594,3,1,2,1
654203601,6,3,3,2
654203603,2,1,1,1
654203604,2,1,1,1
654203611,12,8,4,4
654203612,8,4,4,3
654203613,8,7,1,4
654203614,13,6,7,2
654203621,2,1,1,1
654203622,5,2,3,3
654203623,15,8,7,5
654203624,11,3,8,2
654203631,23,8,15,6
654203633,25,11,14,7
654203634,16,9,7,6
654203641,4,2,2,2
654203642,24,10,14,7
654203643,4,2,2,1
654203644,12,5,7,4
654203651,22,9,13,5
654203652,15,4,11,4
654203653,5,2,3,1
654203654,1,0,1,1
654203663,13,9,4,3
654203664,28,12,16,7
654203671,25,10,15,5
654203672,22,12,10,5
654203673,4,2,2,1
654203674,26,10,16,5
654203681,5,3,2,1
654203683,23,11,12,5
654203711,17,8,9,7
654203712,13,6,7,8
654203713,4,1,3,3
654203714,14,9,5,6
654203721,3,1,2,1
654203722,14,4,10,3
654203723,11,4,7,4
654203724,33,16,17,14
654203731,12,7,5,3
654203732,20,11,9,7
654203733,110,54,56,50
654203734,232,112,120,79
654203742,6,3,3,1
654203743,22,8,14,7
654203744,9,4,5,3
654203751,19,10,9,5
654203752,18,9,9,7
654203753,16,5,11,5
654203754,12,6,6,4
654203761,12,5,7,4
654203762,11,6,5,3
654203763,10,5,5,2
654203764,11,5,6,3
654203771,29,18,11,7
654203772,10,4,6,3
654203773,15,8,7,4
654203774,12,6,6,4
654203781,7,4,3,2
654203782,23,13,10,4
654203783,8,4,4,2
654203784,4,2,2,2
654203791,2,1,1,1
654203811,5,1,4,1
654203812,11,5,6,5
654203813,1,0,1,1
654203814,26,14,12,8
654203821,1,0,1,1
654203823,7,3,4,2
654203831,110,52,58,44
654203832,599,272,327,235
654203833,137,63,74,59
654203834,532,255,277,230
654203841,99,35,64,25
654203842,7,2,5,3
654203843,318,144,174,135
654203844,2,1,1,1
654203851,12,5,7,4
654203852,11,4,7,4
654203853,12,5,7,3
654203854,10,4,6,4
654203861,2,1,1,1
654203862,17,8,9,6
654203863,6,3,3,2
654203864,14,9,5,4
654203871,6,1,5,3
654203872,13,8,5,5
654203873,27,14,13,8
654203874,2,1,1,1
654203881,12,6,6,5
654203882,8,4,4,1
654203883,4,2,2,1
654203884,61,27,34,27
654203891,13,6,7,4
654203892,17,9,8,4
654203893,23,11,12,8
654203894,5,2,3,1
654203903,9,3,6,2
654203912,15,6,9,4
654203914,4,2,2,2
654203923,8,4,4,2
654203931,17,6,11,8
654203932,331,154,177,155
654203933,4,2,2,2
654203934,78,33,45,35
654203941,326,154,172,130
654203942,30,14,16,8
654203943,82,42,40,27
654203944,27,15,12,8
654203951,8,3,5,3
654203952,11,5,6,3
654203953,2,1,1,1
654203954,10,6,4,4
654203961,12,5,7,4
654203962,7,4,3,2
654203963,12,6,6,5
654203964,10,5,5,4
654203971,1,0,1,1
654203972,11,3,8,3
654203973,10,6,4,3
654203974,16,9,7,3
654203981,11,6,5,3
654203982,36,21,15,16
654203983,16,8,8,4
654203984,12,6,6,3
654203991,13,5,8,5
654203992,3,1,2,1
654203993,11,4,7,3
654204002,4,2,2,1
654204011,15,7,8,4
654204012,28,14,14,12
654204013,12,5,7,4
654204014,1,1,0,1
654204021,8,4,4,1
654204023,1,1,0,1
654204102,16,7,9,3
654204104,28,12,16,6
654204112,12,7,5,3
654204114,6,3,3,1
654204121,5,3,2,1
654204202,5,2,3,1
654204203,11,6,5,5
654204204,2,1,1,1
654204212,3,1,2,1
654204213,4,2,2,2
654204214,15,7,8,3
654204221,3,1,2,1
654204223,1,0,1,1
654204311,2,1,1,2
654204321,9,5,4,2
654204401,9,3,6,2
654204402,4,2,2,1
654204412,18,9,9,4
654204423,14,7,7,4
654204504,7,3,4,2
654204604,19,11,8,5
654204611,3,2,1,2
654204612,45,22,23,8
654204801,2,1,1,1
654204802,2,1,1,1
654204803,15,8,7,5
654204804,6,2,4,1
654204811,1,1,0,1
654204813,2,1,1,1
654204814,6,4,2,3
654204901,7,4,3,1
654204902,5,2,3,2
654204912,6,3,3,1
654204913,3,2,1,1
654204914,2,1,1,1
654204923,3,2,1,2
654204924,3,2,1,1
654205913,7,3,4,1
654206794,15,8,7,6
654207052,9,5,4,4
654207062,2,2,0,2
654207152,6,3,3,2
654207243,1,1,0,1
654207244,1,1,0,1
654207414,3,3,0,3
654207513,5,2,3,3
654207603,9,3,6,3
654207604,3,3,0,3
654207611,3,2,1,3
654210603,19,10,9,12
654210604,121,57,64,59
654210702,22,9,13,11
654210903,123,64,59,81
654210904,9,3,6,5
654211032,4,2,2,1
654211033,9,4,5,4
654211034,5,2,3,2
654211124,7,4,3,2
654211133,5,3,2,2
654211222,3,1,2,2
654211224,3,1,2,2
654211231,13,7,6,7
654211322,7,4,3,3
654211324,34,19,15,17
654211422,179,89,90,98
654211424,3,0,3,3
654211431,2,1,1,1
654211433,2,1,1,1
654211531,17,6,11,10
654211533,4,3,1,3
654211582,4,2,2,2
654211583,3,2,1,2
654211584,8,5,3,5
654211592,1,1,0,1
654211593,2,1,1,1
654211594,6,3,3,2
654211632,1,0,1,1
654211643,13,6,7,7
654211672,2,1,1,1
654211673,2,1,1,1
654211674,8,4,4,4
654211681,16,8,8,5
654211683,8,5,3,2
654211684,7,3,4,2
654211691,1,1,0,1
654211692,5,2,3,2
654211693,15,7,8,7
654211731,8,4,4,4
654211732,12,7,5,3
654211733,2,1,1,1
654211734,114,57,57,72
654211743,16,9,7,9
654211753,2,1,1,1
654211762,2,2,0,1
654211763,2,2,0,2
654211764,14,8,6,7
654211771,5,2,3,2
654211772,3,1,2,2
654211773,11,6,5,4
654211774,38,16,22,12
654211781,9,3,6,4
654211782,11,5,6,5
654211783,11,6,5,5
654211784,8,3,5,4
654211791,10,6,4,4
654211793,8,4,4,4
654211794,10,5,5,4
654211832,292,137,155,167
654211834,107,41,66,61
654211841,104,46,58,60
654211842,4,2,2,3
654211843,5,1,4,5
654211844,12,5,7,4
654211851,8,3,5,3
654211852,1,1,0,1
654211854,13,6,7,4
654211861,29,17,12,14
654211862,21,7,14,9
654211863,133,63,70,60
654211864,251,111,140,113
654211871,262,121,141,130
654211872,22,12,10,13
654211873,261,110,151,139
654211874,13,7,6,5
654211882,4,1,3,1
654211883,5,2,3,3
654211891,15,5,10,5
654211932,1,1,0,1
654211934,10,5,5,2
654211942,46,40,6,5
654211943,5,2,3,3
654211944,7,3,4,3
654211951,122,59,63,50
654211952,382,174,208,160
654211953,352,163,189,146
654211954,593,267,326,279
654211961,89,40,49,46
654211962,360,161,199,156
654211963,230,108,122,102
654211964,60,26,34,35
654211971,82,45,37,31
654211972,41,22,19,14
654211982,5,2,3,2
654211984,9,5,4,3
654211991,2,0,2,1
654212092,18,10,8,6
654212413,5,3,2,2
654212503,1,1,0,1
654212504,6,3,3,2
654212511,9,5,4,4
654212512,3,2,1,1
654212513,15,8,7,5
654212514,5,2,3,1
654212601,14,7,7,3
654212602,6,3,3,2
654212603,10,6,4,4
654212604,121,57,64,56
654212611,11,6,5,5
654212613,34,13,21,16
654212701,3,1,2,1
654212702,21,10,11,9
654212703,12,6,6,3
654212704,1,0,1,1
654212813,2,0,2,2
654213001,12,6,6,4
654213003,4,2,2,1
654213012,13,8,5,3
654213021,12,5,7,4
654213023,4,2,2,2
654213031,7,3,4,2
654213032,6,3,3,3
654213033,6,2,4,2
654213034,6,4,2,2
654213041,12,5,7,5
654213042,31,17,14,9
654213043,1,1,0,1
654213044,18,10,8,7
654213051,15,9,6,6
654213052,2,1,1,1
654213053,22,12,10,6
654213054,3,1,2,1
654213061,3,1,2,2
654213062,8,4,4,3
654213063,21,10,11,7
654213064,15,6,9,4
654213071,7,3,4,3
654213072,12,6,6,5
654213073,5,2,3,3
654213074,4,2,2,1
654213081,20,10,10,6
654213082,7,4,3,3
654213083,4,2,2,2
654213084,5,3,2,1
654213092,2,1,1,1
654213093,10,4,6,2
654213121,5,3,2,1
654213124,13,6,7,4
654213131,5,3,2,1
654213132,5,2,3,1
654213141,4,1,3,2
654213144,17,10,7,6
654213151,9,4,5,3
654213152,78,35,43,29
654213153,15,8,7,6
654213154,10,4,6,4
654213161,13,6,7,5
654213162,15,6,9,4
654213163,2,1,1,1
654213164,4,2,2,2
654213171,12,5,7,4
654213172,15,7,8,4
654213173,6,4,2,2
654213174,13,5,8,5
654213181,11,4,7,3
654213182,14,9,5,3
654213183,26,10,16,7
654213184,8,3,5,3
654213191,9,6,3,3
654213193,4,1,3,1
654213203,2,1,1,1
654213204,9,4,5,2
654213222,4,3,1,1
654213224,8,4,4,5
654213234,8,4,4,2
654213242,8,4,4,4
654213243,3,1,2,1
654213244,4,2,2,1
654213251,9,3,6,2
654213252,13,7,6,5
654213253,11,5,6,4
654213254,10,6,4,5
654213261,14,7,7,6
654213262,6,3,3,4
654213263,2,1,1,2
654213264,17,8,9,6
654213271,6,3,3,3
654213272,1,0,1,1
654213273,16,7,9,5
654213274,14,7,7,4
654213281,16,6,10,4
654213282,3,1,2,1
654213283,13,6,7,4
654213284,38,15,23,10
654213293,2,1,1,1
654213294,3,3,0,1
654213313,2,1,1,1
654213322,2,1,1,1
654213331,4,2,2,2
654213333,10,4,6,4
654213334,4,3,1,1
654213342,34,18,16,10
654213351,5,2,3,3
654213352,12,4,8,4
654213353,5,2,3,1
654213361,15,7,8,5
654213362,11,6,5,5
654213363,19,12,7,6
654213372,3,3,0,1
654213373,182,167,15,14
654213374,183,153,30,23
654213381,25,11,14,8
654213382,5,3,2,1
654213383,155,75,80,62
654213384,10,6,4,4
654213393,1,1,0,1
654213394,6,1,5,2
654213432,9,3,6,2
654213441,4,3,1,1
654213442,7,4,3,1
654213443,2,0,2,1
654213444,4,2,2,1
654213451,7,3,4,2
654213452,5,3,2,1
654213453,4,2,2,1
654213454,9,6,3,2
654213461,5,2,3,1
654213462,15,8,7,6
654213463,8,3,5,2
654213464,122,62,60,43
654213471,281,195,86,79
654213472,627,363,264,207
654213473,640,289,351,264
654213474,723,342,381,297
654213481,240,121,119,92
654213482,43,25,18,17
654213483,977,483,494,415
654213484,199,95,104,77
654213491,14,7,7,4
654213492,26,11,15,8
654213493,4,3,1,2
654213533,3,2,1,1
654213534,8,4,4,2
654213541,10,4,6,2
654213542,15,5,10,3
654213544,18,8,10,5
654213551,21,9,12,6
654213553,2,1,1,1
654213561,72,22,50,9
654213562,193,92,101,80
654213563,12,6,6,3
654213564,335,154,181,153
654213571,408,173,235,173
654213572,832,390,442,366
654213573,361,164,197,144
654213574,771,371,400,311
654213581,621,303,318,268
654213582,324,156,168,123
654213583,108,60,48,47
654213584,3,1,2,1
654213591,9,2,7,2
654213632,2,1,1,1
654213633,13,7,6,3
654213634,9,3,6,2
654213641,4,2,2,1
654213642,5,2,3,1
654213651,8,3,5,2
654213652,1,0,1,1
654213661,14,8,6,8
654213662,353,151,202,161
654213663,2,1,1,1
654213664,32,19,13,15
654213671,549,257,292,223
654213672,72,39,33,27
654213673,141,72,69,51
654213674,24,12,12,6
654213681,18,10,8,6
654213682,7,4,3,3
654213683,14,6,8,6
654213744,11,6,5,2
654213751,1,0,1,1
654213752,6,4,2,3
654213754,2,1,1,1
654213761,6,3,3,2
654213762,13,7,6,5
654213763,2,1,1,1
654213764,19,9,10,8
654213771,39,18,21,18
654213772,9,5,4,4
654213773,16,8,8,5
654213774,5,2,3,1
654213781,10,4,6,3
654213782,6,3,3,3
654213843,3,2,1,1
654213852,21,10,11,8
654213853,8,3,5,4
654213854,3,1,2,1
654213861,1,1,0,1
654213862,12,6,6,5
654213863,11,5,6,6
654213864,5,3,2,2
654213871,16,6,10,4
654213872,10,3,7,4
654213873,4,2,2,3
654213881,4,2,2,1
654213883,13,7,6,4
654213884,12,7,5,4
654213893,3,1,2,1
654213894,7,4,3,2
654213932,3,1,2,1
654213934,3,1,2,1
654213941,9,4,5,3
654213942,3,1,2,1
654213943,5,3,2,1
654213961,5,2,3,3
654213962,12,6,6,5
654213964,1,0,1,1
654213971,18,10,8,4
654213972,10,5,5,3
654213974,7,4,3,2
654213981,6,3,3,2
654213992,1,0,1,1
654214021,4,1,3,1
654214334,5,3,2,1
654214401,2,1,1,1
654214404,2,1,1,1
654214411,5,3,2,2
654214414,21,9,12,7
654214421,4,2,2,2
654214422,11,6,5,3
654214423,6,4,2,3
654214433,3,2,1,2
654214501,4,2,2,1
654214531,14,7,7,6
654214803,14,6,8,2
654214854,4,3,1,1
654214863,16,7,9,4
654214901,3,1,2,1
654214904,3,1,2,1
654214952,8,4,4,1
654214983,38,18,20,25
654215002,2,1,1,1
654217501,12,8,4,12
654220001,248,76,172,80
654220002,221,105,116,108
654220004,10,5,5,5
654220011,3,1,2,2
654220013,254,114,140,91
654220014,117,54,63,61
654220023,45,13,32,25
654220112,135,35,100,18
654220121,65,35,30,34
654220123,50,19,31,27
654220211,1,1,0,1
654220212,73,34,39,36
654220214,4,3,1,1
654220221,231,107,124,124
654220222,21,9,12,11
654220223,49,20,29,23
654220224,208,94,114,89
654220231,182,91,91,79
654220232,154,73,81,80
654220233,222,105,117,104
654220234,251,118,133,100
654220243,86,36,50,41
654220244,112,56,56,60
654220322,5,3,2,4
654220331,48,23,25,22
654220332,20,8,12,10
654220342,17,7,10,10
654220364,2,1,1,1
654220444,19,11,8,7
654220453,209,98,111,87
654220454,24,10,14,11
654220461,97,51,46,40
654220462,402,175,227,170
654220463,276,118,158,124
654220464,523,215,308,256
654220471,61,27,34,29
654220472,20,8,12,10
654220473,208,93,115,104
654220474,12,6,6,4
654220481,12,6,6,9
654220482,5,2,3,4
654220483,12,6,6,4
654220484,64,29,35,27
654220491,2,1,1,1
654220492,6,3,3,3
654220493,269,112,157,120
654220494,154,70,84,70
654220542,33,18,15,13
654220544,289,137,152,163
654220551,231,109,122,115
654220552,7,4,3,3
654220553,558,253,305,301
654220561,219,101,118,96
654220562,262,158,104,35
654220564,26,12,14,13
654220571,11,5,6,7
654220572,17,6,11,6
654220581,9,5,4,3
654220582,67,30,37,30
654220584,4,2,2,1
654220591,295,129,166,149
654220592,543,245,298,59
654220593,14,5,9,3
654220594,16,6,10,5
654220622,2,1,1,1
654220624,341,145,196,132
654220633,276,129,147,126
654220634,431,223,208,173
654220641,178,88,90,76
654220642,171,80,91,95
654220643,432,187,245,172
654220644,18,9,9,8
654220651,247,120,127,147
654220661,2,1,1,1
654220663,2,1,1,1
654220703,3,2,1,1
654220721,86,37,49,34
654220722,267,119,148,108
654220723,187,83,104,92
654220724,660,304,356,322
654220731,238,122,116,105
654220732,252,117,135,108
654220733,369,162,207,164
654220734,848,364,484,376
654220741,58,23,35,37
654220742,58,28,30,36
654220743,225,92,133,126
654220744,7,4,3,3
654220751,2,1,1,1
654220761,4,2,2,2
654220763,1,0,1,1
654220801,3,1,2,1
654220802,2,0,2,2
654220803,7,3,4,3
654220804,4,3,1,1
654220812,1,0,1,1
654220813,6,3,3,2
654220814,5,3,2,2
654220821,95,49,46,28
654220822,288,132,156,152
654220823,10,4,6,3
654220824,5,2,3,1
654220831,330,153,177,172
654220832,266,118,148,120
654220833,325,148,177,165
654220834,96,44,52,45
654220841,56,26,30,26
654220842,2,1,1,1
654220843,4,2,2,2
654220844,2,1,1,1
654220901,22,10,12,8
654220902,1,0,1,1
654220903,6,3,3,3
654220904,22,9,13,10
654220911,6,3,3,3
654220912,1,0,1,1
654220913,48,17,31,21
654220914,28,11,17,11
654220921,20,10,10,7
654220922,63,17,46,6
654220923,38,18,20,17
654220924,27,14,13,10
654220931,69,31,38,28
654220932,18,7,11,8
654220934,1,0,1,1
654220942,4,2,2,2
654221051,8,4,4,3
654221052,217,105,112,100
654221053,20,10,10,8
654221054,21,10,11,11
654221061,99,46,53,50
654221062,5,3,2,1
654221063,17,8,9,7
654221073,1,0,1,1
654221074,2,1,1,1
654221081,1,0,1,1
654221094,3,1,2,2
654221142,36,17,19,15
654221143,102,54,48,46
654221144,293,128,165,135
654221151,659,292,367,314
654221152,126,68,58,62
654221153,658,301,357,298
654221154,321,134,187,178
654221163,15,5,10,6
654221172,2,1,1,1
654221173,12,6,6,5
654221212,2,1,1,1
654221232,5,2,3,2
654221234,46,21,25,34
654221241,551,256,295,251
654221242,765,353,412,367
654221243,568,257,311,253
654221244,827,350,477,361
654221251,578,272,306,281
654221252,259,93,166,89
654221253,344,161,183,171
654221254,243,104,139,23
654221262,27,11,16,9
654221263,41,20,21,20
654221264,10,5,5,4
654221271,4,3,1,3
654221272,7,4,3,3
654221323,2,1,1,1
654221324,6,4,2,1
654221331,15,8,7,7
654221332,677,292,385,310
654221333,65,37,28,28
654221334,506,228,278,279
654221341,848,373,475,355
654221342,682,317,365,320
654221343,600,283,317,280
654221344,122,51,71,55
654221351,240,117,123,105
654221352,121,30,91,9
654221353,15,8,7,6
654221361,4,2,2,2
654221403,37,16,21,14
654221404,16,8,8,8
654221413,6,3,3,3
654221414,14,7,7,3
654221422,2,1,1,1
654221423,39,12,27,9
654221424,6,3,3,2
654221432,7,3,4,4
654221433,33,19,14,11
654221434,3,1,2,1
654221501,156,69,87,73
654221502,22,10,12,7
654221504,30,17,13,8
654221511,9,4,5,3
654221512,5,3,2,1
654221513,5,2,3,2
654221514,24,12,12,13
654221521,43,20,23,22
654221522,83,39,44,32
654221523,18,7,11,6
654221524,12,7,5,4
654221533,51,26,25,19
654221534,3,2,1,1
654221591,17,7,10,10
654221612,5,3,2,2
654221641,18,11,7,4
654221744,7,4,3,3
654221753,3,2,1,1
654221842,1,0,1,1
654221844,1,1,0,1
654221851,6,2,4,2
654221852,3,1,2,1
654221853,2,1,1,1
654221873,7,4,3,3
654221932,2,1,1,1
654221951,5,2,3,2
654221953,13,6,7,5
654221954,13,5,8,3
654221964,3,2,1,2
654221972,12,6,6,4
654221973,2,1,1,1
654221983,4,2,2,1
654223034,3,2,1,1
654223041,8,5,3,5
654223043,12,6,6,3
654223061,3,1,2,1
654223062,2,1,1,1
654223071,4,2,2,1
654223073,2,1,1,1
654223081,2,1,1,1
654223111,3,1,2,2
654223113,5,2,3,1
654223131,3,1,2,1
654223134,6,3,3,2
654223141,5,3,2,1
654223143,6,2,4,1
654223144,2,1,1,1
654223151,4,2,2,1
654223154,11,7,4,5
654223161,6,2,4,2
654223164,6,2,4,2
654223212,6,3,3,2
654223214,4,2,2,2
654223224,4,3,1,2
654223231,9,5,4,3
654223232,5,3,2,3
654223241,3,1,2,1
654223244,12,7,5,4
654223252,17,7,10,7
654223254,10,4,6,4
654223261,7,4,3,6
654223274,5,2,3,2
654223281,10,5,5,2
654223282,6,3,3,2
654223283,4,2,2,1
654223284,14,8,6,4
654223293,6,4,2,2
654223311,3,1,2,1
654223313,13,3,10,3
654223314,2,1,1,1
654223322,9,4,5,2
654223331,6,3,3,1
654223342,2,1,1,1
654223344,9,5,4,3
654223352,1,1,0,1
654223362,3,2,1,2
654223363,1,1,0,1
654223364,10,3,7,4
654223371,3,1,2,1
654223372,7,4,3,3
654223373,5,2,3,2
654223381,1,0,1,1
654223384,3,2,1,1
654223392,19,10,9,5
654223393,7,4,3,3
654223411,2,1,1,1
654223412,7,4,3,2
654223414,1,0,1,1
654223421,5,3,2,1
654223422,2,1,1,2
654223424,5,2,3,2
654223433,6,2,4,3
654223441,16,10,6,4
654223442,10,6,4,3
654223444,4,1,3,1
654223451,9,5,4,2
654223452,37,13,24,13
654223453,52,26,26,17
654223454,170,84,86,68
654223461,6,3,3,3
654223463,46,22,24,16
654223464,7,3,4,3
654223471,2,1,1,1
654223472,20,10,10,5
654223481,2,1,1,1
654223493,7,4,3,2
654223494,20,12,8,6
654223523,3,2,1,1
654223533,2,1,1,1
654223534,17,9,8,5
654223542,2,1,1,1
654223543,3,2,1,1
654223551,13,7,6,7
654223552,7,4,3,3
654223553,11,6,5,3
654223562,6,3,3,2
654223571,7,4,3,2
654223572,4,2,2,1
654223573,1,1,0,1
654223574,11,4,7,3
654223591,4,3,1,1
654223593,5,4,1,3
654223623,7,4,3,3
654223624,12,4,8,2
654223631,3,1,2,1
654223632,11,7,4,4
654223634,9,5,4,2
654223641,2,0,2,1
654223642,2,1,1,1
654223644,7,4,3,2
654223651,3,1,2,1
654223653,15,7,8,3
654223654,3,2,1,1
654223661,8,5,3,1
654223663,7,4,3,2
654223671,4,2,2,2
654223673,4,2,2,1
654223674,2,1,1,1
654223682,3,1,2,1
654223692,2,1,1,1
654223694,29,14,15,9
654223721,5,3,2,1
654223722,2,1,1,1
654223724,9,5,4,3
654223732,20,10,10,4
654223734,10,6,4,4
654223741,4,2,2,2
654223742,14,5,9,4
654223743,3,1,2,2
654223744,12,7,5,2
654223752,2,1,1,1
654223754,2,1,1,1
654223761,9,4,5,3
654223762,4,3,1,1
654223764,3,1,2,2
654223772,3,2,1,1
654223773,10,5,5,2
654223774,6,2,4,1
654223782,24,13,11,7
654223791,3,2,1,1
654223792,8,4,4,2
654223793,6,5,1,2
654223794,7,2,5,2
654223822,3,1,2,1
654223832,17,9,8,3
654223842,5,3,2,1
654223843,30,14,16,6
654223863,12,5,7,4
654223864,14,5,9,9
654223871,4,2,2,1
654223872,9,4,5,3
654223873,29,12,17,10
654223874,8,4,4,3
654223882,3,1,2,1
654223883,12,5,7,4
654223884,11,5,6,3
654223891,2,2,0,2
654223892,1,1,0,1
654223894,9,5,4,4
654223924,27,15,12,5
654223932,3,1,2,1
654223941,6,3,3,1
654223943,12,8,4,4
654223951,14,6,8,3
654223953,2,1,1,1
654223954,3,1,2,1
654223961,4,2,2,2
654223962,46,25,21,26
654223963,12,5,7,4
654223964,179,83,96,78
654223971,43,21,22,17
654223973,36,20,16,11
654223974,75,37,38,36
654223981,19,8,11,4
654223983,30,17,13,14
654223984,2,1,1,1
654223991,1,0,1,1
654223993,1,1,0,1
654223994,12,6,6,5
654224032,3,2,1,2
654224041,9,5,4,4
654224042,5,2,3,1
654224124,1,0,1,1
654224201,7,4,3,3
654224202,2,0,2,1
654224211,2,1,1,1
654224214,4,2,2,1
654224234,9,4,5,2
654224242,18,9,9,4
654224252,11,5,6,6
654224263,8,4,4,2
654224301,3,1,2,2
654224302,10,4,6,4
654224311,1,1,0,1
654224314,1,1,0,1
654224324,10,4,6,2
654224331,3,1,2,1
654224332,10,5,5,2
654224333,6,4,2,1
654224334,27,13,14,6
654224341,10,6,4,5
654224342,8,3,5,3
654224351,2,1,1,1
654224363,5,2,3,2
654224412,3,1,2,1
654224421,16,5,11,4
654224422,5,3,2,2
654224423,6,4,2,3
654224424,2,1,1,1
654224431,12,6,6,4
654224432,2,1,1,1
654224433,12,5,7,3
654224434,1,0,1,1
654224443,2,1,1,1
654224444,3,1,2,1
654224453,5,3,2,2
654224474,2,1,1,1
654224481,3,1,2,1
654224483,12,6,6,2
654224502,5,3,2,2
654224503,4,2,2,1
654224504,7,4,3,2
654224512,8,2,6,1
654224513,2,1,1,1
654224514,21,10,11,4
654224521,8,4,4,2
654224522,30,13,17,7
654224523,7,4,3,4
654224531,4,2,2,1
654224533,13,8,5,2
654224541,6,2,4,1
654224543,3,1,2,1
654224572,9,4,5,4
654224573,3,2,1,2
654224602,2,1,1,1
654224603,8,4,4,4
654224604,4,2,2,1
654224611,25,15,10,6
654224612,6,1,5,3
654224613,8,5,3,3
654224623,7,4,3,2
654224662,4,2,2,1
654224663,4,2,2,1
654224671,5,2,3,2
654224702,3,1,2,1
654224703,9,6,3,2
654224754,22,11,11,6
654224761,11,6,5,3
654224763,3,2,1,1
654224804,21,11,10,4
654224811,11,6,5,3
654224843,7,3,4,3
654224844,16,8,8,5
654224851,9,3,6,2
654224852,1,1,0,1
654224892,4,1,3,1
654224893,8,3,5,2
654224902,6,3,3,2
654224903,8,5,3,2
654224904,7,1,6,2
654224922,16,8,8,3
654224924,8,3,5,3
654224931,5,2,3,2
654224932,5,3,2,2
654224974,20,11,9,7
654224982,12,4,8,4
654224983,13,6,7,3
654224984,6,3,3,2
654224991,5,2,3,1
654225702,5,2,3,1
654225711,7,3,4,2
654230001,4,2,2,2
654230002,9,5,4,4
654230003,3,1,2,1
654230004,8,5,3,2
654230011,5,2,3,4
654230012,7,3,4,3
654230013,4,2,2,2
654230021,26,9,17,10
654230023,1,0,1,1
654230031,23,13,10,11
654230032,5,3,2,1
654230043,1,0,1,1
654230101,4,2,2,1
654230111,1,1,0,1
654230141,1,1,0,1
654230604,7,2,5,2
654230702,2,1,1,1
654230801,6,3,3,3
654230814,6,3,3,2
654230901,4,2,2,2
654230902,3,2,1,1
654230903,12,6,6,5
654230904,2,1,1,1
654230911,1,0,1,1
654230912,10,6,4,3
654230913,13,5,8,5
654230914,5,2,3,2
654231024,3,2,1,2
654231052,1,0,1,1
654231054,11,6,5,4
654231072,4,2,2,2
654231142,1,1,0,1
654231144,2,1,1,1
654231152,8,4,4,4
654231161,1,1,0,1
654231162,4,1,3,2
654231163,2,1,1,1
654231164,16,7,9,6
654231174,5,2,3,2
654231261,2,1,1,1
654231262,1,1,0,1
654231263,12,5,7,5
654231264,4,2,2,1
654231361,104,47,57,45
654231363,27,11,16,10
654231364,12,8,4,4
654231371,1,0,1,1
654231373,2,1,1,1
654231444,6,4,2,2
654231452,7,3,4,2
654231454,2,1,1,1
654231461,9,4,5,2
654231462,2,1,1,1
654231464,4,2,2,1
654231471,4,2,2,1
654231472,1,1,0,1
654231473,2,1,1,1
654231534,3,1,2,1
654231541,3,2,1,1
654231552,5,2,3,2
654231553,5,2,3,2
654231554,5,2,3,2
654231564,6,2,4,2
654231641,4,3,1,2
654231642,5,2,3,1
654231652,8,4,4,3
654231653,2,1,1,1
654231663,11,5,6,3
654231741,4,1,3,2
654231742,10,4,6,4
654231751,4,1,3,2
654231752,4,2,2,2
654231754,7,4,3,2
654231852,6,3,3,3
654231854,8,3,5,4
654231922,2,1,1,2
654231933,5,2,3,3
654231944,2,1,1,1
654231951,2,1,1,1
654231953,15,8,7,5
654231963,2,1,1,1
654232291,4,2,2,2
654232292,10,7,3,5
654232893,2,1,1,1
654232894,2,1,1,1
654232994,7,3,4,3
654233003,10,4,6,3
654233011,5,3,2,1
654233054,2,1,1,1
654233061,74,37,37,36
654233062,327,153,174,142
654233063,250,114,136,93
654233064,541,256,285,243
654233071,825,375,450,374
654233072,663,288,375,257
654233073,641,280,361,294
654233074,745,340,405,345
654233081,221,110,111,87
654233082,13,7,6,5
654233083,476,212,264,172
654233084,8,4,4,3
654233093,24,11,13,9
654233101,3,1,2,1
654233103,2,1,1,1
654233104,25,11,14,8
654233113,2,1,1,1
654233132,5,3,2,1
654233142,1,0,1,1
654233143,2,1,1,1
654233144,30,15,15,7
654233153,32,17,15,7
654233154,10,5,5,3
654233161,5,3,2,2
654233162,349,162,187,156
654233163,2,0,2,1
654233164,18,10,8,7
654233171,542,258,284,225
654233172,722,362,360,312
654233173,78,41,37,27
654233174,297,142,155,129
654233181,155,70,85,57
654233182,23,13,10,6
654233191,9,4,5,2
654233192,8,4,4,3
654233193,2,1,1,1
654233203,1,1,0,1
654233211,1,1,0,1
654233224,8,3,5,2
654233233,15,8,7,3
654233234,7,4,3,3
654233241,23,11,12,6
654233243,1,0,1,1
654233244,7,5,2,1
654233253,23,10,13,6
654233261,1,1,0,1
654233262,3,1,2,1
654233263,7,3,4,1
654233271,30,15,15,3
654233272,2,1,1,1
654233273,10,3,7,3
654233274,11,6,5,5
654233281,10,5,5,5
654233282,8,4,4,3
654233283,2,1,1,1
654233312,14,6,8,6
654233313,1,0,1,1
654233314,1,1,0,1
654233321,6,3,3,3
654233323,16,8,8,4
654233334,7,2,5,2
654233341,2,1,1,1
654233343,9,6,3,2
654233344,10,4,6,5
654233351,2,1,1,1
654233354,6,4,2,1
654233361,16,7,9,3
654233362,2,1,1,1
654233363,2,1,1,1
654233364,24,11,13,5
654233371,2,1,1,1
654233372,5,2,3,3
654233373,2,1,1,1
654233381,6,4,2,2
654233382,4,2,2,2
654233383,35,15,20,12
654233384,7,4,3,2
654233391,20,10,10,7
654233392,3,2,1,2
654233393,2,1,1,1
654233414,3,2,1,1
654233421,3,2,1,1
654233422,2,1,1,1
654233423,6,3,3,2
654233424,7,4,3,3
654233443,2,1,1,1
654233444,23,11,12,5
654233452,7,3,4,4
654233453,5,3,2,1
654233454,37,19,18,8
654233461,13,7,6,4
654233462,5,2,3,2
654233463,26,11,15,7
654233472,23,12,11,7
654233474,14,8,6,4
654233481,28,10,18,9
654233482,6,4,2,3
654233484,6,3,3,2
654233491,10,4,6,4
654233493,3,1,2,2
654233494,10,5,5,3
654233524,6,2,4,2
654233534,4,2,2,2
654233541,10,5,5,2
654233544,3,1,2,2
654233564,14,8,6,4
654233571,12,8,4,5
654233572,4,2,2,2
654233591,2,2,0,1
654233624,5,2,3,1
654233631,7,4,3,2
654233653,2,2,0,1
654233654,5,2,3,1
654233661,20,9,11,7
654233662,9,4,5,2
654233663,49,23,26,25
654233673,11,7,4,5
654233712,7,3,4,2
654233722,10,6,4,3
654233723,5,2,3,2
654233731,1,0,1,1
654233741,2,1,1,1
654233742,4,3,1,1
654233743,4,2,2,1
654233752,93,45,48,46
654233753,21,9,12,5
654233754,23,10,13,13
654233761,120,58,62,51
654233762,14,6,8,4
654233771,4,2,2,2
654233772,8,4,4,3
654233811,2,1,1,1
654233813,5,3,2,1
654233814,5,2,3,2
654233822,4,2,2,3
654233823,19,10,9,5
654233824,10,4,6,4
654233832,15,8,7,5
654233833,21,10,11,7
654233834,18,10,8,5
654233841,4,3,1,2
654233842,12,5,7,4
654233843,12,4,8,5
654233844,8,3,5,3
654233851,11,5,6,5
654233852,16,6,10,6
654233853,5,1,4,2
654233854,16,7,9,5
654233861,20,8,12,9
654233883,13,6,7,6
654233901,6,2,4,3
654233902,11,6,5,6
654233903,10,4,6,4
654233911,8,4,4,2
654233912,6,3,3,2
654233913,11,6,5,4
654233914,24,11,13,7
654233921,32,20,12,10
654233922,31,17,14,15
654233923,64,28,36,29
654233924,6,3,3,3
654233931,14,6,8,6
654233932,23,12,11,6
654233933,4,2,2,2
654233934,12,7,5,5
654233941,3,1,2,1
654233942,19,9,10,7
654233943,3,1,2,1
654233944,16,8,8,5
654233951,3,1,2,2
654233962,7,4,3,1
654233974,4,2,2,1
654233982,3,1,2,1
654233983,3,2,1,1
654233984,3,1,2,1
654233991,2,1,1,1
654234001,12,7,5,2
654234002,16,9,7,3
654234003,7,3,4,1
654234004,14,6,8,3
654234013,12,5,7,3
654234064,4,1,3,1
654234071,2,1,1,1
654234072,4,1,3,2
654234073,4,2,2,1
654234101,11,4,7,2
654234113,6,3,3,2
654234134,6,3,3,1
654234144,15,8,7,5
654234152,2,2,0,1
654234153,4,2,2,2
654234161,7,3,4,2
654234191,6,3,3,2
654234192,10,6,4,3
654234193,5,3,2,1
654234194,2,1,1,1
654234203,19,8,11,5
654234204,2,1,1,1
654234223,2,1,1,1
654234232,4,3,1,2
654234234,28,14,14,7
654234241,8,3,5,4
654234283,18,10,8,4
654234301,5,3,2,1
654234302,14,6,8,2
654234303,7,2,5,1
654234311,3,1,2,1
654234313,7,3,4,1
654234314,13,5,8,4
654234323,4,2,2,1
654234332,2,1,1,1
654234333,3,1,2,1
654234372,9,5,4,2
654234373,2,1,1,1
654234374,9,5,4,3
654234381,6,3,3,3
654234413,3,1,2,2
654234464,7,4,3,2
654234471,18,8,10,6
654234501,14,7,7,5
654234502,35,18,17,7
654234511,11,7,4,3
654234512,11,4,7,4
654234521,4,2,2,1
654234522,6,3,3,1
654234531,28,11,17,6
654234532,12,5,7,3
654234541,13,5,8,3
654234542,17,8,9,6
654234551,17,9,8,4
654234552,19,9,10,4
654234561,30,17,13,12
654234563,6,2,4,4
654234621,2,1,1,1
654234663,15,6,9,5
654234673,2,1,1,1
654234674,2,1,1,1
654234754,15,7,8,6
654234761,14,7,7,7
654234762,51,26,25,17
654234763,9,4,5,4
654234764,4,1,3,2
654234771,16,7,9,7
654234811,3,0,3,1
654234813,1,0,1,1
654234814,4,3,1,1
654234851,6,2,4,2
654234854,11,3,8,4
654234863,14,8,6,9
654234903,5,3,2,2
654234923,2,1,1,1
654234933,3,2,1,1
654234944,11,5,6,5
654234951,5,2,3,3
654234952,18,7,11,7
654234953,6,2,4,2
654234954,12,6,6,4
654234973,2,1,1,1
654235003,4,2,2,2
654235004,22,8,14,6
654235013,4,1,3,2
654235023,4,2,2,1
654235102,11,7,4,3
654235111,3,2,1,2
654235551,1,0,1,1
654236421,17,11,6,13
654236423,13,6,7,12
654236724,14,11,3,14
654236733,14,12,2,14
654236734,14,11,3,14
654236832,15,11,4,14
654237541,1,0,1,1
654237623,2,1,1,2
654240001,5,3,2,2
654240002,20,10,10,7
654240003,1,0,1,1
654240004,7,4,3,1
654240011,6,3,3,3
654240012,4,2,2,2
654240013,5,4,1,2
654240014,3,1,2,1
654240023,4,2,2,2
654240024,1,0,1,1
654240032,3,1,2,1
654240034,5,3,2,1
654240042,28,12,16,12
654240043,10,5,5,3
654240104,21,12,9,6
654240121,7,2,5,4
654240122,9,3,6,4
654240124,33,16,17,15
654240131,5,2,3,2
654240132,7,5,2,3
654240133,8,4,4,4
654240134,8,3,5,3
654240143,4,0,4,2
654240144,15,7,8,6
654240151,4,2,2,2
654240153,3,1,2,2
654240154,3,1,2,1
654240202,7,3,4,2
654240203,11,6,5,4
654240204,2,1,1,1
654240211,4,3,1,2
654240212,2,1,1,1
654240213,2,1,1,1
654240214,5,2,3,2
654240231,9,4,5,4
654240232,46,24,22,13
654240233,19,11,8,8
654240241,55,27,28,19
654240242,37,16,21,15
654240243,48,22,26,25
654240253,53,24,29,24
654240254,2,1,1,1
654240261,4,1,3,2
654240262,4,1,3,2
654240263,15,8,7,5
654240264,9,3,6,2
654240273,4,3,1,1
654240281,2,1,1,1
654240283,5,3,2,3
654240302,5,2,3,2
654240303,3,1,2,1
654240304,2,1,1,1
654240311,14,7,7,5
654240312,2,1,1,1
654240313,7,3,4,3
654240314,2,0,2,1
654240323,6,4,2,2
654240332,13,5,8,4
654240334,2,1,1,1
654240341,61,27,34,26
654240342,282,143,139,16
654240343,14,7,7,4
654240344,6,3,3,3
654240351,12,5,7,4
654240352,305,141,164,126
654240353,7,3,4,4
654240354,287,128,159,102
654240361,77,38,39,34
654240362,9,4,5,4
654240363,91,39,52,35
654240364,40,21,19,16
654240371,5,3,2,2
654240372,3,1,2,1
654240373,6,3,3,3
654240382,2,1,1,1
654240401,5,1,4,2
654240402,9,3,6,3
654240403,14,5,9,5
654240404,11,6,5,4
654240411,6,3,3,3
654240412,18,10,8,7
654240413,64,26,38,22
654240414,54,25,29,21
654240421,17,8,9,5
654240423,75,31,44,27
654240431,2,1,1,1
654240432,21,7,14,11
654240433,13,8,5,5
654240434,287,129,158,128
654240441,7,4,3,3
654240442,11,6,5,7
654240443,145,69,76,56
654240444,92,46,46,33
654240451,29,12,17,14
654240452,12,6,6,4
654240453,17,8,9,7
654240454,10,4,6,5
654240461,25,8,17,9
654240462,2,1,1,1
654240463,14,6,8,4
654240474,4,1,3,1
654240484,1,0,1,1
654240492,2,0,2,2
654240501,3,1,2,1
654240502,9,4,5,3
654240503,2,1,1,2
654240504,15,8,7,6
654240511,289,141,148,123
654240512,418,189,229,171
654240513,94,47,47,35
654240514,525,272,253,285
654240521,710,330,380,330
654240522,561,268,293,247
654240523,894,401,493,338
654240524,1077,470,607,599
654240531,122,60,62,50
654240532,202,92,110,96
654240533,474,220,254,221
654240534,117,58,59,57
654240541,73,34,39,33
654240542,14,8,6,7
654240543,38,16,22,16
654240544,34,17,17,19
654240552,5,3,2,1
654240553,2,1,1,1
654240554,5,2,3,2
654240561,18,9,9,5
654240562,3,2,1,1
654240563,12,5,7,4
654240564,9,4,5,3
654240571,2,1,1,1
654240572,20,8,12,6
654240573,13,7,6,3
654240574,13,5,8,3
654240581,11,7,4,4
654240582,8,6,2,2
654240583,7,3,4,3
654240584,8,4,4,4
654240592,4,2,2,1
654240601,3,2,1,1
654240602,2,1,1,1
654240603,25,12,13,7
654240604,16,10,6,5
654240611,5,3,2,2
654240612,45,23,22,24
654240613,1,0,1,1
654240614,8,5,3,3
654240621,519,231,288,264
654240622,672,312,360,306
654240623,52,27,25,21
654240624,448,216,232,190
654240631,527,241,286,264
654240632,845,359,486,430
654240633,651,284,367,297
654240634,404,190,214,205
654240641,810,376,434,375
654240642,275,122,153,114
654240643,583,286,297,304
654240644,307,148,159,139
654240651,13,5,8,5
654240653,45,22,23,18
654240654,12,7,5,4
654240661,13,6,7,4
654240662,5,4,1,1
654240663,7,3,4,4
654240664,3,2,1,1
654240671,14,8,6,5
654240673,1,0,1,1
654240674,4,2,2,2
654240681,9,3,6,3
654240682,8,4,4,5
654240683,25,13,12,6
654240684,4,2,2,2
654240691,2,2,0,1
654240692,6,2,4,3
654240694,10,5,5,4
654240701,5,3,2,1
654240702,5,3,2,2
654240704,7,3,4,2
654240711,4,1,3,2
654240712,19,11,8,7
654240713,8,5,3,3
654240714,4,2,2,1
654240721,9,3,6,3
654240722,35,18,17,14
654240723,12,6,6,4
654240731,688,306,382,243
654240732,670,329,341,292
654240733,98,47,51,40
654240734,98,42,56,38
654240741,375,172,203,156
654240742,203,104,99,90
654240743,166,77,89,63
654240744,12,5,7,5
654240751,233,111,122,67
654240753,20,9,11,8
654240754,12,7,5,3
654240761,11,5,6,3
654240762,17,10,7,3
654240763,4,1,3,2
654240764,18,10,8,9
654240771,26,11,15,8
654240772,7,2,5,4
654240773,4,1,3,2
654240774,14,10,4,4
654240781,7,3,4,2
654240782,10,4,6,3
654240783,5,2,3,2
654240784,2,0,2,1
654240791,21,12,9,6
654240792,37,17,20,17
654240794,4,2,2,2
654240801,19,12,7,5
654240802,13,5,8,6
654240803,10,6,4,2
654240804,16,6,10,5
654240811,18,10,8,5
654240812,14,6,8,5
654240813,31,16,15,13
654240814,15,8,7,5
654240822,2,1,1,1
654240823,39,16,23,10
654240824,281,70,211,7
654240831,35,15,20,11
654240832,14,7,7,5
654240833,23,10,13,8
654240834,8,5,3,3
654240841,8,5,3,4
654240842,11,6,5,4
654240843,5,2,3,2
654240844,5,1,4,3
654240852,24,11,13,6
654240853,23,10,13,8
654240854,14,6,8,3
654240861,5,2,3,2
654240862,7,2,5,3
654240863,14,5,9,4
654240864,11,6,5,5
654240871,8,4,4,4
654240872,3,2,1,1
654240873,10,4,6,3
654240874,3,1,2,1
654240881,7,5,2,3
654240882,11,6,5,6
654240891,12,7,5,5
654240892,5,3,2,2
654240893,5,2,3,2
654240894,5,3,2,2
654240901,11,7,4,5
654240902,8,5,3,4
654240903,1,0,1,1
654240904,5,2,3,3
654240912,1,0,1,1
654240913,19,10,9,7
654240914,7,3,4,3
654240921,32,12,20,12
654240922,564,243,321,273
654240923,44,26,18,22
654240924,198,87,111,90
654240931,315,154,161,136
654240932,7,3,4,3
654240933,50,24,26,19
654240934,18,11,7,7
654240951,4,3,1,1
654240952,7,2,5,2
654240954,15,8,7,4
654240962,4,1,3,1
654240971,7,4,3,3
654240982,2,2,0,1
654240983,3,2,1,2
654240991,4,2,2,2
654240992,1,1,0,1
654240993,50,25,25,1
654240994,1,1,0,1
654241024,1,1,0,1
654241031,1,0,1,1
654241033,2,1,1,1
654241042,4,1,3,1
654241044,21,9,12,8
654241051,17,10,7,8
654241052,2,0,2,1
654241114,4,2,2,2
654241121,3,2,1,2
654241123,4,2,2,2
654241131,2,1,1,1
654241132,1,0,1,1
654241134,6,3,3,3
654241142,5,3,2,3
654241143,12,6,6,4
654241222,2,1,1,1
654241231,3,1,2,2
654241232,29,11,18,15
654241234,6,3,3,3
654241241,23,11,12,11
654241242,3,1,2,2
654241243,5,2,3,3
654241302,6,3,3,3
654241303,4,2,2,2
654241332,3,1,2,2
654241334,10,3,7,4
654241341,1,1,0,1
654241342,16,8,8,6
654241344,4,2,2,2
654241413,1,1,0,1
654241431,1,1,0,1
654241441,6,4,2,3
654241442,13,8,5,5
654241443,12,6,6,5
654241444,9,5,4,3
654241501,13,7,6,4
654241502,9,3,6,4
654241511,17,8,9,7
654241512,10,6,4,4
654241513,2,1,1,1
654241521,3,2,1,1
654241524,6,3,3,2
654241533,14,5,9,5
654241541,4,2,2,1
654241544,2,1,1,1
654241602,1,0,1,1
654241603,4,1,3,2
654241604,44,22,22,17
654241611,16,8,8,5
654241612,9,3,6,4
654241613,6,4,2,2
654241621,17,9,8,6
654241624,4,2,2,1
654241631,18,9,9,4
654241632,5,3,2,2
654241633,8,3,5,2
654241641,8,4,4,3
654241642,35,14,21,13
654241643,6,2,4,3
654241644,20,9,11,10
654241651,9,5,4,4
654241653,2,1,1,1
654241701,154,73,81,68
654241702,289,142,147,136
654241703,177,87,90,81
654241704,410,189,221,184
654241711,2,1,1,1
654241713,123,55,68,58
654241714,8,4,4,5
654241722,6,5,1,2
654241723,17,8,9,5
654241724,24,13,11,9
654241731,9,4,5,4
654241733,18,8,10,5
654241734,4,1,3,2
654241741,23,10,13,8
654241742,10,5,5,6
654241744,2,1,1,1
654241751,5,2,3,2
654241762,1,0,1,1
654241801,215,79,136,50
654241802,77,39,38,33
654241803,6,4,2,2
654241804,2,0,2,2
654241811,27,16,11,6
654241813,10,4,6,3
654241814,9,5,4,3
654241823,14,8,6,6
654241824,26,11,15,7
654241832,11,6,5,4
654241833,2,1,1,1
654241834,10,6,4,3
654241901,11,5,6,4
654241902,14,8,6,5
654241903,5,3,2,2
654241904,11,6,5,3
654241911,1,0,1,1
654241913,11,7,4,5
654241914,5,3,2,2
654241921,6,3,3,1
654241923,6,3,3,2
654241924,7,4,3,1
654242164,1,0,1,1
654242182,1,0,1,1
654242184,2,1,1,1
654242191,3,2,1,1
654242193,9,5,4,2
654242254,5,4,1,2
654242261,10,6,4,4
654242263,4,2,2,2
654242274,6,3,3,2
654242291,4,2,2,2
654242293,4,2,2,1
654242353,14,6,8,3
654242361,12,8,4,6
654242362,8,4,4,4
654242363,5,2,3,2
654242364,7,4,3,3
654242373,19,11,8,6
654242381,11,7,4,4
654242382,6,4,2,2
654242384,5,2,3,3
654242392,11,5,6,5
654242394,4,1,3,2
654242463,2,1,1,1
654242464,3,1,2,2
654242471,12,5,7,5
654242472,12,8,4,4
654242473,6,3,3,3
654242474,8,3,5,3
654242481,4,3,1,1
654242483,5,3,2,3
654242484,8,4,4,4
654242492,4,2,2,2
654242494,21,8,13,7
654242552,5,2,3,2
654242564,1,1,0,1
654242571,9,6,3,5
654242572,14,7,7,6
654242573,9,4,5,4
654242574,3,2,1,1
654242581,4,2,2,2
654242582,11,6,5,3
654242583,10,3,7,7
654242591,9,4,5,2
654242592,24,11,13,6
654242593,11,5,6,4
654242594,4,3,1,3
654242654,8,4,4,4
654242661,7,4,3,2
654242662,3,2,1,2
654242663,2,1,1,1
654242664,6,2,4,4
654242671,18,9,9,5
654242681,11,4,7,4
654242682,13,5,8,4
654242683,21,11,10,6
654242684,14,6,8,5
654242691,9,3,6,7
654242692,77,35,42,36
654242693,147,68,79,55
654242694,789,369,420,256
654242752,2,1,1,2
654242754,7,3,4,4
654242761,10,6,4,5
654242762,11,3,8,5
654242763,87,50,37,2
654242764,11,7,4,5
654242771,11,5,6,4
654242772,9,4,5,4
654242773,11,7,4,3
654242774,15,8,7,4
654242781,18,8,10,7
654242782,2,1,1,1
654242783,11,6,5,5
654242784,22,8,14,7
654242791,144,67,77,51
654242792,1320,618,702,450
654242793,598,277,321,214
654242794,1120,539,581,434
654242852,11,6,5,4
654242854,7,4,3,3
654242862,55,45,10,3
654242864,6,2,4,2
654242871,13,7,6,5
654242872,24,13,11,11
654242873,12,7,5,6
654242874,30,17,13,10
654242881,10,5,5,4
654242882,144,71,73,60
654242883,171,86,85,71
654242884,1017,476,541,463
654242891,1103,492,611,382
654242892,844,392,452,355
654242893,1222,556,666,514
654242894,1410,682,728,658
654242952,5,3,2,2
654242954,16,6,10,6
654242961,1,1,0,1
654242962,83,46,37,36
654242963,24,14,10,11
654242964,738,331,407,302
654242971,681,324,357,262
654242972,229,100,129,96
654242973,898,415,483,370
654242974,737,354,383,262
654242981,605,268,337,258
654242982,1033,457,576,468
654242983,853,392,461,374
654242984,717,310,407,329
654242991,1294,600,694,575
654242992,1199,574,625,539
654242993,449,216,233,219
654242994,380,179,201,172
654243003,11,5,6,5
654243011,1,1,0,1
654243012,10,5,5,5
654243013,13,5,8,5
654243014,42,21,21,13
654243021,49,23,26,19
654243022,32,14,18,14
654243023,10,4,6,5
654243024,19,9,10,7
654243031,19,9,10,7
654243032,5,3,2,3
654243033,5,2,3,2
654243034,20,11,9,8
654243041,10,4,6,4
654243043,6,4,2,2
654243044,3,1,2,3
654243062,5,3,2,3
654243072,6,4,2,4
654243074,7,3,4,3
654243083,14,9,5,6
654243084,10,5,5,3
654243091,5,2,3,2
654243092,12,5,7,5
654243094,2,1,1,1
654243102,13,6,7,5
654243104,46,21,25,18
654243111,95,42,53,42
654243112,46,22,24,21
654243113,546,259,287,215
654243114,178,82,96,89
654243121,41,19,22,14
654243122,1,0,1,1
654243123,20,10,10,8
654243124,7,4,3,5
654243131,6,2,4,2
654243133,4,2,2,2
654243134,3,1,2,2
654243141,7,4,3,3
654243142,3,2,1,1
654243143,1,0,1,1
654243144,13,6,7,5
654243152,2,1,1,1
654243154,2,1,1,1
654243161,17,9,8,6
654243162,25,12,13,11
654243163,26,18,8,7
654243164,9,5,4,3
654243171,2,1,1,1
654243172,4,2,2,1
654243173,8,2,6,4
654243181,3,2,1,2
654243182,4,2,2,2
654243192,7,3,4,2
654243193,3,2,1,1
654243194,12,5,7,5
654243201,15,6,9,5
654243202,123,54,69,66
654243203,16,6,10,3
654243204,10,3,7,4
654243211,543,246,297,215
654243212,27,13,14,13
654243213,285,133,152,120
654243214,13,5,8,6
654243221,5,3,2,1
654243223,31,17,14,10
654243224,24,11,13,9
654243231,14,6,8,4
654243232,1,1,0,1
654243233,9,5,4,3
654243234,8,4,4,4
654243241,4,3,1,1
654243242,7,2,5,3
654243244,11,6,5,3
654243251,20,9,11,8
654243252,8,3,5,4
654243253,19,10,9,5
654243254,34,14,20,13
654243262,6,4,2,2
654243263,33,9,24,10
654243264,14,6,8,6
654243272,5,3,2,1
654243273,26,14,12,10
654243281,16,6,10,5
654243282,14,4,10,5
654243283,10,7,3,4
654243284,20,8,12,4
654243291,6,3,3,2
654243292,11,5,6,4
654243293,12,7,5,5
654243301,6,3,3,2
654243302,21,10,11,8
654243303,16,10,6,7
654243304,44,22,22,17
654243311,10,5,5,3
654243312,2,1,1,1
654243313,18,9,9,7
654243314,31,12,19,11
654243321,6,2,4,2
654243322,6,2,4,2
654243323,2,1,1,1
654243324,6,4,2,2
654243331,11,6,5,5
654243332,10,4,6,6
654243333,2,1,1,1
654243334,7,3,4,3
654243341,15,7,8,5
654243342,2,1,1,1
654243343,14,9,5,5
654243344,15,8,7,6
654243351,26,10,16,10
654243352,70,35,35,29
654243353,9,5,4,3
654243354,701,339,362,251
654243361,357,150,207,104
654243362,410,189,221,171
654243363,371,162,209,160
654243364,354,163,191,124
654243371,8,4,4,3
654243372,41,20,21,11
654243373,18,10,8,7
654243374,6,4,2,2
654243381,16,7,9,6
654243382,27,15,12,9
654243384,4,3,1,1
654243391,14,4,10,6
654243392,40,18,22,13
654243393,11,5,6,3
654243394,199,90,109,76
654243401,33,15,18,12
654243402,21,10,11,10
654243403,23,9,14,10
654243404,14,6,8,5
654243411,7,2,5,3
654243412,3,2,1,1
654243413,14,8,6,4
654243414,2,0,2,1
654243421,11,5,6,5
654243422,14,8,6,7
654243423,6,3,3,2
654243424,11,5,6,4
654243431,4,2,2,2
654243432,4,2,2,1
654243433,9,4,5,3
654243434,13,6,7,7
654243441,7,4,3,3
654243442,24,14,10,7
654243443,13,5,8,6
654243444,1,1,0,1
654243451,24,12,12,7
654243452,172,79,93,69
654243453,29,15,14,13
654243454,11,5,6,5
654243461,301,141,160,110
654243462,236,106,130,94
654243463,8,2,6,2
654243471,4,3,1,2
654243473,4,1,3,1
654243474,9,5,4,4
654243481,131,29,102,4
654243482,11,6,5,4
654243483,15,7,8,5
654243484,194,94,100,63
654243491,62,28,34,23
654243492,598,279,319,225
654243493,66,33,33,25
654243494,382,188,194,117
654243501,9,4,5,4
654243502,27,12,15,9
654243503,17,9,8,6
654243504,16,9,7,4
654243511,4,2,2,3
654243512,12,6,6,4
654243513,9,4,5,3
654243514,6,3,3,3
654243521,12,5,7,5
654243522,9,6,3,4
654243523,16,6,10,6
654243524,362,172,190,115
654243531,24,13,11,10
654243533,662,322,340,213
654243534,42,22,20,16
654243541,39,20,19,12
654243542,17,9,8,7
654243543,22,8,14,8
654243544,5,1,4,2
654243551,20,10,10,8
654243552,13,7,6,5
654243562,14,8,6,5
654243563,9,5,4,3
654243564,26,10,16,12
654243571,16,9,7,8
654243572,15,7,8,7
654243573,11,5,6,5
654243574,31,15,16,12
654243581,19,12,7,10
654243582,212,101,111,85
654243583,11,4,7,5
654243584,10,6,4,5
654243591,69,35,34,24
654243592,17,10,7,7
654243593,15,6,9,6
654243594,10,5,5,4
654243601,13,7,6,6
654243602,20,9,11,6
654243603,763,355,408,279
654243604,884,404,480,350
654243611,11,3,8,5
654243612,2,1,1,1
654243613,567,252,315,216
654243614,12,7,5,6
654243621,194,72,122,8
654243622,1115,533,582,374
654243623,23,10,13,7
654243624,527,253,274,187
654243631,666,312,354,245
654243632,93,43,50,36
654243633,713,331,382,263
654243634,211,95,116,80
654243641,3,1,2,2
654243643,10,5,5,4
654243644,14,4,10,7
654243651,19,9,10,7
654243652,16,7,9,5
654243653,13,6,7,5
654243654,13,8,5,3
654243661,17,7,10,6
654243662,49,24,25,16
654243663,29,13,16,10
654243664,22,10,12,8
654243671,15,6,9,5
654243672,22,11,11,9
654243673,14,7,7,6
654243674,18,8,10,6
654243681,19,11,8,6
654243682,7,3,4,4
654243683,4,2,2,2
654243684,16,8,8,5
654243691,7,2,5,3
654243692,13,6,7,4
654243693,11,4,7,7
654243694,18,8,10,6
654243701,1176,565,611,587
654243702,94,26,68,45
654243703,1011,437,574,507
654243704,646,297,349,308
654243711,164,50,114,34
654243712,20,9,11,7
654243713,250,114,136,125
654243714,88,37,51,28
654243721,45,22,23,15
654243722,84,38,46,30
654243723,176,77,99,65
654243724,509,230,279,188
654243731,22,7,15,9
654243732,6,3,3,2
654243733,75,37,38,21
654243734,27,13,14,8
654243741,18,8,10,8
654243742,33,16,17,11
654243743,22,12,10,7
654243744,35,14,21,12
654243751,20,9,11,7
654243752,2,1,1,2
654243754,40,18,22,20
654243761,108,51,57,48
654243762,23,11,12,11
654243763,13,6,7,6
654243764,18,9,9,9
654243771,19,8,11,8
654243772,24,10,14,7
654243773,21,12,9,6
654243774,16,7,9,5
654243781,17,8,9,6
654243782,16,7,9,7
654243783,3,1,2,2
654243784,8,5,3,2
654243791,7,4,3,2
654243792,13,6,7,4
654243793,32,14,18,10
654243794,4,2,2,3
654243801,1262,545,717,729
654243802,1185,529,656,542
654243803,1090,492,598,545
654243804,850,399,451,450
654243811,1139,530,609,502
654243812,511,229,282,215
654243813,286,138,148,113
654243814,867,391,476,400
654243821,734,344,390,276
654243822,1123,512,611,415
654243823,1238,545,693,566
654243824,1045,480,565,396
654243831,1282,623,659,397
654243832,37,18,19,12
654243833,1398,649,749,507
654243834,139,67,72,60
654243841,16,8,8,9
654243842,35,18,17,14
654243843,119,63,56,11
654243844,39,16,23,16
654243851,9,5,4,4
654243852,41,20,21,14
654243854,19,9,10,11
654243861,21,11,10,12
654243862,15,9,6,6
654243863,12,5,7,5
654243864,26,11,15,8
654243871,6,4,2,2
654243872,17,9,8,5
654243873,3,3,0,2
654243874,10,4,6,5
654243881,6,3,3,2
654243882,14,6,8,5
654243883,2,1,1,1
654243884,10,6,4,4
654243891,2,1,1,1
654243892,74,40,34,27
654243893,20,10,10,8
654243894,117,56,61,34
654243901,969,458,511,406
654243902,491,222,269,206
654243903,655,299,356,292
654243904,1423,659,764,651
654243911,1527,694,833,734
654243912,1705,730,975,813
654243913,1331,596,735,641
654243914,1480,653,827,681
654243921,1661,736,925,770
654243922,1083,504,579,468
654243923,1573,748,825,708
654243924,1397,641,756,630
654243931,1290,583,707,517
654243932,356,161,195,130
654243933,1202,579,623,530
654243934,1018,473,545,376
654243941,5,2,3,2
654243942,22,13,9,8
654243943,17,8,9,6
654243944,4,1,3,2
654243951,59,26,33,2
654243952,13,5,8,6
654243953,26,13,13,6
654243954,27,12,15,10
654243961,9,4,5,4
654243962,12,5,7,5
654243963,4,2,2,2
654243964,18,8,10,6
654243971,20,12,8,6
654243972,4,2,2,2
654243973,19,10,9,7
654243974,7,4,3,4
654243981,8,3,5,4
654243982,11,5,6,6
654243983,26,12,14,11
654243984,7,3,4,4
654243991,6,3,3,3
654243992,10,8,2,3
654243993,10,4,6,3
654244003,4,2,2,1
654244011,2,1,1,1
654244013,4,2,2,1
654244021,12,5,7,2
654244034,17,6,11,7
654244041,9,5,4,5
654244042,50,26,24,20
654244043,41,16,25,18
654244044,13,7,6,5
654244051,46,20,26,15
654244052,2,1,1,1
654244053,39,18,21,17
654244061,2,1,1,1
654244063,4,2,2,2
654244102,23,10,13,7
654244103,2,1,1,1
654244104,12,8,4,4
654244111,7,3,4,2
654244113,5,2,3,2
654244114,18,7,11,4
654244121,26,12,14,10
654244124,4,1,3,2
654244131,12,5,7,5
654244132,25,11,14,9
654244133,16,9,7,7
654244134,9,4,5,4
654244141,8,0,8,8
654244142,5,0,5,5
654244143,12,6,6,4
654244144,9,0,9,9
654244151,11,6,5,4
654244152,2,1,1,1
654244201,16,6,10,4
654244202,5,2,3,2
654244203,24,12,12,9
654244204,19,10,9,8
654244211,13,7,6,4
654244212,4,3,1,2
654244213,113,54,59,39
654244214,28,12,16,8
654244221,12,5,7,5
654244222,15,6,9,5
654244223,11,6,5,6
654244224,16,7,9,7
654244231,20,9,11,7
654244232,20,10,10,7
654244233,19,7,12,7
654244234,14,6,8,3
654244241,6,2,4,4
654244242,15,9,6,3
654244243,2,1,1,1
654244263,18,10,8,7
654244264,8,2,6,2
654244271,15,7,8,4
654244272,11,7,4,3
654244301,262,116,146,91
654244302,305,141,164,133
654244303,445,219,226,202
654244304,341,163,178,153
654244311,627,271,356,189
654244312,58,29,29,19
654244313,244,111,133,105
654244314,12,6,6,5
654244321,13,7,6,4
654244322,9,6,3,3
654244323,16,7,9,4
654244324,17,9,8,8
654244331,5,2,3,2
654244332,6,3,3,5
654244333,16,9,7,6
654244334,1,1,0,1
654244351,5,3,2,2
654244352,15,7,8,6
654244353,11,5,6,3
654244401,791,376,415,303
654244402,64,31,33,25
654244403,199,92,107,61
654244404,15,8,7,6
654244411,47,22,25,19
654244412,18,9,9,8
654244413,39,22,17,13
654244414,2,1,1,1
654244423,11,5,6,5
654244424,9,4,5,3
654244432,2,1,1,1
654244433,13,5,8,4
654244434,13,8,5,6
654244441,9,6,3,2
654244442,11,5,6,3
654244443,9,4,5,4
654244454,9,4,5,4
654244463,4,2,2,2
654244464,5,2,3,2
654244501,13,7,6,7
654244502,3,2,1,2
654244503,13,7,6,5
654244504,21,11,10,9
654244511,18,9,9,8
654244512,20,10,10,9
654244513,10,5,5,4
654244514,12,4,8,3
654244521,21,9,12,5
654244522,9,5,4,4
654244523,35,17,18,14
654244524,35,15,20,10
654244531,31,15,16,13
654244532,3,1,2,1
654244533,6,3,3,3
654244534,14,5,9,6
654244541,1,0,1,1
654244543,10,4,6,3
654244544,20,8,12,8
654244551,4,2,2,2
654244552,16,6,10,5
654244601,9,4,5,3
654244602,8,4,4,5
654244603,2,1,1,1
654244604,20,11,9,8
654244611,7,4,3,2
654244612,29,15,14,7
654244613,16,9,7,5
654244614,7,3,4,3
654244621,94,45,49,43
654244622,18,6,12,7
654244623,9,4,5,4
654244624,20,9,11,8
654244631,5,2,3,2
654244632,7,4,3,2
654244633,7,4,3,3
654244634,10,6,4,4
654244701,16,7,9,6
654244702,10,5,5,3
654244703,11,6,5,6
654244704,12,6,6,5
654244711,9,5,4,3
654244712,33,16,17,12
654244713,14,8,6,7
654244714,5,3,2,3
654244721,15,7,8,5
654244722,7,2,5,2
654244723,1,1,0,1
654244744,2,1,1,1
654244783,2,1,1,1
654244801,11,5,6,3
654244802,1,1,0,1
654244803,18,9,9,8
654244804,22,11,11,7
654244811,4,2,2,2
654244812,12,7,5,4
654244813,9,6,3,5
654244814,6,3,3,3
654244821,6,3,3,2
654244824,4,1,3,1
654244834,7,3,4,3
654244842,2,1,1,1
654244843,7,5,2,3
654244844,6,4,2,3
654244851,8,2,6,2
654244853,1,1,0,1
654244861,4,3,1,2
654244862,1,0,1,1
654244863,6,3,3,2
654244864,7,3,4,5
654244872,4,1,3,3
654244873,10,6,4,6
654244881,12,4,8,4
654244882,2,1,1,1
654244884,2,1,1,1
654244893,2,1,1,1
654244894,6,2,4,2
654244901,16,7,9,5
654244902,2,1,1,1
654244911,1,1,0,1
654244912,2,1,1,1
654244922,4,2,2,2
654244923,7,4,3,4
654244924,7,3,4,4
654244931,8,3,5,4
654244932,6,4,2,4
654244942,10,3,7,5
654244943,6,4,2,2
654244944,25,10,15,10
654244951,8,5,3,4
654244952,20,9,11,10
654244953,18,6,12,6
654244954,10,5,5,5
654244961,34,17,17,13
654244962,15,6,9,7
654244963,1,1,0,1
654244964,2,1,1,1
654244971,23,12,11,12
654244972,17,11,6,7
654244973,6,2,4,3
654244974,1,0,1,1
654244981,10,4,6,3
654244982,6,3,3,3
654245611,4,2,2,1
654245623,5,3,2,3
654245704,2,1,1,1
654245714,2,1,1,1
654245801,6,2,4,3
654245811,3,1,2,1
654245813,1,0,1,1
654246651,5,2,3,2
654247062,1,0,1,1
654247322,1,1,0,1
654247654,9,5,4,9
654247663,39,19,20,26
654247751,37,21,16,31
654247752,208,136,72,170
654247753,33,20,13,31
654247761,165,81,84,142
654247851,6,3,3,5
654250001,12,5,7,4
654250012,10,6,4,3
654250014,3,1,2,1
654250021,8,4,4,2
654250022,11,5,6,4
654250023,7,4,3,3
654250032,9,5,4,3
654250033,4,2,2,2
654250042,3,2,1,1
654250051,3,2,1,2
654250053,5,3,2,1
654250061,2,1,1,1
654250093,1,0,1,1
654250111,3,1,2,1
654250112,8,4,4,3
654250113,6,3,3,2
654250152,2,1,1,1
654250161,7,4,3,1
654250211,4,1,3,2
654250401,2,1,1,1
654250413,7,4,3,2
654250474,11,5,6,3
654250481,6,2,4,1
654250482,13,6,7,3
654250483,8,4,4,3
654250524,2,1,1,1
654250553,2,1,1,1
654250563,11,5,6,2
654250564,18,6,12,4
654250571,15,6,9,3
654250572,2,1,1,1
654250602,10,5,5,4
654250603,3,2,1,1
654250604,7,6,1,1
654250611,2,1,1,1
654250612,4,1,3,1
654250614,15,3,12,10
654250622,8,3,5,2
654250623,66,33,33,32
654250624,10,5,5,3
654250633,4,2,2,1
654250634,8,5,3,3
654250642,1,0,1,1
654250643,7,3,4,2
654250651,17,9,8,8
654250652,6,3,3,3
654250654,2,1,1,1
654250701,5,4,1,1
654250702,5,2,3,3
654250711,9,5,4,2
654250712,80,36,44,34
654250713,2,1,1,1
654250721,136,66,70,58
654250722,23,8,15,9
654250723,44,21,23,19
654250724,37,17,20,17
654250731,2,0,2,2
654250801,17,9,8,5
654250802,5,2,3,1
654250812,9,5,4,3
654250813,5,1,4,1
654250814,2,1,1,1
654250821,1,0,1,1
654250822,16,9,7,5
654250824,4,2,2,1
654250833,20,9,11,7
654250901,5,3,2,2
654250902,7,4,3,1
654250903,3,1,2,1
654250911,4,2,2,2
654250912,17,9,8,6
654250913,3,2,1,1
654250921,17,10,7,5
654250923,17,9,8,5
654250931,3,2,1,2
654250933,2,1,1,1
654250961,5,2,3,2
654250962,1,0,1,1
654250963,1,1,0,1
654250964,13,8,5,4
654250973,8,4,4,3
654250974,4,2,2,2
654251011,8,5,3,5
654251111,2,1,1,1
654251112,3,1,2,1
654252013,5,2,3,3
654252051,18,6,12,7
654252053,21,10,11,7
654252054,24,9,15,3
654252061,391,179,212,160
654252062,1331,585,746,557
654252063,876,392,484,414
654252064,1405,592,813,691
654252071,947,423,524,423
654252072,251,121,130,103
654252073,792,364,428,355
654252074,833,372,461,393
654252081,932,406,526,441
654252082,680,290,390,317
654252083,758,331,427,361
654252084,1002,455,547,440
654252091,31,17,14,15
654252092,261,123,138,117
654252093,32,14,18,20
654252094,543,237,306,249
654252102,3,1,2,1
654252104,6,4,2,3
654252112,11,5,6,4
654252113,2,1,1,1
654252114,4,1,3,1
654252123,1,1,0,1
654252124,6,3,3,2
654252132,21,10,11,7
654252133,5,3,2,1
654252134,159,71,88,66
654252141,9,3,6,4
654252142,165,63,102,45
654252143,64,30,34,27
654252144,17,7,10,8
654252151,386,177,209,163
654252152,273,123,150,111
654252153,417,197,220,180
654252154,1221,549,672,498
654252161,1314,606,708,588
654252162,1000,447,553,478
654252163,1107,469,638,506
654252164,776,351,425,361
654252171,561,251,310,270
654252172,824,373,451,426
654252173,493,219,274,216
654252174,669,252,417,307
654252181,686,310,376,330
654252182,102,43,59,40
654252183,695,276,419,345
654252184,301,143,158,223
654252191,108,60,48,58
654252192,848,413,435,511
654252193,938,389,549,557
654252194,1195,563,632,661
654252202,5,2,3,2
654252221,356,164,192,161
654252222,140,67,73,40
654252223,101,44,57,47
654252224,10,4,6,4
654252231,235,124,111,112
654252232,262,130,132,115
654252233,49,12,37,3
654252241,27,15,12,14
654252242,241,93,148,31
654252243,174,82,92,74
654252244,663,311,352,264
654252251,850,379,471,410
654252252,746,353,393,347
654252253,1105,499,606,490
654252254,1089,497,592,557
654252261,466,210,256,208
654252262,411,194,217,222
654252263,1049,457,592,475
654252264,604,274,330,297
654252271,1217,528,689,617
654252272,664,316,348,377
654252273,1078,487,591,538
654252274,1723,717,1006,830
654252281,1430,594,836,887
654252282,758,337,421,503
654252283,1484,643,841,826
654252284,777,319,458,454
654252291,1219,527,692,615
654252292,1194,552,642,711
654252293,1052,468,584,652
654252294,769,369,400,404
654252323,2,1,1,1
654252324,5,3,2,2
654252331,6,3,3,3
654252334,13,7,6,6
654252341,12,5,7,7
654252342,952,460,492,395
654252343,332,148,184,115
654252344,624,323,301,301
654252351,1121,526,595,500
654252352,1356,621,735,592
654252353,918,429,489,387
654252354,704,321,383,264
654252361,634,272,362,266
654252362,216,104,112,97
654252363,17,8,9,6
654252364,347,170,177,141
654252371,905,425,480,486
654252372,927,421,506,456
654252373,444,197,247,229
654252374,1114,519,595,547
654252381,800,356,444,426
654252382,297,133,164,175
654252383,1083,484,599,558
654252384,1489,646,843,729
654252391,616,255,361,334
654252392,1211,530,681,681
654252393,362,179,183,208
654252394,622,293,329,357
654252422,20,10,10,8
654252424,4,2,2,2
654252432,3,2,1,2
654252441,11,5,6,4
654252442,152,70,82,72
654252444,108,72,36,37
654252451,164,86,78,52
654252453,217,98,119,94
654252454,308,142,166,144
654252461,211,97,114,74
654252462,826,392,434,369
654252463,961,424,537,426
654252464,1494,673,821,645
654252471,1503,690,813,703
654252472,1137,556,581,601
654252473,1681,756,925,831
654252474,1374,620,754,780
654252481,1285,596,689,670
654252482,1456,668,788,789
654252483,1202,542,660,607
654252484,576,255,321,298
654252491,826,382,444,427
654252492,355,170,185,174
654252493,264,203,61,37
654252494,318,188,130,158
654252521,12,5,7,5
654252523,22,8,14,6
654252524,11,6,5,3
654252542,343,161,182,135
654252551,703,329,374,306
654252552,1039,489,550,480
654252553,18,7,11,10
654252554,579,269,310,241
654252561,774,361,413,317
654252562,1500,676,824,653
654252563,569,258,311,239
654252564,802,373,429,351
654252571,1286,629,657,561
654252572,1903,882,1021,893
654252573,1181,548,633,486
654252574,1350,630,720,561
654252581,1215,547,668,593
654252582,109,82,27,25
654252583,1174,532,642,519
654252584,1036,540,496,396
654252591,165,155,10,7
654252593,295,214,81,66
654252594,902,444,458,415
654252621,23,9,14,7
654252622,1,1,0,1
654252623,10,4,6,4
654252642,30,16,14,13
654252644,3,2,1,1
654252651,4,2,2,1
654252652,67,27,40,28
654252653,9,4,5,4
654252661,17,8,9,8
654252671,93,40,53,46
654252672,22,15,7,17
654252681,1373,653,720,557
654252682,1148,574,574,545
654252683,190,95,95,83
654252684,959,442,517,403
654252691,1075,522,553,501
654252692,1112,493,619,461
654252693,1324,635,689,594
654252694,1314,563,751,623
654252714,19,8,11,7
654252721,4,3,1,2
654252751,15,8,7,6
654252752,4,3,1,2
654252753,9,5,4,3
654252754,5,3,2,2
654252761,19,8,11,6
654252763,9,4,5,4
654252764,16,7,9,5
654252772,10,6,4,9
654252773,44,18,26,15
654252774,710,315,395,291
654252781,546,282,264,218
654252782,422,182,240,184
654252783,809,385,424,335
654252784,998,568,430,307
654252791,1398,617,781,626
654252792,1227,563,664,523
654252793,351,164,187,133
654252794,900,408,492,373
654252812,5,3,2,1
654252851,18,11,7,7
654252852,14,6,8,4
654252853,9,5,4,4
654252854,15,8,7,4
654252861,34,19,15,13
654252862,501,245,256,187
654252863,200,88,112,75
654252864,778,365,413,305
654252871,418,191,227,162
654252872,661,297,364,212
654252873,53,24,29,18
654252874,223,94,129,74
654252881,1031,487,544,378
654252882,1003,470,533,424
654252883,796,368,428,351
654252884,886,397,489,463
654252891,1033,490,543,405
654252892,460,162,298,58
654252893,827,385,442,319
654252894,650,269,381,149
654252951,13,6,7,5
654252952,13,6,7,4
654252953,3,1,2,2
654252954,33,17,16,12
654252961,64,31,33,22
654252962,825,403,422,266
654252964,17,10,7,7
654252971,46,21,25,18
654252972,7,4,3,4
654252973,14,7,7,6
654252974,15,7,8,7
654252981,25,12,13,11
654252982,68,31,37,26
654252983,11,5,6,4
654252984,17,9,8,4
654252991,498,250,248,172
654252992,318,159,159,56
654252993,161,104,57,15
654252994,572,225,347,9
654253001,833,379,454,438
654253002,1829,815,1014,869
654253003,928,445,483,438
654253004,1809,747,1062,1039
654253011,1622,738,884,776
654253012,1679,751,928,811
654253013,1532,649,883,806
654253014,1220,544,676,639
654253021,1661,760,901,801
654253022,1043,474,569,455
654253023,994,464,530,500
654253024,1398,635,763,645
654253031,1276,589,687,533
654253032,1361,637,724,469
654253033,1262,577,685,519
654253034,1095,510,585,399
654253041,23,11,12,7
654253042,10,3,7,2
654253044,12,6,6,5
654253051,20,11,9,7
654253052,21,8,13,8
654253053,26,12,14,12
654253054,25,11,14,13
654253061,15,7,8,6
654253062,11,5,6,4
654253063,19,10,9,9
654253064,10,6,4,3
654253071,18,9,9,7
654253073,37,18,19,11
654253074,13,5,8,6
654253082,22,12,10,7
654253083,14,8,6,6
654253084,7,3,4,4
654253093,7,4,3,3
654253094,10,4,6,3
654253101,1371,631,740,770
654253102,929,416,513,557
654253103,1206,568,638,658
654253104,1741,730,1011,864
654253111,1185,495,690,585
654253112,1166,521,645,581
654253113,1852,823,1029,946
654253114,1590,729,861,776
654253121,915,412,503,456
654253122,1460,683,777,677
654253123,1407,646,761,689
654253124,1281,615,666,589
654253131,1261,588,673,534
654253132,1207,570,637,434
654253133,1334,621,713,524
654253134,1096,514,582,388
654253141,467,227,240,142
654253142,25,13,12,11
654253143,606,301,305,189
654253144,39,18,21,13
654253151,56,29,27,20
654253152,84,34,50,20
654253153,48,22,26,20
654253154,35,15,20,16
654253161,28,14,14,12
654253162,5,3,2,1
654253163,33,18,15,14
654253171,32,15,17,13
654253172,19,10,9,6
654253173,18,9,9,9
654253174,9,5,4,4
654253181,6,3,3,3
654253194,1,1,0,1
654253201,991,425,566,519
654253202,1532,674,858,706
654253203,924,421,503,496
654253204,166,81,85,101
654253211,1336,622,714,684
654253212,1390,646,744,651
654253213,477,183,294,180
654253214,356,180,176,151
654253221,1179,555,624,568
654253222,1538,734,804,695
654253223,1014,468,546,515
654253224,1179,544,635,574
654253231,1522,707,815,619
654253232,1570,720,850,582
654253233,761,355,406,324
654253234,800,365,435,284
654253241,698,345,353,249
654253242,600,280,320,228
654253243,510,245,265,216
654253244,823,364,459,296
654253251,507,227,280,241
654253252,966,431,535,352
654253253,1013,459,554,430
654253254,886,413,473,381
654253261,43,17,26,21
654253262,50,23,27,21
654253263,4,2,2,2
654253271,84,38,46,34
654253272,55,28,27,23
654253273,9,4,5,5
654253274,9,4,5,4
654253281,2,1,1,1
654253283,41,19,22,15
654253284,22,9,13,9
654253291,8,4,4,2
654253292,10,5,5,4
654253293,19,8,11,7
654253294,27,12,15,9
654253301,1136,547,589,579
654253302,320,150,170,161
654253303,932,427,505,440
654253304,747,337,410,358
654253312,69,32,37,24
654253313,330,172,158,138
654253314,8,6,2,3
654253321,524,253,271,231
654253322,820,393,427,377
654253323,908,435,473,418
654253324,882,404,478,396
654253331,43,23,20,18
654253332,1,0,1,1
654253333,17,8,9,8
654253334,17,10,7,8
654253341,16,6,10,8
654253342,100,50,50,19
654253343,7,2,5,3
654253344,44,13,31,12
654253351,686,324,362,188
654253352,252,106,146,74
654253353,134,50,84,14
654253354,31,16,15,11
654253361,13,7,6,5
654253363,15,8,7,5
654253364,3,2,1,2
654253371,10,4,6,3
654253372,9,5,4,4
654253373,6,3,3,2
654253374,17,9,8,6
654253381,18,10,8,6
654253382,8,3,5,3
654253383,3,1,2,2
654253384,6,3,3,3
654253391,12,5,7,4
654253393,11,7,4,2
654253394,6,3,3,3
654253401,1076,494,582,538
654253402,1156,537,619,543
654253403,309,152,157,160
654253404,1362,658,704,641
654253411,462,219,243,227
654253412,591,280,311,303
654253413,1441,685,756,706
654253414,664,312,352,351
654253421,1400,669,731,659
654253422,997,451,546,455
654253423,1188,565,623,546
654253424,1569,729,840,677
654253431,1134,539,595,441
654253432,124,60,64,45
654253433,1796,847,949,722
654253434,1343,649,694,529
654253441,6,2,4,2
654253442,162,40,122,9
654253443,102,45,57,41
654253444,16,8,8,7
654253451,37,21,16,12
654253452,22,5,17,3
654253453,13,7,6,6
654253454,12,6,6,4
654253461,7,4,3,2
654253462,10,3,7,4
654253463,9,4,5,3
654253471,25,11,14,8
654253472,23,12,11,6
654253473,20,9,11,8
654253474,11,4,7,3
654253483,18,10,8,5
654253491,7,5,2,3
654253492,2,1,1,1
654253493,5,3,2,2
654253494,12,5,7,5
654253501,8,5,3,4
654253502,500,234,266,213
654253503,829,345,484,446
654253504,783,375,408,333
654253511,1073,505,568,474
654253512,277,136,141,163
654253513,832,400,432,389
654253514,227,107,120,94
654253521,692,332,360,323
654253522,664,316,348,233
654253523,104,50,54,37
654253524,247,125,122,101
654253531,1601,718,883,659
654253532,1389,651,738,580
654253533,991,478,513,412
654253534,1543,723,820,596
654253541,1202,559,643,464
654253542,86,40,46,29
654253543,1432,664,768,575
654253544,1091,541,550,344
654253551,6,3,3,3
654253552,22,9,13,10
654253553,24,12,12,10
654253554,10,5,5,4
654253561,12,6,6,4
654253562,9,6,3,4
654253563,9,6,3,4
654253564,8,4,4,3
654253571,5,2,3,3
654253572,4,2,2,1
654253573,13,8,5,5
654253574,15,6,9,5
654253581,9,4,5,5
654253583,2,0,2,2
654253584,19,8,11,7
654253591,3,2,1,1
654253592,5,2,3,2
654253593,12,6,6,5
654253594,10,4,6,4
654253601,1441,639,802,670
654253602,1359,631,728,659
654253603,1089,494,595,495
654253604,1397,645,752,590
654253611,1378,635,743,619
654253612,957,457,500,394
654253613,1089,492,597,474
654253614,1093,504,589,445
654253621,112,59,53,51
654253622,23,16,7,17
654253623,297,130,167,122
654253624,7,6,1,6
654253631,513,234,279,202
654253632,516,238,278,250
654253633,4,1,3,2
654253634,363,179,184,167
654253641,1638,727,911,736
654253642,853,409,444,331
654253643,1109,506,603,484
654253644,1010,498,512,432
654253651,199,91,108,94
654253652,75,20,55,12
654253653,614,296,318,235
654253654,126,62,64,51
654253661,26,12,14,10
654253662,15,9,6,5
654253663,11,5,6,6
654253664,15,6,9,6
654253671,10,5,5,4
654253672,2,1,1,1
654253673,16,6,10,5
654253674,5,3,2,2
654253681,3,1,2,1
654253682,40,19,21,19
654253683,12,6,6,3
654253684,7,3,4,2
654253691,2,1,1,1
654253692,4,2,2,2
654253693,11,6,5,5
654253694,11,6,5,4
654253701,1343,599,744,590
654253702,1346,612,734,591
654253703,1353,619,734,582
654253704,1499,701,798,610
654253711,1028,476,552,442
654253712,1053,482,571,433
654253713,1482,692,790,569
654253714,1413,657,756,568
654253721,995,447,548,392
654253722,19,10,9,7
654253723,482,238,244,186
654253724,43,13,30,15
654253731,13,7,6,6
654253732,12,6,6,4
654253734,12,5,7,3
654253741,481,216,265,215
654253742,510,238,272,213
654253743,64,22,42,36
654253744,889,459,430,485
654253751,671,315,356,276
654253752,873,425,448,362
654253753,1151,546,605,592
654253754,1122,523,599,518
654253761,14,6,8,5
654253762,16,7,9,5
654253763,349,170,179,141
654253772,16,8,8,6
654253774,3,1,2,3
654253782,4,1,3,2
654253783,6,3,3,3
654253784,9,5,4,2
654253791,1,1,0,1
654253792,28,8,20,13
654253793,14,6,8,6
654253794,5,2,3,2
654253801,719,356,363,282
654253802,1457,670,787,589
654253803,5,2,3,1
654253804,449,226,223,160
654253811,1152,556,596,429
654253812,691,313,378,247
654253813,487,236,251,173
654253814,14,7,7,5
654253821,674,324,350,235
654253822,12,7,5,5
654253823,89,39,50,29
654253824,3,1,2,2
654253831,28,10,18,11
654253833,389,175,214,165
654253834,76,32,44,29
654253841,14,6,8,6
654253842,350,170,180,163
654253844,8,3,5,2
654253851,670,293,377,289
654253852,742,362,380,358
654253853,37,18,19,17
654253854,73,37,36,32
654253861,62,33,29,35
654253862,13,6,7,4
654253863,29,15,14,11
654253864,13,9,4,5
654253871,10,5,5,6
654253872,18,6,12,8
654253873,66,22,44,9
654253882,13,8,5,6
654253883,11,4,7,4
654253884,21,13,8,8
654253891,21,9,12,8
654253892,14,7,7,5
654253893,14,4,10,5
654253894,27,15,12,12
654253902,12,8,4,4
654253904,16,8,8,4
654253911,4,3,1,3
654253912,15,7,8,6
654253913,12,6,6,4
654253914,15,5,10,4
654253921,13,7,6,5
654253922,412,195,217,166
654253923,97,46,51,32
654253924,718,332,386,269
654253931,555,257,298,222
654253932,80,31,49,35
654253933,24,10,14,10
654253934,18,8,10,8
654253941,2,0,2,2
654253943,13,7,6,4
654253944,2,1,1,1
654253951,5,1,4,1
654253952,15,7,8,7
654253954,5,1,4,2
654253961,8,4,4,4
654253962,41,18,23,15
654253963,13,6,7,5
654253964,33,14,19,11
654253971,22,9,13,9
654253972,23,11,12,11
654253973,39,15,24,13
654253974,138,56,82,50
654253981,5,2,3,2
654253982,31,16,15,11
654253983,49,24,25,23
654253984,9,5,4,3
654253991,6,2,4,4
654253992,8,4,4,2
654253993,8,4,4,4
654253994,33,11,22,10
654254004,23,12,11,7
654254011,10,5,5,4
654254012,16,8,8,7
654254013,20,7,13,8
654254014,5,2,3,2
654254021,4,2,2,2
654254023,17,9,8,6
654254024,10,5,5,5
654254032,5,3,2,2
654254033,1,1,0,1
654254034,23,12,11,12
654254041,22,11,11,8
654254042,19,9,10,6
654254043,2,1,1,1
654254051,16,7,9,6
654254052,1,0,1,1
654254061,1,1,0,1
654254101,10,7,3,4
654254102,11,5,6,6
654254103,9,4,5,3
654254132,11,6,5,5
654254134,7,3,4,3
654254141,2,1,1,1
654254201,7,3,4,2
654254203,8,4,4,3
654254204,1,0,1,1
654254212,3,2,1,2
654254213,7,3,4,3
654254244,5,3,2,3
654254301,11,5,6,3
654254302,16,8,8,7
654254303,9,4,5,3
654254304,5,2,3,4
654254312,5,2,3,1
654254313,7,3,4,3
654254354,5,2,3,2
654254401,3,1,2,2
654254402,3,1,2,2
654254403,12,7,5,3
654254404,6,3,3,3
654254443,3,2,1,1
654254501,2,1,1,1
654254502,5,4,1,1
654254504,8,4,4,3
654254513,8,5,3,2
654254514,2,1,1,1
654254532,4,1,3,1
654254541,5,4,1,1
654254543,2,1,1,1
654254551,1,0,1,1
654254601,21,12,9,6
654254602,6,3,3,2
654254603,2,1,1,1
654254604,29,12,17,11
654254611,4,1,3,2
654254612,2,1,1,1
654254613,28,11,17,10
654254614,8,4,4,3
654254621,5,2,3,3
654254622,1,0,1,1
654254623,4,2,2,1
654254624,6,2,4,2
654254632,7,4,3,3
654254633,4,1,3,2
654254641,8,5,3,4
654254643,8,4,4,4
654254644,13,7,6,4
654254653,4,2,2,1
654254663,1,1,0,1
654254664,10,2,8,3
654254671,1,0,1,1
654254701,22,8,14,8
654254702,26,13,13,8
654254703,29,13,16,9
654254704,2,1,1,1
654254711,12,7,5,4
654254712,40,22,18,11
654254713,19,8,11,7
654254714,22,12,10,6
654254721,10,5,5,5
654254722,4,2,2,2
654254723,9,4,5,5
654254724,5,3,2,1
654254731,13,5,8,6
654254741,4,1,3,1
654254742,4,2,2,1
654254743,3,2,1,1
654254754,4,2,2,2
654254793,4,2,2,2
654254801,23,12,11,7
654254802,56,29,27,20
654254803,98,56,42,37
654254804,366,174,192,133
654254811,28,15,13,10
654254812,63,28,35,25
654254813,518,243,275,212
654254814,53,29,24,20
654254821,18,10,8,6
654254822,8,4,4,2
654254823,11,5,6,6
654254824,29,16,13,11
654254831,10,5,5,4
654254832,6,2,4,2
654254833,5,3,2,1
654254834,13,8,5,5
654254841,6,4,2,2
654254843,5,2,3,2
654254854,10,5,5,3
654254862,9,3,6,3
654254863,3,2,1,2
654254864,12,5,7,6
654254871,5,3,2,2
654254873,6,2,4,3
654254874,11,6,5,3
654254881,4,1,3,1
654254882,2,1,1,1
654254883,3,1,2,1
654254894,5,1,4,2
654254901,80,37,43,27
654254902,592,268,324,189
654254903,13,7,6,7
654254904,191,79,112,69
654254911,455,209,246,199
654254912,385,176,209,168
654254913,507,218,289,208
654254914,162,72,90,73
654254921,99,51,48,35
654254922,3,1,2,3
654254923,220,99,121,104
654254924,59,17,42,5
654254931,10,5,5,2
654254932,2,1,1,1
654254933,13,6,7,5
654254934,7,4,3,2
654254941,15,7,8,7
654254942,13,6,7,4
654254943,3,1,2,1
654254951,9,5,4,4
654254952,12,7,5,2
654254954,5,3,2,2
654254961,20,11,9,6
654254962,3,2,1,2
654254963,6,5,1,3
654255701,2,0,2,2
654255781,1,1,0,1
654255871,2,1,1,1
654255872,1,0,1,1
654255962,1,1,0,1
654256634,3,2,1,2
654256674,13,7,6,7
654256722,3,2,1,1
654256723,6,3,3,2
654256794,2,1,1,1
654256853,7,4,3,2
654256923,8,4,4,2
654256932,12,6,6,2
654256933,3,1,2,2
654256934,6,4,2,2
654256941,8,5,3,5
654256942,5,2,3,3
654256943,1,1,0,1
654257223,8,5,3,6
654257321,1,1,0,1
654257323,2,2,0,2
654257414,4,2,2,1
654257421,6,4,2,4
654257602,1,1,0,1
654260011,10,5,5,4
654260014,8,2,6,1
654260021,9,5,4,4
654260022,8,5,3,3
654260041,4,1,3,1
654260044,10,5,5,2
654260052,7,4,3,3
654260061,13,7,6,5
654260062,2,1,1,1
654260064,3,1,2,1
654260071,5,2,3,1
654260072,10,4,6,3
654260073,6,4,2,2
654260074,1,1,0,1
654260103,1,1,0,1
654260171,7,3,4,1
654260172,21,11,10,6
654260174,4,2,2,2
654260183,1,0,1,1
654260202,3,1,2,1
654260281,17,7,10,5
654260282,8,4,4,2
654260284,16,8,8,6
654260291,2,1,1,1
654260293,24,11,13,9
654260294,6,3,3,2
654260381,3,1,2,1
654260583,6,3,3,1
654260672,2,1,1,1
654260674,12,5,7,7
654260681,20,12,8,9
654260683,5,2,3,2
654260781,4,2,2,2
654260783,5,2,3,3
654260881,9,6,3,4
654260983,3,1,2,1
654261584,2,1,1,1
654261664,3,2,1,1
654261682,4,2,2,1
654261683,4,2,2,1
654261684,19,7,12,7
654261692,5,3,2,3
654261693,36,18,18,15
654261772,2,1,1,1
654261781,2,1,1,1
654261783,3,2,1,2
654261791,4,2,2,2
654261793,8,5,3,3
654261874,3,1,2,1
654261881,2,1,1,1
654261884,8,5,3,3
654261893,4,2,2,2
654261973,2,1,1,1
654261992,7,3,4,2
654262024,1,1,0,1
654262051,12,7,5,5
654262052,5,3,2,3
654262053,12,6,6,5
654262054,20,11,9,7
654262061,13,5,8,3
654262062,7,3,4,3
654262063,12,4,8,6
654262064,4,2,2,2
654262071,25,13,12,11
654262072,13,6,7,6
654262073,21,9,12,7
654262074,158,73,85,50
654262081,12,7,5,4
654262082,13,5,8,5
654262083,698,332,366,240
654262084,23,12,11,9
654262091,12,6,6,5
654262092,9,4,5,3
654262093,20,10,10,8
654262094,2,1,1,1
654262111,6,2,4,2
654262142,6,2,4,4
654262151,10,4,6,3
654262152,14,8,6,4
654262154,15,10,5,5
654262161,16,7,9,6
654262162,14,7,7,5
654262163,24,10,14,8
654262164,5,2,3,2
654262171,10,4,6,3
654262172,2,0,2,1
654262173,5,1,4,2
654262174,30,12,18,11
654262181,492,232,260,189
654262182,358,153,205,115
654262183,301,142,159,145
654262184,282,134,148,103
654262191,65,27,38,25
654262192,9,3,6,5
654262193,10,5,5,3
654262194,10,6,4,3
654262204,1,0,1,1
654262252,15,6,9,5
654262254,4,2,2,3
654262261,10,4,6,3
654262262,13,6,7,6
654262263,9,5,4,3
654262264,9,5,4,3
654262271,3,1,2,1
654262272,5,3,2,2
654262273,19,8,11,6
654262274,9,5,4,3
654262281,21,9,12,10
654262282,23,13,10,7
654262283,25,10,15,9
654262284,3,2,1,1
654262291,18,9,9,6
654262292,16,5,11,6
654262293,8,3,5,3
654262294,21,8,13,8
654262304,2,1,1,1
654262352,7,3,4,4
654262354,3,1,2,1
654262361,14,8,6,6
654262362,8,4,4,2
654262363,6,4,2,3
654262364,18,8,10,5
654262371,13,5,8,4
654262372,20,10,10,6
654262373,6,3,3,3
654262374,8,2,6,2
654262381,4,1,3,2
654262382,10,4,6,4
654262383,11,6,5,4
654262384,7,2,5,3
654262391,19,11,8,5
654262392,12,6,6,3
654262393,7,3,4,4
654262394,13,6,7,6
654262403,2,1,1,1
654262404,1,0,1,1
654262453,42,23,19,1
654262461,63,32,31,23
654262462,3,1,2,1
654262463,3,2,1,2
654262464,4,1,3,4
654262471,11,4,7,5
654262472,14,8,6,6
654262473,6,3,3,2
654262474,13,7,6,4
654262481,3,1,2,2
654262482,19,10,9,6
654262483,14,6,8,6
654262484,2,1,1,1
654262491,4,2,2,1
654262492,4,2,2,2
654262493,19,8,11,8
654262494,5,3,2,2
654262501,2,1,1,1
654262502,2,1,1,1
654262503,8,5,3,6
654262552,1,0,1,1
654262554,7,4,3,5
654262561,13,7,6,7
654262562,6,4,2,4
654262563,9,4,5,4
654262571,3,2,1,1
654262572,4,2,2,2
654262573,7,4,3,3
654262574,7,3,4,4
654262581,11,5,6,5
654262582,15,7,8,6
654262583,3,2,1,2
654262584,2,1,1,1
654262591,14,5,9,3
654262592,97,44,53,42
654262593,10,7,3,3
654262594,32,16,16,13
654262641,2,1,1,1
654262652,8,4,4,4
654262654,5,2,3,1
654262661,6,2,4,2
654262662,11,4,7,6
654262663,14,5,9,6
654262671,7,3,4,4
654262672,8,5,3,1
654262673,9,5,4,4
654262681,8,5,3,3
654262682,7,3,4,2
654262684,22,11,11,10
654262691,9,4,5,5
654262692,9,5,4,4
654262694,2,1,1,2
654262762,6,2,4,2
654262763,7,3,4,2
654262771,5,2,3,1
654262772,6,4,2,2
654262773,13,6,7,5
654262774,15,9,6,6
654262781,6,2,4,4
654262783,2,1,1,1
654262784,2,1,1,1
654262792,4,2,2,2
654262794,3,1,2,2
654262844,3,2,1,1
654262853,8,3,5,3
654262854,4,3,1,1
654262863,3,1,2,1
654262864,31,14,17,11
654262871,25,12,13,10
654262872,4,2,2,1
654262873,3,2,1,3
654262881,2,1,1,1
654262892,5,3,2,2
654262894,11,7,4,6
654262942,6,3,3,2
654262951,5,3,2,2
654262952,3,1,2,1
654262962,9,6,3,5
654262964,4,2,2,2
654262971,13,7,6,3
654262972,2,1,1,1
654262973,5,3,2,2
654262991,2,1,1,1
654262992,9,5,4,3
654262993,3,1,2,1
654263001,3,1,2,1
654263002,13,6,7,4
654263003,9,4,5,3
654263004,3,2,1,1
654263013,8,5,3,1
654263014,36,18,18,12
654263021,26,14,12,9
654263022,31,13,18,13
654263023,6,3,3,3
654263024,20,7,13,5
654263031,6,4,2,2
654263032,10,5,5,4
654263033,17,8,9,8
654263034,20,6,14,6
654263041,9,3,6,6
654263042,22,10,12,7
654263043,9,5,4,4
654263044,23,10,13,10
654263051,7,3,4,3
654263053,8,3,5,3
654263054,26,12,14,8
654263061,3,2,1,1
654263062,14,6,8,5
654263072,139,58,81,56
654263074,4,2,2,2
654263081,87,42,45,33
654263082,36,15,21,15
654263083,79,33,46,31
654263084,20,7,13,9
654263091,28,12,16,10
654263092,11,5,6,4
654263093,11,6,5,3
654263094,40,16,24,16
654263101,12,5,7,6
654263102,12,4,8,4
654263103,17,8,9,6
654263104,30,16,14,9
654263112,2,1,1,1
654263113,28,9,19,9
654263121,8,4,4,3
654263124,9,4,5,5
654263131,4,2,2,2
654263132,48,26,22,18
654263133,8,5,3,4
654263134,3,1,2,1
654263141,4,2,2,3
654263142,29,15,14,9
654263143,23,12,11,9
654263144,11,3,8,4
654263151,13,6,7,5
654263152,3,2,1,2
654263153,7,3,4,3
654263154,99,33,66,7
654263161,8,4,4,2
654263162,13,8,5,5
654263163,2,2,0,1
654263164,10,6,4,3
654263171,6,3,3,3
654263172,2,1,1,1
654263173,18,11,7,6
654263174,7,4,3,2
654263181,13,6,7,4
654263182,20,9,11,6
654263183,5,2,3,1
654263184,17,9,8,6
654263191,4,1,3,2
654263192,17,8,9,5
654263193,20,11,9,9
654263194,21,11,10,8
654263201,8,4,4,4
654263202,9,4,5,4
654263203,4,2,2,2
654263204,7,3,4,2
654263211,7,3,4,3
654263212,34,16,18,10
654263213,16,8,8,5
654263214,20,11,9,4
654263221,9,4,5,3
654263222,12,7,5,4
654263223,12,7,5,6
654263224,18,7,11,6
654263231,4,2,2,2
654263232,9,4,5,3
654263234,14,6,8,4
654263241,11,6,5,3
654263242,15,6,9,6
654263243,5,1,4,2
654263244,8,3,5,3
654263251,10,5,5,5
654263252,15,6,9,5
654263253,99,68,31,55
654263254,313,312,1,2
654263262,5,3,2,2
654263264,6,2,4,1
654263271,24,11,13,7
654263272,5,3,2,3
654263273,10,5,5,4
654263274,21,11,10,8
654263281,6,1,5,3
654263283,8,3,5,3
654263284,12,5,7,4
654263291,9,4,5,2
654263292,5,1,4,3
654263293,2,1,1,1
654263294,6,3,3,2
654263301,5,2,3,2
654263302,4,2,2,1
654263303,5,3,2,2
654263304,20,10,10,5
654263311,6,3,3,2
654263312,11,4,7,3
654263313,29,17,12,6
654263314,7,3,4,2
654263321,3,1,2,1
654263322,6,3,3,3
654263323,11,6,5,4
654263324,7,3,4,4
654263331,13,5,8,4
654263332,5,2,3,2
654263334,7,3,4,3
654263341,8,3,5,4
654263342,10,6,4,5
654263343,9,4,5,4
654263344,7,3,4,3
654263351,6,2,4,3
654263352,6,1,5,2
654263353,15,10,5,6
654263354,2,1,1,1
654263362,8,3,5,2
654263364,8,4,4,2
654263371,11,5,6,6
654263372,22,11,11,10
654263373,18,8,10,7
654263374,17,10,7,4
654263381,5,3,2,2
654263382,7,4,3,2
654263383,13,7,6,4
654263384,4,2,2,2
654263391,6,2,4,3
654263392,4,2,2,1
654263393,20,8,12,7
654263394,12,7,5,3
654263401,7,3,4,4
654263402,13,8,5,4
654263403,4,2,2,2
654263404,10,5,5,3
654263411,15,6,9,7
654263413,5,3,2,2
654263414,3,2,1,1
654263421,6,3,3,3
654263422,5,3,2,2
654263423,8,4,4,3
654263424,6,3,3,2
654263432,5,2,3,2
654263433,10,5,5,4
654263434,13,6,7,5
654263441,24,11,13,10
654263442,4,2,2,2
654263443,7,3,4,2
654263451,18,7,11,4
654263452,3,2,1,1
654263453,6,2,4,3
654263454,7,3,4,1
654263462,4,2,2,2
654263463,8,3,5,3
654263464,2,1,1,1
654263471,21,12,9,11
654263472,205,94,111,93
654263473,14,8,6,5
654263474,244,112,132,116
654263481,373,171,202,145
654263482,90,41,49,36
654263483,475,227,248,209
654263484,198,88,110,74
654263491,45,23,22,14
654263492,3,1,2,2
654263493,13,7,6,8
654263494,5,2,3,4
654263501,2,2,0,2
654263502,2,1,1,1
654263503,11,5,6,3
654263511,6,3,3,3
654263512,5,2,3,2
654263513,2,1,1,1
654263522,6,4,2,2
654263523,6,2,4,2
654263531,14,8,6,5
654263532,6,3,3,2
654263533,5,3,2,3
654263534,8,5,3,2
654263541,7,3,4,2
654263562,7,3,4,4
654263564,4,1,3,1
654263571,20,10,10,8
654263572,205,98,107,86
654263573,20,10,10,5
654263574,10,4,6,5
654263581,497,232,265,192
654263582,100,38,62,46
654263583,239,117,122,82
654263584,36,17,19,16
654263591,2,0,2,2
654263592,4,1,3,4
654263593,25,12,13,8
654263594,11,5,6,4
654263601,8,3,5,3
654263602,2,1,1,1
654263603,6,2,4,3
654263604,1,0,1,1
654263611,2,1,1,1
654263613,4,1,3,1
654263614,14,7,7,3
654263621,7,3,4,3
654263622,6,2,4,2
654263623,2,1,1,1
654263624,3,2,1,1
654263632,14,6,8,5
654263633,28,14,14,12
654263634,16,8,8,6
654263643,2,1,1,1
654263662,10,5,5,5
654263664,6,2,4,3
654263671,7,3,4,2
654263672,6,2,4,2
654263673,15,7,8,5
654263674,12,6,6,3
654263681,6,3,3,3
654263682,11,7,4,3
654263683,8,3,5,3
654263684,22,11,11,6
654263691,15,7,8,6
654263692,24,11,13,7
654263693,5,2,3,2
654263694,15,6,9,7
654263712,11,5,6,4
654263713,1,1,0,1
654263714,5,2,3,2
654263721,6,4,2,2
654263722,3,1,2,1
654263723,5,1,4,2
654263732,8,4,4,4
654263733,2,1,1,1
654263743,1,0,1,1
654263771,7,5,2,4
654263772,11,6,5,3
654263773,6,2,4,2
654263774,5,2,3,4
654263781,3,2,1,1
654263782,3,1,2,1
654263783,11,5,6,4
654263784,3,2,1,2
654263791,25,14,11,7
654263792,25,13,12,6
654263793,17,6,11,6
654263794,8,4,4,4
654263811,2,1,1,1
654263871,3,1,2,1
654263872,4,3,1,2
654263881,11,5,6,5
654263882,20,10,10,6
654263883,5,3,2,2
654263884,10,5,5,3
654263891,18,10,8,6
654263892,8,4,4,3
654263893,5,3,2,1
654263894,6,3,3,3
654263972,2,1,1,1
654263974,1,0,1,1
654263981,3,2,1,1
654263982,16,9,7,5
654263983,16,8,8,7
654263984,7,3,4,3
654263991,6,2,4,4
654263993,22,12,10,10
654263994,7,3,4,5
654264001,32,18,14,10
654264002,20,10,10,7
654264003,12,7,5,5
654264004,12,6,6,5
654264011,30,14,16,14
654264012,36,18,18,13
654264013,20,8,12,8
654264014,9,5,4,4
654264021,24,12,12,13
654264022,8,4,4,4
654264031,10,5,5,4
654264032,12,6,6,3
654264033,17,8,9,7
654264034,10,5,5,4
654264043,2,1,1,1
654264044,6,3,3,3
654264051,6,3,3,2
654264053,6,3,3,2
654264054,2,0,2,2
654264101,9,5,4,4
654264102,12,4,8,2
654264103,28,12,16,7
654264104,14,7,7,6
654264111,14,6,8,7
654264112,16,8,8,5
654264113,6,2,4,2
654264114,12,4,8,8
654264121,6,3,3,3
654264122,8,3,5,3
654264123,13,6,7,5
654264124,17,8,9,7
654264131,7,4,3,3
654264132,9,2,7,3
654264133,11,6,5,3
654264134,7,3,4,3
654264141,2,1,1,1
654264143,25,12,13,7
654264144,6,3,3,2
654264201,14,5,9,4
654264202,13,6,7,6
654264203,13,7,6,4
654264204,14,5,9,6
654264211,11,5,6,3
654264212,14,7,7,4
654264214,29,16,13,11
654264221,7,2,5,4
654264222,16,8,8,7
654264223,11,5,6,5
654264224,22,12,10,9
654264231,3,1,2,2
654264232,1,1,0,1
654264233,16,6,10,5
654264241,14,7,7,7
654264242,6,2,4,2
654264243,11,5,6,4
654264244,21,10,11,4
654264283,1,0,1,1
654264284,6,4,2,1
654264301,11,5,6,2
654264302,10,6,4,4
654264303,3,1,2,1
654264304,17,6,11,6
654264311,6,1,5,4
654264312,10,5,5,4
654264313,7,3,4,4
654264314,10,5,5,5
654264321,20,12,8,8
654264322,13,8,5,5
654264323,2,1,1,1
654264324,10,5,5,5
654264331,12,6,6,5
654264342,14,7,7,6
654264343,2,1,1,1
654264344,4,2,2,2
654264353,2,1,1,1
654264364,5,2,3,2
654264391,4,1,3,2
654264401,1,0,1,1
654264402,8,4,4,4
654264403,3,0,3,3
654264404,7,4,3,2
654264411,16,8,8,7
654264412,7,4,3,2
654264413,17,10,7,6
654264414,36,19,17,15
654264422,3,1,2,2
654264423,11,6,5,4
654264424,6,2,4,3
654264431,9,4,5,4
654264432,2,1,1,1
654264433,13,6,7,5
654264434,3,2,1,1
654264441,8,4,4,2
654264442,6,3,3,2
654264443,6,3,3,2
654264451,4,2,2,2
654264452,5,3,2,3
654264463,5,1,4,3
654264501,5,3,2,3
654264503,12,6,6,6
654264504,5,3,2,2
654264511,2,1,1,1
654264512,47,20,27,22
654264514,14,5,9,8
654264521,2,1,1,1
654264522,20,8,12,5
654264523,11,5,6,5
654264524,22,10,12,5
654264531,20,9,11,6
654264533,3,2,1,1
654264534,3,2,1,1
654264541,4,1,3,1
654264551,1,0,1,1
654264601,2,1,1,1
654264602,6,3,3,3
654264603,18,9,9,5
654264604,4,2,2,2
654264612,7,3,4,2
654264613,3,1,2,1
654264614,9,5,4,3
654264621,17,7,10,8
654264622,15,9,6,5
654264623,10,4,6,5
654264624,4,2,2,1
654264631,2,1,1,1
654264641,2,1,1,1
654264663,1,0,1,1
654264672,1,0,1,1
654264673,5,2,3,2
654264674,4,2,2,2
654264701,1,1,0,1
654264702,13,5,8,4
654264703,22,10,12,10
654264704,13,7,6,4
654264711,4,2,2,2
654264712,5,2,3,1
654264713,16,8,8,6
654264714,14,5,9,5
654264722,14,4,10,3
654264734,6,3,3,2
654264742,5,4,1,1
654264743,2,1,1,1
654264752,5,2,3,3
654264754,2,1,1,1
654264761,8,4,4,4
654264762,25,12,13,8
654264763,49,22,27,20
654264764,74,35,39,36
654264771,2,1,1,1
654264772,28,15,13,10
654264773,14,7,7,6
654264774,26,12,14,7
654264783,10,6,4,3
654264784,23,12,11,9
654264793,7,4,3,3
654264801,6,4,2,3
654264802,10,6,4,4
654264803,20,11,9,6
654264804,3,2,1,1
654264811,2,0,2,2
654264812,3,1,2,2
654264813,11,6,5,5
654264814,10,5,5,3
654264821,12,7,5,4
654264823,4,3,1,2
654264824,4,2,2,1
654264831,4,2,2,1
654264832,3,1,2,2
654264833,4,2,2,1
654264834,19,10,9,7
654264841,25,10,15,10
654264842,4,2,2,2
654264843,11,5,6,6
654264844,17,9,8,10
654264852,287,141,146,112
654264853,60,23,37,21
654264854,505,229,276,197
654264861,132,68,64,57
654264862,162,81,81,90
654264863,253,120,133,111
654264871,20,10,10,8
654264872,6,3,3,2
654264881,5,3,2,1
654264882,14,5,9,3
654264883,11,4,7,4
654264884,3,2,1,1
654264891,5,1,4,2
654264892,9,4,5,4
654264893,10,4,6,3
654264894,1,1,0,1
654264901,2,1,1,1
654264921,5,3,2,2
654264932,2,1,1,1
654264934,9,5,4,4
654264941,3,1,2,1
654264942,4,1,3,1
654264952,225,101,124,85
654264954,17,8,9,8
654264961,267,121,146,118
654264963,80,19,61,10
654264981,18,10,8,4
654264982,2,1,1,1
654264991,26,8,18,3
654265062,7,5,2,2
654265063,3,2,1,2
654265064,20,11,9,7
654265074,11,7,4,3
654265083,4,1,3,2
654265094,2,0,2,2
654265154,17,8,9,10
654265162,23,12,11,7
654265171,13,8,5,6
654265172,10,3,7,5
654265173,10,3,7,4
654265174,2,1,1,1
654265181,7,3,4,3
654265182,7,4,3,6
654265184,2,1,1,1
654265191,5,4,1,4
654265193,4,3,1,2
654265244,4,2,2,1
654265251,11,6,5,7
654265252,86,43,43,44
654265253,6,3,3,3
654265254,14,8,6,5
654265261,4,2,2,1
654265292,6,2,4,2
654265341,2,1,1,2
654265342,5,1,4,2
654265343,10,5,5,3
654265344,10,5,5,5
654265351,10,5,5,3
654265352,10,4,6,3
654265353,19,11,8,6
654265361,3,1,2,1
654265364,3,1,2,2
654265394,3,1,2,1
654265432,12,6,6,4
654265433,5,2,3,3
654265434,4,2,2,2
654265441,7,3,4,2
654265442,11,7,4,5
654265444,3,1,2,1
654265471,4,2,2,1
654265472,2,1,1,1
654265493,5,1,4,3
654265524,5,2,3,2
654265531,6,4,2,2
654265532,16,9,7,5
654265533,18,7,11,4
654265583,4,3,1,1
654265592,1,0,1,1
654265624,9,5,4,3
654265633,12,7,5,5
654265713,8,5,3,3
654265714,25,14,11,10
654265721,33,14,19,16
654265722,16,6,10,9
654265723,18,9,9,8
654265724,6,3,3,2
654265801,8,3,5,4
654265802,9,3,6,6
654265803,13,7,6,5
654265804,18,9,9,6
654265811,8,4,4,3
654265812,22,12,10,7
654265813,7,3,4,5
654265814,14,7,7,6
654265821,6,2,4,2
654265822,16,8,8,6
654265823,13,6,7,4
654265833,1,1,0,1
654265901,9,5,4,3
654265902,3,2,1,2
654266001,10,5,5,4
654266003,4,3,1,2
654266004,7,3,4,4
654266011,3,2,1,2
654266012,12,7,5,4
654266013,8,2,6,6
654266014,4,0,4,4
654266021,2,0,2,2
654266022,1,0,1,1
654266023,2,0,2,2
654266024,7,4,3,4
654266034,2,1,1,1
654266102,17,8,9,6
654266103,13,6,7,7
654266104,249,131,118,130
654266111,167,77,90,72
654266112,170,78,92,80
654266113,326,148,178,169
654266114,464,215,249,213
654266121,222,100,122,106
654266122,91,40,51,42
654266123,329,148,181,157
654266124,264,147,117,132
654266131,2,1,1,1
654266132,2,1,1,1
654266133,12,5,7,7
654266134,2,1,1,1
654266201,71,33,38,35
654266202,170,81,89,86
654266204,79,26,53,12
654266211,501,208,293,220
654266212,322,144,178,149
654266213,53,24,29,20
654266214,16,8,8,9
654266221,123,54,69,57
654266254,2,1,1,2
654266321,11,7,4,3
654266344,18,9,9,9
654270072,16,7,9,5
654270894,3,2,1,1
654270994,11,6,5,4
654271064,4,2,2,1
654271071,8,5,3,3
654271221,3,2,1,2
654271322,2,1,1,1
654271333,5,3,2,1
654271424,11,6,5,3
654271431,4,3,1,1
654271432,5,3,2,2
654271434,3,1,2,1
654271522,19,9,10,7
654271532,2,1,1,1
654271543,4,2,2,1
654271612,2,1,1,1
654271621,5,4,1,2
654271634,1,0,1,1
654271642,6,2,4,2
654271643,17,6,11,7
654271644,2,1,1,1
654271663,5,3,2,2
654271673,8,4,4,3
654271714,1,0,1,1
654271721,2,1,1,1
654271723,4,2,2,2
654271742,3,1,2,1
654271752,1,0,1,1
654271754,2,1,1,1
654271812,4,2,2,1
654271813,10,5,5,3
654271814,2,1,1,1
654271823,1,1,0,1
654271831,12,6,6,6
654271832,5,3,2,2
654271833,4,2,2,2
654271851,7,4,3,2
654271852,2,1,1,1
654271853,4,1,3,1
654271904,5,4,1,2
654271911,5,3,2,3
654271912,9,4,5,3
654271913,5,3,2,2
654271931,2,1,1,1
654271934,6,3,3,2
654271942,2,1,1,1
654271943,4,2,2,2
654272063,14,8,6,4
654272091,10,5,5,4
654272092,2,1,1,1
654272093,1,1,0,1
654272161,3,1,2,1
654272522,5,2,3,1
654272524,11,6,5,3
654272631,4,2,2,1
654272633,2,1,1,1
654272722,5,3,2,3
654272731,5,1,4,1
654272823,1,1,0,1
654272934,4,2,2,2
654272941,9,4,5,2
654272943,7,4,3,3
654273072,7,2,5,3
654273074,7,4,3,3
654273081,18,9,9,6
654273082,4,2,2,2
654273083,34,16,18,19
654273084,2,2,0,2
654273091,13,7,6,6
654273093,2,1,1,1
654273152,4,2,2,2
654273162,1,0,1,1
654273171,3,2,1,2
654273172,35,16,19,12
654273173,2,1,1,1
654273174,4,2,2,3
654273181,12,5,7,6
654273194,1,1,0,1
654273273,4,1,3,2
654273292,1,1,0,1
654273294,2,1,1,1
654273362,1,0,1,1
654273371,2,1,1,1
654273461,4,3,1,2
654273652,2,1,1,1
654273661,4,2,2,3
654273663,3,1,2,2
654273763,2,1,1,1
654273801,9,5,4,2
654273804,7,3,4,4
654273813,14,6,8,4
654273814,5,1,4,1
654273823,6,4,2,2
654273831,4,2,2,1
654273833,2,1,1,1
654273854,3,2,1,1
654273902,6,3,3,3
654273903,6,3,3,1
654273904,9,4,5,3
654273911,6,3,3,2
654273912,6,2,4,2
654273913,8,3,5,2
654273914,11,5,6,3
654273921,9,4,5,3
654273923,5,2,3,2
654273924,23,12,11,11
654273931,6,4,2,2
654273943,10,3,7,4
654273953,8,3,5,4
654273954,3,2,1,2
654274032,6,2,4,1
654274051,7,5,2,2
654274052,18,8,10,8
654274054,4,0,4,4
654274061,2,1,1,1
654274063,7,4,3,2
654274161,7,3,4,3
654274162,19,11,8,7
654274164,27,14,13,7
654274262,16,9,7,4
654274264,3,2,1,1
654274271,8,5,3,2
654274273,2,1,1,1
654274362,21,11,10,4
654274371,5,3,2,3
654274372,20,12,8,4
654274373,5,3,2,2
654274374,20,10,10,6
654274481,3,0,3,3
654274482,13,7,6,5
654274483,3,1,2,1
654274484,3,2,1,2
654274494,6,3,3,1
654274582,5,2,3,1
654274592,2,1,1,1
654274884,2,1,1,1
654275503,3,2,1,1
654301344,8,5,3,4
654301353,98,53,45,60
654301354,2,0,2,1
654301451,20,8,12,8
654302264,2,1,1,2
654302363,3,2,1,1
654302664,4,2,2,1
654303011,2,2,0,1
654303022,2,2,0,1
654303033,3,1,2,2
654303051,3,2,1,2
654303052,1,0,1,1
654303054,2,1,1,1
654303061,1,1,0,1
654303063,8,4,4,3
654303082,1,1,0,1
654303162,1,0,1,1
654303164,3,2,1,1
654303174,2,1,1,2
654303202,4,1,3,1
654303214,6,4,2,2
654303264,2,2,0,1
654303272,5,2,3,1
654303281,5,2,3,1
654303282,2,1,1,1
654303312,10,5,5,3
654303313,2,1,1,1
654303351,3,1,2,1
654303354,2,1,1,1
654303364,4,2,2,1
654303373,3,1,2,1
654303381,5,3,2,2
654303413,3,2,1,1
654303471,10,6,4,3
654303472,3,2,1,1
654303473,3,2,1,1
654304054,4,2,2,1
654304073,8,5,3,3
654304074,2,2,0,1
654304152,4,2,2,2
654304153,5,2,3,2
654304161,3,1,2,1
654304171,3,1,2,1
654304173,11,5,6,3
654304183,23,9,14,10
654304213,4,3,1,1
654304231,8,3,5,3
654304242,4,2,2,2
654304244,8,4,4,1
654304281,42,21,21,24
654304282,1,1,0,1
654304293,5,2,3,2
654304341,1,1,0,1
654304343,4,2,2,1
654304344,1,1,0,1
654304353,1,0,1,1
654304391,9,6,3,4
654304392,2,1,1,1
654304402,10,4,6,2
654304411,7,3,4,2
654304421,6,1,5,2
654304423,3,2,1,1
654304424,4,3,1,2
654304431,3,2,1,1
654304432,4,1,3,2
654304441,1,1,0,1
654304523,5,2,3,1
654304531,1,1,0,1
654304564,2,1,1,1
654304612,2,1,1,1
654304663,6,4,2,1
654305412,6,4,2,1
654305413,17,8,9,4
654305424,6,5,1,1
654305444,2,1,1,1
654305452,6,2,4,1
654305512,5,2,3,2
654305514,2,1,1,1
654305522,1,0,1,1
654305532,2,1,1,1
654305541,3,2,1,1
654305543,7,3,4,2
654305544,2,1,1,1
654305623,1,0,1,1
654305634,2,1,1,1
654305643,32,15,17,14
654305644,14,7,7,7
654305651,2,1,1,1
654305654,8,3,5,2
654305714,3,1,2,2
654305741,27,13,14,13
654305742,8,6,2,5
654305744,1,0,1,1
654305752,1,0,1,1
654305753,2,1,1,1
654305754,3,1,2,1
654305763,3,1,2,1
654305764,5,3,2,1
654305811,2,0,2,2
654305851,6,4,2,2
654305862,3,2,1,1
654305873,3,1,2,2
654305942,2,1,1,1
654305943,6,4,2,2
654305951,3,1,2,1
654305962,5,2,3,2
654305964,4,2,2,1
654306004,2,1,1,1
654306074,4,3,1,2
654306112,7,2,5,2
654306194,6,3,3,1
654306224,10,5,5,5
654306231,2,1,1,1
654306232,6,4,2,2
654306244,5,3,2,2
654306322,2,1,1,1
654306331,7,3,4,2
654306333,2,1,1,1
654306361,3,2,1,2
654306371,2,1,1,1
654306383,10,6,4,2
654306384,2,1,1,1
654306432,7,3,4,2
654306482,6,5,1,1
654306532,2,1,1,1
654306543,5,2,3,1
654306844,3,1,2,1
654307113,3,2,1,1
654307504,6,3,3,2
654307513,4,2,2,2
654307523,13,7,6,4
654307524,3,1,2,1
654307621,2,1,1,1
654307634,2,1,1,1
654311212,1,0,1,1
654311412,1,1,0,1
654314693,6,3,3,2
654314782,4,2,2,2
654314791,4,2,2,2
654314794,2,1,1,2
654314881,4,2,2,1
654314884,1,1,0,1
654314891,9,5,4,3
654314893,3,1,2,1
654315051,1,1,0,1
654315062,4,2,2,1
654315072,3,1,2,1
654315073,2,1,1,1
654315074,2,1,1,2
654315083,2,1,1,1
654315122,4,2,2,1
654315134,3,1,2,1
654315172,1,1,0,1
654315173,1,1,0,1
654315184,1,0,1,1
654315204,4,2,2,1
654315271,2,1,1,1
654315314,1,0,1,1
654315322,2,1,1,1
654315363,4,1,3,1
654315372,4,2,2,1
654315374,7,4,3,3
654315381,3,1,2,1
654315382,18,11,7,3
654315413,1,1,0,1
654315442,2,1,1,1
654315443,11,6,5,4
654315451,6,4,2,2
654315452,4,2,2,1
654315471,6,3,3,2
654315473,5,2,3,2
654315481,2,1,1,1
654315483,3,1,2,1
654315484,1,1,0,1
654315493,9,5,4,5
654315514,13,6,7,4
654315523,4,2,2,1
654315532,12,8,4,4
654315533,3,3,0,3
654315534,2,1,1,2
654315572,2,2,0,1
654315581,6,3,3,3
654315582,31,17,14,20
654315584,8,3,5,3
654315591,387,191,196,174
654315592,62,28,34,28
654315593,68,36,32,36
654315594,170,75,95,70
654315602,8,4,4,2
654315611,5,3,2,3
654315612,1,1,0,1
654315634,1,0,1,1
654315642,12,7,5,5
654315644,8,4,4,2
654315651,3,2,1,2
654315662,1,1,0,1
654315664,2,1,1,1
654315682,114,63,51,29
654315684,61,29,32,33
654315691,236,114,122,116
654315692,366,179,187,176
654315693,72,38,34,26
654315694,16,11,5,11
654315702,1,0,1,1
654315703,4,2,2,2
654315704,81,49,32,13
654315724,11,5,6,3
654315732,3,2,1,2
654315733,10,4,6,2
654315742,7,5,2,2
654315751,6,3,3,3
654315761,3,1,2,1
654315791,1,0,1,1
654315803,1,1,0,1
654315811,4,1,3,1
654315814,10,4,6,3
654315821,4,3,1,2
654315822,7,5,2,2
654315823,1,1,0,1
654315841,9,4,5,2
654315883,1,0,1,1
654315982,2,1,1,1
654316503,11,4,7,4
654316504,8,4,4,3
654316601,262,137,125,121
654316603,190,90,100,77
654316604,1,0,1,1
654316701,3,2,1,3
654316702,5,3,2,2
654316711,2,1,1,1
654316713,4,3,1,2
654316714,7,3,4,2
654316821,2,1,1,1
654316823,7,3,4,3
654316912,4,2,2,1
654316914,5,3,2,2
654321112,3,1,2,1
654321901,1,1,0,1
654325172,4,2,2,1
654325173,3,1,2,1
654325174,3,2,1,1
654325271,3,1,2,1
654325673,2,1,1,1
654325674,12,5,7,3
654325842,1,1,0,1
654326011,2,2,0,1
654326014,2,1,1,1
654326022,2,1,1,1
654326024,9,5,4,4
654326031,2,1,1,1
654326033,3,2,1,1
654326112,1,1,0,1
654326113,2,1,1,1
654326132,5,3,2,2
654326134,2,1,1,1
654326224,7,4,3,2
654326232,8,4,4,3
654326253,9,2,7,1
654326263,1,1,0,1
654326342,2,1,1,1
654326353,2,1,1,1
654326434,2,1,1,1
654326981,6,4,2,2
654327393,3,2,1,1
654327484,9,5,4,6
654327491,5,2,3,3
654327493,5,2,3,4
654327494,18,8,10,9
654327581,12,6,6,8
654327582,65,35,30,36
654327583,4,2,2,2
654327584,11,6,5,5
654327783,3,2,1,1
654327974,2,1,1,1
654327981,8,4,4,3
654333192,2,1,1,2
654333233,5,4,1,1
654333451,3,2,1,2
654333453,1,0,1,1
654333454,1,0,1,1
654333584,1,1,0,1
654333593,8,4,4,3
654333692,6,4,2,2
654334103,3,2,1,1
654334201,5,4,1,1
654334301,2,1,1,1
654334403,5,3,2,1
654334501,4,1,3,1
654334502,10,5,5,2
654334503,3,2,1,2
654334504,6,3,3,3
654334513,4,1,3,2
654334521,2,1,1,1
654334541,2,1,1,1
654334543,17,9,8,4
654334544,4,2,2,1
654334553,2,1,1,1
654334601,11,6,5,4
654334602,51,26,25,29
654334603,14,8,6,7
654334604,84,46,38,42
654334612,4,2,2,1
654334613,12,6,6,3
654334642,14,7,7,4
654334643,4,2,2,1
654334651,2,1,1,1
654334653,3,1,2,2
654334702,2,0,2,1
654334711,2,1,1,1
654334714,5,3,2,2
654334723,6,3,3,2
654334734,3,2,1,1
654334754,2,1,1,1
654334812,11,5,6,4
654334814,6,2,4,2
654334821,7,3,4,2
654334822,2,2,0,2
654334824,3,1,2,1
654334843,7,2,5,2
654334922,3,2,1,1
654334931,14,7,7,5
654334933,3,1,2,1
654334941,4,1,3,1
654334943,2,1,1,1
654334944,15,6,9,4
654334951,3,1,2,1
654334952,2,1,1,1
654334953,67,17,50,8
654334954,5,3,2,5
654334993,6,3,3,2
654334994,5,2,3,2
654335043,12,6,6,6
654335044,5,2,3,2
654335241,4,2,2,1
654335344,6,4,2,2
654335741,2,1,1,1
654335913,8,6,2,2
654335914,9,5,4,3
654336083,6,3,3,2
654337011,3,2,1,1
654337072,3,2,1,1
654337074,1,0,1,1
654337122,5,3,2,1
654337143,3,1,2,1
654337172,5,3,2,1
654337272,2,1,1,1
654337283,5,3,2,2
654337361,9,4,5,1
654337394,3,2,1,1
654337482,10,5,5,2
654337493,15,8,7,3
654337494,5,2,3,1
654337531,2,1,1,1
654337591,4,3,1,1
654337593,13,5,8,3
654337642,1,0,1,1
654337652,5,2,3,2
654337654,2,1,1,1
654337681,11,5,6,2
654337691,6,2,4,1
654337692,9,5,4,2
654337693,4,2,2,2
654337694,3,2,1,1
654337763,6,2,4,2
654337764,3,1,2,1
654337772,2,1,1,1
654337784,2,1,1,1
654337791,8,4,4,4
654337792,2,0,2,2
654337793,27,10,17,13
654337872,2,1,1,1
654337891,58,27,31,25
654337992,3,2,1,1
654342494,3,1,2,2
654342592,3,2,1,1
654343403,3,1,2,1
654343501,13,7,6,4
654343504,2,1,1,1
654343624,6,4,2,1
654343633,6,2,4,4
654343731,4,2,2,2
654343734,67,5,62,8
654343743,1,1,0,1
654343744,3,2,1,1
654343754,3,2,1,1
654343773,7,3,4,1
654343774,3,1,2,1
654343781,4,2,2,1
654343794,2,1,1,1
654343832,3,2,1,3
654343841,17,9,8,7
654343842,14,9,5,3
654343843,2,1,1,1
654343844,13,5,8,3
654343851,9,4,5,3
654343853,6,4,2,2
654343854,11,6,5,4
654343863,7,4,3,4
654343864,8,3,5,3
654343881,20,9,11,4
654343882,6,3,3,1
654343891,3,2,1,1
654343893,5,3,2,1
654343942,4,2,2,1
654343952,2,1,1,1
654343953,2,1,1,1
654343961,12,7,5,5
654343962,18,10,8,3
654343971,14,5,9,4
654343972,8,3,5,2
654343983,12,5,7,5
654343984,13,7,6,5
654343994,10,5,5,2
654344042,2,1,1,1
654344051,99,28,71,12
654344052,223,99,124,106
654344054,17,7,10,9
654344061,95,47,48,43
654344063,28,16,12,11
654344064,217,96,121,106
654344073,193,74,119,63
654344162,105,48,57,48
654344171,177,76,101,79
654344172,147,71,76,68
654344173,139,58,81,25
654344174,228,105,123,107
654344183,307,142,165,151
654344184,34,15,19,21
654344192,6,3,3,1
654344194,4,2,2,2
654344272,2,1,1,1
654344274,3,1,2,1
654344281,17,8,9,6
654344282,18,8,10,7
654344283,4,2,2,1
654344293,11,6,5,5
654344371,5,4,1,2
654344382,3,1,2,2
654344383,9,5,4,2
654344384,2,1,1,1
654344393,12,5,7,4
654344394,13,6,7,4
654344482,4,2,2,2
654344483,3,2,1,2
654344484,21,12,9,5
654344492,14,7,7,2
654344493,2,1,1,1
654344582,2,2,0,1
654344591,2,1,1,1
654344593,2,1,1,1
654344691,5,3,2,2
654344702,6,3,3,2
654344703,3,1,2,1
654344772,1,1,0,1
654344773,5,3,2,1
654344802,4,3,1,1
654344803,5,2,3,1
654344854,2,1,1,1
654344862,9,5,4,2
654344864,3,1,2,1
654344871,8,3,5,2
654344872,3,2,1,1
654344884,8,2,6,2
654344891,22,10,12,11
654344892,38,19,19,11
654344893,2,1,1,1
654344894,3,2,1,2
654344901,13,6,7,3
654344902,12,5,7,4
654344904,20,9,11,6
654344913,3,2,1,1
654344952,10,4,6,2
654344984,11,7,4,2
654344993,7,4,3,2
654344994,16,8,8,4
654345033,4,2,2,1
654345102,3,2,1,1
654345111,3,2,1,1
654345114,14,7,7,5
654345174,2,1,1,1
654345212,3,1,2,1
654345221,5,3,2,1
654345224,2,1,1,1
654345234,3,2,1,1
654345243,2,1,1,1
654345244,1,1,0,1
654345252,22,12,10,6
654345262,8,5,3,2
654345272,3,2,1,1
654345273,4,3,1,2
654345274,7,4,3,3
654345282,3,2,1,2
654345284,3,1,2,1
654345292,3,1,2,1
654345294,5,3,2,2
654345301,10,5,5,5
654345303,7,4,3,2
654345304,1,0,1,1
654345311,2,1,1,1
654345314,7,2,5,2
654345323,3,2,1,1
654345324,2,1,1,1
654345333,5,3,2,1
654345334,2,1,1,1
654345341,6,3,3,1
654345342,3,2,1,1
654345353,2,1,1,1
654345354,12,6,6,3
654345361,5,3,2,1
654345362,1,0,1,1
654345364,9,5,4,3
654345374,5,3,2,2
654345383,13,9,4,3
654345384,9,4,5,2
654345391,6,3,3,1
654345392,7,3,4,1
654345401,5,3,2,1
654345402,11,5,6,4
654345403,12,7,5,2
654345404,6,3,3,4
654345412,3,2,1,1
654345413,8,4,4,3
654345414,16,10,6,5
654345422,9,4,5,2
654345423,5,3,2,1
654345424,6,3,3,1
654345432,4,2,2,1
654345433,3,1,2,1
654345442,22,11,11,4
654345452,3,2,1,1
654345454,3,1,2,1
654345461,6,3,3,1
654345463,12,5,7,2
654345464,5,4,1,2
654345472,12,7,5,2
654345482,10,6,4,3
654345484,1,0,1,1
654345494,4,1,3,2
654345502,9,4,5,3
654345504,6,3,3,1
654345511,3,1,2,2
654345512,10,5,5,4
654345521,79,40,39,35
654345522,28,16,12,13
654345524,134,62,72,57
654345531,6,3,3,2
654345532,12,6,6,4
654345533,24,11,13,11
654345541,2,2,0,1
654345551,3,2,1,1
654345553,17,10,7,5
654345554,11,7,4,2
654345563,12,7,5,4
654345584,10,5,5,4
654345592,10,5,5,2
654345593,84,37,47,34
654345594,5,3,2,1
654345612,5,2,3,2
654345621,3,2,1,1
654345622,12,5,7,3
654345631,21,10,11,7
654345632,14,7,7,3
654345633,15,6,9,5
654345634,6,2,4,1
654345641,17,9,8,4
654345642,16,9,7,3
654345644,9,4,5,2
654345651,3,1,2,1
654345652,7,3,4,2
654345653,20,11,9,5
654345661,2,1,1,1
654345662,22,11,11,6
654345664,3,3,0,1
654345671,13,5,8,3
654345672,25,14,11,6
654345673,13,6,7,4
654345681,22,11,11,7
654345682,115,51,64,39
654345683,7,3,4,2
654345684,114,59,55,50
654345691,267,120,147,121
654345692,14,8,6,5
654345693,197,97,100,75
654345724,7,4,3,3
654345731,8,5,3,3
654345732,7,2,5,2
654345734,3,2,1,2
654345741,2,0,2,1
654345742,4,2,2,1
654345743,9,4,5,3
654345744,10,5,5,3
654345751,7,4,3,2
654345752,5,3,2,1
654345753,8,4,4,2
654345754,11,5,6,2
654345761,13,6,7,2
654345762,8,2,6,2
654345763,7,2,5,2
654345764,6,3,3,2
654345771,28,14,14,8
654345772,11,6,5,4
654345773,7,3,4,3
654345774,4,2,2,2
654345781,112,56,56,50
654345782,385,177,208,171
654345783,54,28,26,20
654345784,432,213,219,189
654345791,403,189,214,170
654345792,272,126,146,105
654345793,313,146,167,126
654345794,229,102,127,88
654345801,6,3,3,2
654345802,1,1,0,1
654345804,3,0,3,2
654345811,5,2,3,2
654345812,6,3,3,1
654345822,11,6,5,2
654345832,11,5,6,3
654345844,5,2,3,1
654345854,13,5,8,2
654345863,9,4,5,2
654345864,11,4,7,2
654345871,4,1,3,2
654345872,5,3,2,1
654345873,6,3,3,1
654345874,4,2,2,1
654345881,11,6,5,3
654345882,14,7,7,3
654345883,3,2,1,1
654345884,4,2,2,1
654345891,22,12,10,8
654345892,2,2,0,2
654345894,3,1,2,1
654345902,8,5,3,2
654345912,2,1,1,1
654345914,10,4,6,3
654345921,2,1,1,1
654345922,4,1,3,1
654345923,3,1,2,1
654345924,3,2,1,1
654345932,11,6,5,2
654345941,22,9,13,4
654345952,6,3,3,1
654345954,12,6,6,3
654345961,12,7,5,3
654345974,29,15,14,17
654345981,10,5,5,2
654345983,7,3,4,1
654345984,9,3,6,3
654345991,9,5,4,2
654345992,9,6,3,2
654345993,7,4,3,1
654346201,2,1,1,1
654346211,4,1,3,2
654346302,9,4,5,3
654346303,4,2,2,2
654346304,3,1,2,1
654346314,3,2,1,1
654346384,2,1,1,1
654346393,2,0,2,2
654346402,2,1,1,1
654346403,12,6,6,4
654346421,7,3,4,2
654346424,4,2,2,1
654346501,2,1,1,1
654346502,8,3,5,2
654346521,2,1,1,1
654346522,9,3,6,3
654346523,1,1,0,1
654346524,14,8,6,4
654346533,1,1,0,1
654346601,11,5,6,2
654346602,12,8,4,2
654346603,8,2,6,2
654346604,6,4,2,2
654346613,18,9,9,4
654346614,12,7,5,4
654346622,2,1,1,1
654346623,15,8,7,6
654346631,10,6,4,2
654346633,9,5,4,2
654346653,6,3,3,2
654346661,6,2,4,1
654346662,4,2,2,1
654346663,9,4,5,2
654346664,4,1,3,1
654346692,14,7,7,4
654346701,112,38,74,23
654346702,7,3,4,3
654346703,25,12,13,6
654346704,28,16,12,8
654346713,8,4,4,3
654346714,10,5,5,4
654346721,5,2,3,2
654346723,12,5,7,6
654346724,3,1,2,1
654346731,10,6,4,4
654346733,7,4,3,2
654346734,17,10,7,4
654346743,32,17,15,7
654346744,14,6,8,3
654346752,1,1,0,1
654346753,1,0,1,1
654346754,6,3,3,3
654346761,2,1,1,1
654346763,3,2,1,1
654346771,3,2,1,1
654346801,6,3,3,1
654346802,9,6,3,3
654346803,10,4,6,3
654346804,3,2,1,1
654346811,8,3,5,3
654346812,9,5,4,4
654346813,2,1,1,1
654346814,12,4,8,3
654346821,25,5,20,6
654346822,164,80,84,64
654346823,7,4,3,3
654346824,6,3,3,2
654346831,106,45,61,40
654346833,60,27,33,15
654346834,18,8,10,4
654346842,14,6,8,3
654346843,30,13,17,7
654346844,9,5,4,3
654346851,5,2,3,2
654346852,10,6,4,4
654346854,3,1,2,2
654346863,3,2,1,1
654346864,18,10,8,4
654346871,6,3,3,2
654346873,2,1,1,1
654346874,4,3,1,1
654346894,3,2,1,1
654346901,7,4,3,1
654346902,4,1,3,1
654346903,3,1,2,1
654346904,4,1,3,1
654346911,6,3,3,1
654346912,11,6,5,4
654346913,6,4,2,1
654346914,15,7,8,4
654346921,4,2,2,1
654346922,11,5,6,2
654346923,18,9,9,5
654346931,16,6,10,4
654346932,14,8,6,5
654346933,2,1,1,1
654346934,5,3,2,3
654346941,4,2,2,1
654346942,32,14,18,8
654346944,11,5,6,2
654346951,2,0,2,2
654346953,18,12,6,4
654346954,18,10,8,7
654346961,7,3,4,2
654346962,6,3,3,3
654346963,7,4,3,2
654346964,6,3,3,1
654346971,3,2,1,1
654346972,8,3,5,1
654346973,9,6,3,2
654346974,10,5,5,2
654347274,3,1,2,1
654347304,3,2,1,1
654347313,6,4,2,1
654347333,3,1,2,1
654347432,5,2,3,2
654347502,2,0,2,1
654347592,3,1,2,2
654347602,2,0,2,1
654347604,3,0,3,3
654347702,4,3,1,1
654347704,2,1,1,1
654347801,5,3,2,4
654347802,18,9,9,5
654347804,14,7,7,4
654347903,2,1,1,1
654347904,4,2,2,1
654351801,1,1,0,1
654351803,4,3,1,2
654351804,1,1,0,1
654351811,6,4,2,3
654351901,1,1,0,1
654351902,6,4,2,4
654351904,20,9,11,11
654351911,3,2,1,1
654353052,2,1,1,1
654353053,2,1,1,1
654353062,2,1,1,1
654353064,3,2,1,1
654353071,3,2,1,1
654353083,5,3,2,2
654353091,6,4,2,2
654353092,12,8,4,5
654353093,17,7,10,4
654353094,5,2,3,2
654353191,5,2,3,2
654354001,84,39,45,45
654354002,124,58,66,66
654354003,254,119,135,127
654354004,434,191,243,201
654354011,22,12,10,10
654354013,187,79,108,91
654354014,47,23,24,19
654354092,4,3,1,1
654354101,31,20,11,12
654354102,26,13,13,14
654354111,30,16,14,15
654354112,4,2,2,1
654354121,10,4,6,2
654354122,5,3,2,2
654354124,6,3,3,1
654354133,14,7,7,4
654354134,10,6,4,2
654354143,4,2,2,1
654354153,5,3,2,1
654354191,4,2,2,1
654354194,4,2,2,1
654354241,5,2,3,2
654354242,17,7,10,4
654354252,15,7,8,5
654354253,20,9,11,8
654354254,12,6,6,3
654354261,1,1,0,1
654354263,3,1,2,1
654354264,7,3,4,2
654354274,5,3,2,1
654354284,11,6,5,4
654354361,3,1,2,2
654354362,20,8,12,7
654354371,5,2,3,2
654354372,33,18,15,12
654354373,40,23,17,14
654354374,235,107,128,105
654354381,34,18,16,11
654354382,312,140,172,152
654354383,351,166,185,137
654354384,277,126,151,118
654354391,234,114,120,101
654354392,41,23,18,13
654354393,343,149,194,159
654354394,197,89,108,84
654354464,2,1,1,1
654354472,109,53,56,51
654354473,2,1,1,1
654354474,2,0,2,1
654354481,424,196,228,176
654354482,422,193,229,173
654354483,131,48,83,37
654354484,165,76,89,69
654354491,328,162,166,75
654354492,292,127,165,139
654354493,263,116,147,118
654354494,208,101,107,103
654354582,70,38,32,29
654354591,24,11,13,9
654354592,44,22,22,23
654354652,6,4,2,3
654354653,4,2,2,2
654354904,3,2,1,1
654355001,2,1,1,1
654355011,10,2,8,2
654355013,2,1,1,1
654355033,4,1,3,1
654355043,12,5,7,3
654355044,1,1,0,1
654355051,12,9,3,7
654355054,1,1,0,1
654355081,3,1,2,1
654355083,26,12,14,5
654355084,5,3,2,1
654355091,8,3,5,2
654355094,3,2,1,1
654355181,16,9,7,4
654355182,13,7,6,2
654355183,9,3,6,3
654355184,6,2,4,1
654355192,2,1,1,1
654355193,6,3,3,2
654355194,13,6,7,3
654355203,4,3,1,2
654355264,8,5,3,1
654355273,6,2,4,2
654355274,5,3,2,2
654355281,3,2,1,1
654355282,6,3,3,1
654355283,18,7,11,4
654355284,10,4,6,2
654355293,4,2,2,1
654355294,5,4,1,2
654355303,221,92,129,93
654355304,44,21,23,17
654355384,4,2,2,2
654355393,3,1,2,1
654355401,320,150,170,154
654355402,72,34,38,35
654355403,30,16,14,15
654355411,24,8,16,13
654355412,6,4,2,2
654355413,23,13,10,10
654355423,22,12,10,9
654355424,2,1,1,1
654355433,12,7,5,4
654355441,3,1,2,1
654355442,11,7,4,3
654355443,19,7,12,8
654355444,8,5,3,1
654355453,15,6,9,6
654355454,4,1,3,1
654355463,13,7,6,5
654355464,2,2,0,1
654355491,10,6,4,4
654355493,4,2,2,2
654355501,6,5,1,3
654355503,5,1,4,2
654355542,4,2,2,1
654355552,9,4,5,1
654355561,12,5,7,5
654355572,12,6,6,5
654355573,3,1,2,1
654355581,4,1,3,2
654355582,34,16,18,10
654355583,34,15,19,11
654355584,54,27,27,20
654355591,64,33,31,21
654355592,71,34,37,28
654355593,6,3,3,2
654355594,135,64,71,53
654355684,15,6,9,2
654355691,7,2,5,1
654355692,12,7,5,4
654355694,2,1,1,1
654355892,5,3,2,1
654355991,1,1,0,1
654356001,5,3,2,1
654356002,5,2,3,1
654356003,14,9,5,3
654356011,8,3,5,1
654356012,13,6,7,3
654356013,10,5,5,3
654356014,12,6,6,3
654356021,11,4,7,2
654356022,14,5,9,5
654356023,10,6,4,2
654356024,8,4,4,4
654356031,4,2,2,1
654356032,5,3,2,3
654356033,3,2,1,2
654356042,16,6,10,4
654356043,10,5,5,2
654356044,6,4,2,2
654356051,3,1,2,2
654356052,7,4,3,3
654356053,6,3,3,2
654356054,11,4,7,3
654356061,45,21,24,24
654356062,62,29,33,26
654356063,27,12,15,10
654356064,239,115,124,95
654356071,16,6,10,5
654356072,23,11,12,5
654356073,265,120,145,118
654356074,2,0,2,1
654356081,5,2,3,2
654356084,5,2,3,3
654356092,5,3,2,2
654356093,5,3,2,2
654356094,6,3,3,1
654356101,10,5,5,2
654356103,5,2,3,1
654356104,13,8,5,5
654356111,2,1,1,1
654356112,2,1,1,1
654356124,3,2,1,1
654356133,3,1,2,1
654356141,5,3,2,2
654356142,3,1,2,2
654356144,8,4,4,3
654356152,7,5,2,1
654356153,2,1,1,1
654356154,2,1,1,1
654356161,8,3,5,3
654356162,21,10,11,9
654356163,19,8,11,6
654356164,14,6,8,4
654356171,91,44,47,35
654356172,142,67,75,60
654356173,27,13,14,7
654356174,162,71,91,61
654356181,31,15,16,13
654356182,8,5,3,3
654356183,4,1,3,3
654356192,6,3,3,2
654356193,2,1,1,1
654356202,7,4,3,2
654356203,9,3,6,2
654356211,17,8,9,4
654356212,8,5,3,2
654356214,3,2,1,1
654356221,20,10,10,5
654356222,8,3,5,2
654356223,6,4,2,1
654356224,6,2,4,1
654356231,15,9,6,4
654356241,6,3,3,2
654356242,10,7,3,2
654356251,14,6,8,7
654356252,4,3,1,1
654356254,8,4,4,3
654356261,2,1,1,1
654356263,3,1,2,3
654356264,9,4,5,2
654356271,7,4,3,3
654356272,5,2,3,2
654356273,18,9,9,7
654356274,3,2,1,1
654356281,2,1,1,1
654356282,42,22,20,20
654356283,9,3,6,4
654356284,17,6,11,6
654356291,210,109,101,83
654356292,4,2,2,2
654356293,125,66,59,67
654356294,75,45,30,53
654356302,3,2,1,1
654356311,2,1,1,1
654356312,10,5,5,4
654356331,7,3,4,4
654356333,10,5,5,4
654356334,1,1,0,1
654356343,1,1,0,1
654356351,4,1,3,1
654356352,10,4,6,2
654356353,2,1,1,1
654356361,1,0,1,1
654356362,7,3,4,3
654356371,17,8,9,7
654356372,3,2,1,2
654356374,5,3,2,2
654356381,16,8,8,6
654356382,8,4,4,4
654356383,6,2,4,2
654356384,20,10,10,8
654356391,132,33,99,13
654356392,267,131,136,123
654356393,530,230,300,174
654356394,638,314,324,268
654356411,2,2,0,2
654356413,6,4,2,2
654356432,2,2,0,1
654356441,13,7,6,3
654356442,32,18,14,9
654356451,21,11,10,6
654356452,20,11,9,5
654356453,11,7,4,2
654356454,14,7,7,5
654356461,24,11,13,7
654356462,7,5,2,2
654356463,34,13,21,11
654356464,50,28,22,18
654356471,26,13,13,11
654356472,16,8,8,6
654356473,16,7,9,4
654356474,52,26,26,25
654356482,863,415,448,308
654356483,2,1,1,2
654356484,297,136,161,121
654356491,1237,594,643,466
654356492,762,369,393,309
654356493,280,142,138,119
654356494,327,156,171,126
654356501,137,62,75,62
654356502,86,39,47,38
654356503,402,192,210,165
654356504,382,178,204,157
654356511,22,10,12,10
654356513,49,25,24,22
654356521,2,1,1,1
654356523,26,13,13,8
654356534,161,75,86,57
654356543,38,16,22,15
654356554,152,74,78,64
654356561,3,1,2,1
654356562,1,0,1,1
654356563,223,101,122,87
654356564,378,175,203,132
654356571,440,215,225,176
654356572,612,305,307,258
654356573,641,311,330,300
654356574,745,362,383,332
654356581,294,140,154,128
654356582,489,226,263,203
654356583,427,210,217,173
654356584,322,155,167,151
654356591,470,232,238,217
654356592,889,384,505,402
654356593,537,252,285,241
654356594,621,333,288,339
654356601,129,48,81,30
654356602,83,40,43,35
654356604,7,3,4,3
654356611,114,53,61,55
654356612,44,22,22,18
654356613,2,1,1,1
654356614,13,8,5,4
654356621,54,25,29,22
654356622,5,3,2,2
654356623,22,10,12,7
654356624,14,5,9,7
654356631,21,9,12,7
654356632,196,96,100,76
654356633,17,8,9,7
654356634,34,17,17,15
654356641,276,131,145,104
654356642,315,146,169,125
654356643,185,87,98,70
654356644,249,121,128,94
654356651,219,82,137,63
654356652,440,193,247,144
654356653,167,78,89,60
654356654,67,35,32,22
654356661,499,233,266,211
654356662,534,259,275,204
654356663,29,13,16,15
654356664,85,43,42,29
654356671,747,375,372,309
654356672,649,317,332,248
654356673,728,336,392,287
654356674,1199,562,637,463
654356681,816,393,423,333
654356682,883,423,460,324
654356683,1096,515,581,453
654356684,1227,578,649,465
654356691,1155,562,593,539
654356692,1168,588,580,634
654356693,1255,586,669,544
654356694,1539,744,795,818
654356702,9,4,5,2
654356704,5,2,3,2
654356721,6,3,3,2
654356722,4,1,3,1
654356731,14,6,8,4
654356732,10,3,7,3
654356741,15,7,8,6
654356742,29,16,13,12
654356743,3,2,1,2
654356744,18,9,9,4
654356751,28,14,14,11
654356753,21,10,11,11
654356754,15,9,6,5
654356761,9,4,5,5
654356762,238,121,117,79
654356763,21,11,10,10
654356764,4,3,1,2
654356771,360,177,183,136
654356772,968,440,528,433
654356773,186,88,98,68
654356774,23,8,15,8
654356781,747,339,408,323
654356782,818,362,456,341
654356783,353,164,189,163
654356784,1009,438,571,518
654356791,646,304,342,275
654356792,954,446,508,413
654356793,1012,464,548,440
654356794,1350,648,702,595
654356801,2,1,1,1
654356834,2,1,1,1
654356851,6,4,2,1
654356852,2,1,1,1
654356854,5,3,2,2
654356861,16,5,11,2
654356862,6,4,2,2
654356863,10,5,5,2
654356864,9,3,6,4
654356871,5,3,2,4
654356873,11,6,5,4
654356874,22,12,10,7
654356882,558,254,304,255
654356891,1002,477,525,430
654356892,777,365,412,337
654356893,377,178,199,144
654356894,1014,468,546,377
654356944,8,3,5,3
654356953,1,1,0,1
654356954,8,5,3,3
654356961,3,2,1,1
654356962,2,1,1,1
654356964,3,1,2,1
654356971,9,4,5,4
654356972,4,2,2,1
654356973,3,0,3,2
654356974,3,2,1,2
654356981,2,1,1,1
654356983,6,3,3,3
654356984,2,1,1,1
654356992,840,398,442,351
654356993,4,1,3,1
654356994,35,17,18,12
654357001,13,7,6,5
654357011,3,0,3,2
654357013,4,2,2,1
654357034,2,0,2,2
654357064,9,3,6,3
654357093,4,2,2,2
654357124,2,1,1,1
654357133,7,3,4,2
654357143,6,2,4,2
654357202,2,1,1,1
654357212,2,1,1,1
654357222,7,3,4,4
654357223,1,1,0,1
654357231,6,3,3,2
654357233,2,1,1,1
654357234,1,1,0,1
654357241,4,1,3,1
654357243,3,1,2,1
654357303,566,283,283,250
654357304,594,290,304,235
654357313,256,124,132,101
654357322,3,1,2,2
654357331,2,1,1,1
654357332,5,2,3,2
654357333,4,3,1,1
654357334,2,1,1,1
654357343,35,14,21,12
654357344,7,3,4,2
654357401,1122,521,601,478
654357402,625,297,328,278
654357403,578,288,290,261
654357404,307,156,151,131
654357411,866,398,468,332
654357412,102,43,59,47
654357413,541,267,274,255
654357414,290,140,150,117
654357423,49,24,25,18
654357424,22,10,12,9
654357432,5,3,2,2
654357433,1,0,1,1
654357434,22,10,12,11
654357441,10,5,5,3
654357442,2,2,0,2
654357453,1,1,0,1
654357501,937,410,527,433
654357502,1122,539,583,541
654357503,1035,465,570,444
654357504,885,427,458,477
654357511,1049,523,526,521
654357512,1318,620,698,581
654357513,775,385,390,428
654357514,456,236,220,243
654357521,278,141,137,108
654357522,312,153,159,116
654357523,972,437,535,429
654357524,92,45,47,38
654357531,27,12,15,11
654357532,7,3,4,4
654357533,595,251,344,176
654357542,2,1,1,1
654357543,4,3,1,1
654357544,4,2,2,2
654357601,1001,487,514,573
654357602,1183,582,601,728
654357603,1334,614,720,707
654357604,1417,665,752,874
654357611,920,426,494,501
654357612,957,460,497,501
654357613,1103,435,668,592
654357614,486,226,260,243
654357621,957,436,521,452
654357622,251,126,125,86
654357623,1013,481,532,492
654357624,245,103,142,106
654357631,779,382,397,292
654357632,100,51,49,40
654357633,134,74,60,50
654357634,12,6,6,3
654357643,7,2,5,3
654357651,2,1,1,2
654357653,17,8,9,4
654357682,4,2,2,1
654357692,7,2,5,1
654357701,819,380,439,364
654357702,937,462,475,563
654357703,1088,494,594,506
654357704,847,411,436,403
654357711,799,380,419,432
654357712,841,383,458,444
654357713,1076,506,570,554
654357714,989,507,482,493
654357721,587,269,318,288
654357722,955,458,497,446
654357723,610,299,311,308
654357724,1182,557,625,523
654357731,106,56,50,45
654357732,17,7,10,6
654357733,542,260,282,228
654357734,13,8,5,6
654357741,18,10,8,8
654357742,21,10,11,7
654357743,9,4,5,3
654357744,8,2,6,5
654357751,5,2,3,2
654357753,8,5,3,4
654357754,1,1,0,1
654357763,7,4,3,2
654357764,1,0,1,1
654357773,5,3,2,2
654357774,2,1,1,1
654357801,765,351,414,331
654357802,1143,515,628,512
654357803,935,424,511,376
654357804,1257,574,683,536
654357811,884,413,471,427
654357812,180,85,95,82
654357813,584,291,293,260
654357814,449,295,154,306
654357821,561,318,243,321
654357822,981,609,372,657
654357823,528,368,160,395
654357824,866,597,269,690
654357831,1093,567,526,537
654357832,802,428,374,397
654357833,746,325,421,460
654357834,1403,612,791,639
654357843,45,24,21,23
654357851,130,87,43,4
654357852,11,6,5,4
654357853,7,3,4,2
654357861,6,3,3,2
654357862,6,4,2,2
654357863,5,2,3,1
654357864,3,1,2,1
654357871,8,5,3,1
654357872,2,1,1,1
654357881,8,4,4,2
654357884,3,2,1,2
654357901,986,488,498,379
654357902,712,357,355,271
654357903,339,162,177,135
654357904,356,174,182,133
654357911,227,106,121,90
654357912,463,200,263,181
654357913,6,3,3,4
654357914,6,5,1,5
654357921,359,270,89,197
654357922,731,335,396,449
654357923,9,5,4,3
654357924,150,63,87,66
654357931,545,271,274,229
654357932,823,391,432,368
654357933,310,137,173,129
654357934,183,87,96,71
654357941,570,271,299,191
654357942,25,12,13,7
654357943,518,265,253,187
654357944,371,192,179,113
654357951,5,2,3,2
654357952,21,11,10,4
654357954,3,2,1,2
654357961,7,4,3,3
654357963,14,6,8,4
654357971,6,3,3,3
654357972,6,3,3,1
654357973,4,2,2,1
654357984,4,2,2,1
654357991,2,1,1,1
654357994,12,6,6,3
654361011,7,4,3,3
654361013,3,1,2,1
654361014,2,1,1,1
654361112,2,1,1,1
654361123,6,2,4,1
654361222,6,4,2,4
654361233,6,3,3,3
654361301,3,2,1,3
654361303,3,2,1,3
654361311,7,3,4,3
654361323,9,5,4,1
654361331,13,6,7,5
654361332,3,1,2,1
654361333,1,0,1,1
654361404,4,3,1,2
654361422,8,4,4,3
654361432,1,1,0,1
654361433,5,2,3,1
654361434,4,2,2,2
654361502,3,1,2,2
654361503,2,1,1,1
654361511,13,7,6,6
654361512,19,10,9,6
654361522,4,2,2,1
654361531,2,1,1,1
654361532,95,50,45,40
654361534,29,14,15,15
654361541,80,40,40,30
654361543,118,57,61,66
654361544,17,7,10,8
654361632,3,2,1,3
654361641,10,8,2,9
654361642,114,52,62,61
654361644,43,16,27,20
654361651,103,52,51,46
654361653,44,22,22,23
654361654,23,9,14,7
654361761,3,2,1,2
654361873,13,7,6,5
654361972,9,3,6,4
654361981,1,0,1,1
654362861,10,4,6,5
654362863,9,4,5,4
654362961,4,3,1,4
654362963,15,9,6,10
654362964,7,5,2,3
654363181,2,1,1,1
654363183,4,2,2,1
654363294,10,4,6,2
654363871,2,1,1,1
654363882,4,2,2,2
654364004,6,4,2,1
654364102,7,2,5,2
654364203,8,3,5,3
654364302,14,6,8,3
654364503,6,3,3,2
654364504,4,2,2,1
654364612,4,2,2,2
654364614,5,2,3,2
654364623,2,1,1,1
654364632,5,2,3,2
654364634,4,3,1,1
654364723,10,5,5,6
654364731,2,1,1,1
654364732,1,0,1,1
654364733,5,2,3,1
654364794,1,1,0,1
654364804,4,3,1,2
654364813,5,2,3,1
654364821,2,1,1,1
654364822,8,3,5,3
654364823,54,27,27,2
654364824,162,49,113,37
654364831,7,3,4,2
654364841,3,2,1,1
654364843,3,1,2,1
654364894,4,2,2,1
654364912,2,1,1,1
654364914,3,2,1,1
654364921,10,5,5,4
654364922,97,48,49,38
654364924,103,49,54,59
654364931,11,6,5,5
654364933,94,40,54,45
654365092,6,3,3,2
654365403,12,4,8,4
654365411,9,4,5,4
654365503,11,5,6,4
654365604,21,12,9,8
654365701,1,0,1,1
654365702,16,7,9,8
654365703,3,2,1,2
654365704,3,1,2,2
654365713,2,1,1,1
654365721,6,2,4,1
654365802,2,1,1,1
654365811,6,3,3,1
654365813,4,2,2,1
654365902,3,2,1,1
654365904,8,3,5,2
654365923,7,3,4,1
654365964,2,1,1,1
654366081,3,1,2,1
654366082,5,2,3,2
654366084,4,3,1,1
654366092,3,2,1,1
654366093,4,3,1,2
654366094,1,0,1,1
654366114,6,3,3,2
654366144,5,2,3,2
654366191,6,3,3,3
654366192,2,2,0,1
654366194,5,3,2,1
654366212,4,2,2,1
654366231,1,0,1,1
654366242,7,4,3,1
654366243,4,2,2,1
654366254,6,5,1,2
654366321,4,2,2,2
654366351,2,1,1,1
654366352,5,3,2,2
654366362,18,9,9,6
654366364,4,2,2,2
654366371,2,1,1,1
654366373,18,11,7,7
654366392,4,3,1,2
654366431,5,2,3,1
654366462,3,2,1,1
654366471,8,3,5,3
654366472,2,1,1,1
654366474,9,4,5,3
654366483,31,14,17,10
654366484,3,1,2,1
654366541,2,1,1,1
654366554,4,2,2,1
654366563,9,5,4,2
654366564,6,3,3,3
654366573,3,2,1,1
654366574,4,1,3,2
654366581,23,12,11,9
654366582,8,3,5,5
654366584,4,2,2,2
654366591,1,1,0,1
654366593,12,5,7,3
654366594,7,3,4,3
654366651,2,1,1,1
654366661,6,2,4,1
654366662,37,16,21,10
654366663,2,1,1,1
654366692,6,3,3,2
654366751,7,4,3,1
654366753,2,1,1,1
654366792,2,2,0,1
654366854,1,0,1,1
654366874,1,0,1,1
654366883,3,2,1,1
654366884,12,6,6,3
654366892,9,4,5,3
654366893,13,5,8,5
654366894,1,0,1,1
654366962,7,4,3,2
654366971,8,4,4,3
654366972,2,1,1,1
654366983,3,1,2,2
654366992,15,8,7,3
654366994,8,4,4,3
654367001,10,7,3,5
654367002,6,2,4,2
654367003,1,0,1,1
654367004,1,1,0,1
654367012,3,1,2,1
654367013,9,3,6,3
654367021,4,3,1,1
654367023,2,1,1,1
654367031,17,8,9,8
654367032,150,75,75,64
654367033,13,9,4,4
654367034,5,3,2,1
654367041,349,161,188,130
654367042,108,60,48,36
654367043,95,44,51,40
654367044,96,54,42,43
654367052,5,3,2,2
654367053,5,2,3,2
654367061,3,2,1,2
654367062,16,9,7,4
654367064,5,4,1,2
654367071,5,3,2,1
654367074,3,2,1,1
654367081,3,2,1,1
654367083,7,3,4,2
654367101,2,1,1,1
654367102,3,1,2,2
654367111,2,1,1,2
654367113,1,1,0,1
654367132,7,4,3,2
654367134,3,2,1,1
654367141,75,36,39,29
654367142,268,131,137,92
654367143,16,6,10,6
654367144,125,59,66,50
654367151,303,149,154,114
654367152,6,4,2,2
654367153,248,121,127,94
654367154,155,75,80,61
654367162,5,2,3,2
654367164,14,7,7,4
654367171,2,1,1,1
654367182,6,3,3,2
654367191,16,7,9,3
654367192,9,3,6,2
654367194,9,6,3,2
654367201,2,1,1,1
654367242,113,52,61,38
654367251,462,223,239,176
654367252,276,119,157,102
654367253,220,103,117,91
654367254,394,187,207,156
654367272,2,1,1,1
654367273,6,3,3,2
654367281,22,11,11,5
654367282,6,2,4,1
654367283,1,1,0,1
654367284,7,4,3,2
654367292,4,2,2,2
654367341,4,2,2,1
654367342,10,5,5,3
654367344,14,7,7,5
654367351,48,20,28,21
654367352,306,133,173,120
654367353,17,7,10,7
654367354,90,41,49,34
654367361,221,118,103,83
654367363,20,10,10,7
654367364,5,1,4,2
654367372,11,4,7,3
654367374,3,1,2,1
654367382,3,2,1,1
654367384,5,4,1,1
654367391,11,5,6,2
654367393,11,5,6,3
654367412,6,3,3,2
654367442,2,2,0,2
654367443,1,1,0,1
654367451,80,35,45,4
654367452,22,9,13,7
654367453,14,6,8,5
654367454,17,11,6,5
654367461,15,9,6,6
654367463,20,9,11,8
654367472,11,5,6,3
654367482,5,2,3,2
654367484,11,5,6,4
654367492,7,4,3,2
654367514,4,3,1,1
654367542,4,3,1,1
654367551,2,1,1,1
654367553,10,4,6,3
654367573,14,8,6,5
654367581,8,4,4,1
654367582,6,3,3,1
654367594,33,18,15,16
654367601,6,3,3,3
654367602,4,2,2,2
654367603,3,1,2,1
654367604,2,1,1,1
654367611,1,0,1,1
654367612,9,4,5,4
654367613,2,1,1,1
654367671,129,61,68,36
654367672,50,26,24,14
654367673,32,20,12,8
654367681,129,73,56,3
654367682,2,1,1,1
654367691,4,3,1,2
654367692,4,2,2,1
654367711,2,1,1,1
654367712,22,11,11,8
654367714,63,30,33,28
654367723,34,13,21,16
654367734,2,1,1,1
654367761,3,2,1,1
654367791,5,2,3,1
654367792,4,2,2,1
654367802,3,1,2,2
654367803,6,4,2,1
654367804,7,5,2,2
654367811,7,4,3,4
654367812,4,2,2,2
654367813,2,1,1,1
654367821,12,5,7,4
654367822,9,5,4,2
654367823,2,2,0,2
654367824,3,2,1,1
654367832,5,3,2,2
654367843,13,6,7,2
654367873,4,2,2,1
654367882,10,5,5,2
654367902,3,1,2,1
654367913,2,1,1,1
654367923,1,1,0,1
654367924,16,5,11,4
654367931,8,5,3,2
654367942,4,1,3,1
654367971,5,2,3,1
654367972,1,0,1,1
654367983,5,2,3,2
654367992,6,3,3,2
654367994,3,2,1,1
654371082,2,1,1,1
654371084,6,3,3,2
654371091,2,1,1,1
654371191,3,1,2,1
654372061,4,2,2,1
654372062,1,0,1,1
654372063,5,1,4,1
654372162,1,1,0,1
654372312,3,2,1,1
654372323,2,1,1,1
654372461,2,0,2,2
654372562,6,4,2,2
654372632,2,1,1,1
654372673,15,8,7,4
654372744,1,1,0,1
654372771,2,1,1,1
654372813,4,2,2,1
654372842,2,1,1,1
654372902,7,3,4,1
654372911,1,0,1,1
654372933,4,2,2,1
654372961,1,0,1,1
654372962,11,5,6,5
654372963,45,20,25,27
654372964,103,34,69,24
654373732,1,0,1,1
654373734,6,3,3,1
654373743,1,0,1,1
654373842,5,2,3,2
654373844,2,1,1,1
654373942,8,3,5,3
654373943,10,6,4,3
654374021,6,4,2,2
654374022,178,86,92,82
654374023,18,10,8,10
654374024,143,67,76,65
654374031,180,89,91,79
654374114,3,2,1,1
654374121,144,69,75,71
654374122,58,27,31,32
654374123,1,1,0,1
654374131,3,2,1,1
654374212,4,3,1,1
654374314,4,2,2,1
654374422,1,1,0,1
654374423,5,1,4,1
654374424,10,6,4,3
654374521,3,2,1,2
654374522,1,1,0,1
654374523,4,1,3,1
654374524,9,6,3,2
654374622,3,1,2,1
654374624,2,1,1,1
654374683,6,4,2,1
654374684,1,0,1,1
654374693,2,1,1,1
654374722,9,4,5,3
654374724,68,46,22,7
654374743,2,1,1,1
654374821,3,2,1,2
654374822,62,45,17,11
654374823,5,2,3,1
654374824,7,3,4,4
654374831,19,12,7,6
654374833,222,107,115,118
654374894,2,1,1,1
654374911,2,1,1,1
654374912,5,3,2,2
654374914,6,2,4,3
654374921,11,4,7,3
654374922,113,55,58,45
654374924,22,11,11,13
654374931,67,33,34,28
654374933,9,5,4,4
654375011,13,5,8,4
654375013,18,9,9,4
654375062,10,3,7,2
654375064,6,2,4,1
654375102,6,2,4,2
654375111,5,3,2,2
654375114,3,2,1,1
654375123,4,1,3,1
654375171,6,3,3,2
654375174,9,6,3,2
654375204,6,2,4,1
654375212,2,1,1,1
654375214,8,4,4,2
654375223,4,2,2,2
654375224,3,1,2,1
654375231,5,3,2,1
654375232,2,0,2,1
654375233,4,1,3,1
654375234,11,5,6,4
654375243,4,2,2,1
654375271,12,6,6,3
654375272,8,3,5,2
654375273,1,0,1,1
654375304,3,1,2,1
654375311,3,2,1,1
654375312,10,6,4,2
654375321,6,2,4,2
654375322,1,0,1,1
654375323,9,4,5,4
654375324,8,5,3,2
654375331,7,3,4,2
654375333,2,1,1,1
654375362,2,1,1,1
654375364,5,2,3,2
654375371,4,2,2,1
654375373,5,3,2,1
654375402,6,3,3,1
654375414,9,5,4,3
654375421,10,6,4,2
654375422,2,1,1,1
654375424,23,12,11,9
654375472,2,1,1,1
654375474,18,11,7,4
654375513,10,5,5,3
654375514,6,2,4,3
654375521,6,3,3,3
654375522,2,1,1,1
654375523,3,0,3,1
654375524,1,0,1,1
654375531,32,19,13,15
654375533,13,6,7,4
654375534,7,4,3,2
654375571,2,2,0,1
654375573,2,1,1,1
654375583,8,4,4,3
654375602,10,6,4,2
654375604,11,5,6,3
654375631,17,8,9,5
654375641,9,5,4,3
654375642,8,5,3,2
654375643,14,6,8,4
654375644,2,1,1,1
654375651,4,2,2,2
654375653,15,8,7,5
654375654,3,1,2,2
654375671,8,4,4,3
654375674,7,4,3,3
654375681,4,2,2,2
654375682,1,0,1,1
654375684,4,2,2,1
654375702,14,6,8,2
654375704,1,0,1,1
654375742,10,5,5,5
654375751,4,2,2,2
654375752,6,4,2,4
654375753,1,1,0,1
654375754,30,13,17,14
654375761,8,4,4,3
654375762,2,0,2,1
654375763,72,33,39,34
654375764,17,8,9,4
654375771,6,2,4,2
654375772,4,2,2,1
654375774,1,0,1,1
654375782,1,1,0,1
654375783,1,0,1,1
654375784,1,1,0,1
654375791,3,1,2,1
654375793,3,1,2,2
654375841,3,2,1,1
654375842,4,2,2,2
654375844,5,2,3,2
654375851,1,0,1,1
654375852,17,6,11,4
654375853,7,5,2,1
654375854,3,2,1,2
654375861,142,70,72,60
654375862,70,32,38,30
654375863,3,1,2,2
654375864,2,1,1,1
654375871,10,5,5,4
654375872,13,7,6,5
654375882,9,4,5,4
654375883,15,7,8,5
654375884,6,2,4,1
654375891,3,1,2,1
654375893,1,1,0,1
654375894,14,6,8,5
654375941,8,2,6,1
654375952,4,3,1,2
654375981,2,1,1,1
654375982,2,1,1,1
654375983,8,4,4,2
654375984,9,4,5,4
654375991,4,2,2,1
654375992,6,4,2,3
654376493,4,3,1,1
654376901,4,1,3,1
654376902,2,1,1,1
654376903,5,2,3,2
654377014,6,3,3,1
654377022,10,4,6,2
654377023,11,6,5,2
654377024,2,1,1,1
654377031,5,3,2,2
654377032,2,1,1,1
654377033,3,2,1,1
654377034,8,3,5,4
654377072,13,5,8,2
654377073,2,1,1,1
654377081,13,6,7,3
654377103,1,1,0,1
654377111,3,1,2,1
654377112,5,4,1,2
654377202,7,3,4,2
654377204,6,4,2,1
654377211,3,2,1,1
654377233,11,6,5,6
654377332,5,3,2,2
654377544,18,8,10,4
654377551,7,4,3,2
654377553,7,3,4,4
654377634,2,1,1,1
654377643,1,1,0,1
654377651,2,1,1,1
654377653,2,1,1,1
654377654,20,9,11,5
654377751,6,2,4,1
654377752,4,3,1,1
654377754,46,23,23,15
654377864,6,2,4,2
654377971,6,2,4,1
654401084,3,2,1,2
654402074,5,2,3,1
654402081,3,1,2,1
654402363,1,1,0,1
654402392,3,2,1,1
654403052,4,2,2,1
654403054,22,12,10,5
654403072,2,1,1,1
654403094,8,3,5,2
654403151,5,2,3,1
654403161,3,2,1,1
654403233,9,4,5,2
654403241,7,4,3,2
654403253,8,5,3,2
654403332,3,1,2,1
654403333,8,5,3,2
654403341,1,0,1,1
654403422,5,2,3,1
654403424,4,3,1,1
654403432,5,2,3,1
654403433,1,0,1,1
654403434,11,7,4,3
654403484,6,2,4,2
654403524,2,1,1,1
654403531,3,2,1,1
654403532,6,2,4,1
654403582,2,1,1,1
654403594,10,6,4,2
654403622,2,1,1,1
654403724,2,1,1,1
654403833,8,5,3,1
654403931,2,1,1,1
654403933,5,2,3,2
654404042,3,1,2,1
654404043,3,1,2,2
654404052,1,0,1,1
654404054,11,5,6,2
654404062,3,2,1,1
654404063,8,3,5,2
654404071,3,2,1,2
654404081,2,1,1,1
654404103,3,1,2,1
654404104,2,1,1,1
654404114,3,1,2,1
654404123,7,3,4,2
654404132,5,2,3,1
654404152,5,4,1,2
654404154,8,4,4,3
654404161,3,2,1,2
654404202,6,3,3,1
654404204,4,2,2,2
654404212,6,2,4,1
654404223,3,1,2,1
654404231,2,1,1,1
654404233,7,3,4,2
654404243,5,2,3,1
654404251,3,2,1,1
654404254,6,4,2,2
654404261,3,2,1,1
654404263,6,3,3,1
654404264,3,1,2,1
654404311,10,5,5,3
654404312,9,5,4,2
654404332,10,5,5,2
654404333,12,5,7,3
654404344,3,0,3,1
654404351,21,9,12,5
654404353,3,2,1,1
654404354,9,5,4,3
654404373,3,2,1,1
654404394,9,5,4,2
654404401,5,1,4,1
654404422,3,1,2,1
654404442,5,3,2,2
654404444,8,4,4,4
654404464,2,1,1,1
654404471,1,1,0,1
654404483,14,5,9,4
654404504,3,1,2,1
654404521,4,2,2,1
654404522,2,1,1,1
654404523,2,1,1,1
654404532,83,40,43,38
654404533,2,1,1,1
654404534,7,2,5,2
654404541,282,142,140,128
654404542,12,6,6,6
654404543,54,32,22,27
654404551,12,4,8,3
654404552,3,2,1,1
654404553,13,7,6,4
654404572,12,7,5,4
654404592,15,9,6,4
654404601,5,2,3,1
654404621,1,1,0,1
654404622,5,2,3,1
654404623,7,3,4,1
654404624,7,3,4,2
654404632,6,2,4,3
654404633,3,2,1,1
654404634,9,4,5,2
654404643,10,4,6,3
654404644,7,3,4,2
654404701,4,2,2,1
654404722,42,19,23,18
654404723,2,1,1,1
654404724,26,13,13,13
654404732,2,1,1,1
654404734,4,2,2,1
654404772,3,1,2,1
654404792,7,5,2,2
654404793,2,1,1,1
654404812,2,1,1,1
654404813,3,2,1,2
654404821,10,4,6,4
654404834,1,0,1,1
654404842,10,4,6,3
654404892,12,6,6,3
654404894,2,2,0,1
654404904,1,0,1,1
654404912,2,1,1,1
654404932,6,2,4,1
654404941,1,0,1,1
654404951,4,3,1,1
654404991,3,2,1,1
654405003,4,2,2,1
654405093,7,4,3,1
654405101,7,5,2,1
654405104,2,1,1,1
654405213,6,3,3,2
654405254,8,5,3,1
654405271,4,2,2,1
654405281,7,4,3,1
654405303,7,2,5,1
654405334,4,2,2,1
654405342,2,2,0,1
654405364,6,3,3,2
654405371,5,2,3,1
654405372,3,1,2,1
654405374,12,6,6,3
654405401,2,2,0,1
654405403,3,2,1,1
654405414,2,2,0,1
654405452,5,2,3,1
654405454,11,5,6,3
654405461,5,3,2,1
654405492,12,5,7,3
654405493,5,1,4,1
654405503,16,7,9,3
654405513,2,1,1,1
654405534,7,3,4,1
654405544,3,1,2,1
654405564,7,2,5,1
654405582,6,3,3,1
654405583,3,2,1,1
654405601,19,8,11,5
654405602,4,3,1,1
654405633,6,3,3,1
654405634,17,9,8,4
654405641,3,1,2,1
654405651,6,3,3,2
654405653,3,1,2,1
654405664,2,1,1,1
654405683,10,5,5,2
654405691,7,3,4,1
654405702,1,0,1,1
654405734,8,4,4,1
654405743,18,10,8,6
654405821,8,4,4,2
654405823,4,2,2,1
654405853,5,3,2,1
654405854,3,1,2,1
654405862,3,1,2,1
654405901,3,2,1,1
654405903,5,2,3,3
654405921,3,2,1,1
654405922,2,1,1,1
654405931,6,2,4,1
654405933,4,3,1,1
654405941,5,3,2,1
654405942,7,4,3,2
654405943,3,2,1,1
654405952,6,2,4,1
654405954,7,3,4,1
654405962,10,3,7,2
654405963,9,4,5,2
654405972,4,1,3,1
654405973,2,1,1,1
654406002,8,4,4,1
654406022,1,1,0,1
654406061,12,6,6,2
654406074,12,6,6,2
654406083,5,3,2,1
654406091,16,8,8,4
654406093,7,5,2,1
654406131,6,4,2,2
654406133,9,4,5,2
654406143,9,4,5,2
654406181,2,1,1,1
654406184,5,3,2,1
654406192,1,0,1,1
654406193,5,2,3,2
654406212,6,4,2,2
654406213,3,1,2,1
654406232,6,4,2,1
654406233,9,5,4,2
654406244,4,3,1,1
654406252,5,4,1,1
654406254,1,0,1,1
654406261,2,1,1,1
654406283,7,4,3,2
654406292,3,1,2,1
654406302,3,1,2,1
654406304,4,2,2,2
654406312,3,2,1,1
654406314,3,1,2,1
654406343,7,3,4,1
654406353,8,2,6,2
654406373,9,6,3,2
654406401,9,4,5,2
654406404,6,3,3,1
654406412,14,9,5,4
654406422,3,2,1,1
654406444,2,1,1,1
654406461,4,3,1,3
654406472,22,13,9,6
654406473,4,2,2,1
654406481,13,6,7,3
654406483,4,2,2,1
654406484,2,1,1,1
654406522,2,0,2,1
654406533,3,2,1,1
654406534,2,1,1,1
654406541,2,2,0,1
654406544,7,4,3,1
654406551,9,3,6,1
654406561,4,3,1,1
654406562,5,2,3,2
654406563,5,2,3,1
654406564,2,1,1,1
654406572,8,4,4,2
654406573,2,1,1,1
654406581,3,1,2,1
654406601,3,1,2,1
654406613,8,3,5,3
654406614,2,1,1,1
654406623,5,1,4,2
654406631,2,1,1,1
654406634,14,5,9,5
654406641,8,5,3,4
654406642,3,2,1,1
654406643,32,17,15,19
654406644,68,44,24,44
654406653,22,19,3,19
654406654,6,4,2,2
654406673,3,1,2,1
654406682,2,1,1,1
654406683,2,1,1,1
654406693,7,4,3,2
654406694,7,3,4,3
654406702,3,1,2,1
654406711,3,2,1,1
654406713,1,1,0,1
654406734,7,4,3,2
654406741,60,33,27,32
654406742,113,54,59,48
654406743,2,1,1,1
654406751,2,1,1,1
654406753,4,1,3,1
654406754,2,1,1,1
654406762,3,2,1,1
654406771,5,2,3,3
654406791,3,2,1,1
654406792,2,1,1,1
654406793,4,1,3,1
654406813,1,1,0,1
654406814,3,2,1,1
654406823,8,3,5,4
654406824,3,1,2,1
654406831,25,14,11,6
654406843,1,1,0,1
654406852,1,1,0,1
654406863,27,14,13,5
654406871,6,2,4,1
654406873,2,1,1,1
654406882,2,2,0,2
654406883,4,2,2,4
654406892,4,1,3,1
654406901,10,6,4,5
654406902,7,4,3,2
654406903,36,21,15,14
654406904,241,112,129,105
654406911,17,8,9,9
654406912,82,44,38,31
654406913,422,203,219,191
654406914,211,101,110,101
654406921,12,7,5,4
654406923,36,19,17,15
654406933,3,2,1,1
654406934,14,7,7,2
654406943,3,2,1,1
654406944,2,1,1,1
654406951,3,1,2,1
654406952,6,3,3,1
654406953,3,2,1,1
654406983,2,2,0,2
654407042,5,3,2,1
654407044,10,5,5,2
654407054,5,3,2,1
654407062,3,2,1,1
654407071,11,5,6,2
654407144,4,1,3,1
654407154,4,2,2,1
654407213,9,3,6,3
654407232,5,3,2,1
654407242,5,3,2,2
654407253,5,2,3,2
654407263,2,1,1,1
654407282,3,1,2,2
654407294,8,4,4,2
654407304,3,2,1,1
654407322,5,3,2,1
654407323,2,1,1,1
654407331,16,8,8,5
654407332,4,1,3,1
654407334,6,3,3,2
654407342,5,3,2,1
654407352,8,3,5,2
654407354,5,2,3,1
654407372,8,5,3,2
654407381,11,4,7,3
654407382,2,1,1,1
654407383,9,5,4,3
654407384,34,14,20,15
654407392,2,1,1,1
654407393,43,17,26,20
654407402,2,1,1,1
654407403,13,6,7,3
654407412,2,1,1,1
654407414,3,1,2,1
654407423,4,2,2,1
654407424,5,2,3,2
654407431,3,1,2,1
654407432,11,5,6,3
654407441,2,1,1,1
654407442,10,6,4,4
654407443,12,7,5,3
654407444,10,5,5,2
654407453,6,3,3,2
654407454,5,2,3,1
654407462,3,2,1,3
654407472,2,1,1,1
654407482,5,2,3,3
654407483,11,5,6,3
654407491,26,14,12,13
654407492,4,1,3,1
654407501,6,2,4,1
654407511,1,0,1,1
654407512,11,5,6,4
654407521,3,1,2,1
654407531,12,7,5,4
654407563,14,8,6,4
654407582,4,2,2,1
654407604,2,1,1,1
654407612,7,3,4,3
654407614,3,2,1,1
654407621,3,2,1,1
654407634,7,4,3,2
654407643,17,6,11,4
654407644,11,5,6,3
654407651,1,0,1,1
654407652,4,2,2,1
654407654,1,0,1,1
654407661,2,1,1,1
654407662,1,0,1,1
654407663,2,1,1,1
654407672,6,4,2,1
654407692,2,1,1,1
654407701,3,1,2,1
654407703,7,2,5,2
654407704,6,3,3,3
654407711,4,1,3,1
654407732,2,1,1,1
654407742,8,4,4,1
654407744,2,1,1,1
654407753,1,1,0,1
654407764,1,1,0,1
654407771,1,1,0,1
654407774,3,2,1,1
654407781,4,1,3,2
654407782,2,1,1,1
654407783,16,5,11,4
654407801,19,9,10,3
654407811,13,5,8,3
654407813,9,5,4,2
654407821,3,2,1,1
654407824,3,2,1,1
654407832,7,4,3,2
654407841,2,1,1,1
654407842,5,2,3,2
654407843,6,3,3,2
654407852,6,2,4,1
654407853,3,2,1,1
654407863,1,1,0,1
654407872,9,6,3,3
654407873,3,1,2,1
654407882,3,2,1,1
654407884,1,0,1,1
654407892,2,2,0,1
654407902,3,2,1,1
654407913,4,1,3,1
654407922,4,2,2,1
654407933,5,2,3,2
654407934,3,2,1,1
654407941,11,5,6,3
654407962,3,1,2,1
654407963,6,3,3,2
654407973,7,3,4,2
654407981,3,2,1,1
654407982,5,3,2,2
654407991,5,3,2,1
654407993,3,2,1,1
654410164,13,7,6,4
654410171,17,8,9,7
654410172,44,22,22,16
654410173,259,128,131,156
654410174,391,208,183,234
654410183,86,43,43,52
654410262,19,16,3,13
654410263,132,66,66,60
654410264,224,103,121,100
654410271,281,143,138,147
654410272,42,25,17,31
654410281,75,41,34,48
654412583,28,13,15,6
654412584,2,2,0,2
654412592,1,0,1,1
654412593,3,2,1,2
654412673,7,4,3,2
654412681,49,24,25,15
654412683,4,2,2,2
654412771,2,1,1,1
654412894,4,2,2,2
654413121,2,1,1,1
654413124,9,5,4,5
654413133,1,1,0,1
654413222,6,3,3,2
654413224,1,1,0,1
654413322,8,5,3,2
654413331,19,9,10,8
654413414,5,3,2,2
654413432,2,1,1,1
654413482,4,2,2,2
654413484,4,2,2,2
654413501,4,2,2,2
654413503,4,0,4,2
654413531,2,1,1,1
654413543,2,1,1,1
654413582,4,2,2,1
654413584,3,0,3,2
654413591,6,3,3,1
654413613,5,3,2,3
654413614,12,7,5,4
654413621,14,7,7,6
654413622,4,2,2,2
654413624,5,2,3,2
654413631,6,2,4,3
654413641,2,1,1,1
654413642,14,5,9,5
654413644,4,1,3,1
654413651,8,4,4,3
654413653,10,6,4,5
654413654,4,3,1,2
654413674,12,7,5,5
654413681,13,7,6,5
654413683,1,1,0,1
654413702,4,2,2,1
654413703,2,1,1,1
654413711,5,2,3,2
654413713,4,2,2,1
654413714,3,1,2,1
654413721,3,2,1,1
654413722,3,2,1,1
654413724,4,3,1,1
654413732,7,4,3,2
654413741,8,3,5,3
654413744,28,13,15,11
654413751,6,4,2,2
654413752,249,95,154,42
654413753,164,91,73,94
654413754,254,113,141,106
654413762,18,10,8,8
654413763,118,59,59,55
654413764,405,189,216,185
654413771,387,178,209,185
654413772,46,25,21,18
654413773,249,116,133,97
654413774,13,6,7,4
654413781,9,5,4,4
654413783,13,5,8,9
654413784,12,5,7,4
654413794,16,6,10,4
654413801,2,1,1,1
654413804,21,7,14,6
654413811,2,0,2,2
654413841,2,1,1,1
654413842,19,9,10,6
654413843,25,9,16,8
654413844,47,24,23,20
654413851,135,67,68,51
654413852,169,78,91,73
654413853,259,125,134,106
654413854,271,135,136,136
654413861,361,162,199,163
654413862,373,182,191,164
654413863,357,163,194,172
654413864,152,69,83,75
654413871,253,110,143,116
654413872,110,54,56,50
654413873,74,43,31,43
654413874,42,21,21,16
654413881,3,2,1,1
654413883,8,6,2,4
654413893,2,1,1,1
654413894,3,1,2,1
654413901,1,1,0,1
654413941,2,1,1,1
654413942,11,4,7,5
654413951,9,4,5,2
654413952,6,3,3,4
654413953,5,2,3,2
654413954,1,0,1,1
654413961,181,92,89,74
654413962,243,118,125,101
654413963,101,47,54,40
654413964,50,26,24,21
654413971,6,3,3,3
654413972,12,3,9,5
654413981,9,6,3,3
654413983,4,1,3,1
654413984,7,3,4,1
654413991,14,5,9,5
654413992,7,3,4,2
654414014,6,2,4,2
654414044,5,3,2,1
654414074,7,4,3,2
654414081,4,2,2,2
654414104,8,4,4,2
654414111,14,5,9,5
654414112,16,8,8,4
654414113,28,13,15,12
654414142,3,2,1,1
654414153,5,3,2,1
654414202,3,2,1,2
654414204,4,3,1,3
654414233,1,0,1,1
654414234,1,1,0,1
654414251,12,5,7,3
654414331,1,1,0,1
654414363,3,1,2,1
654414401,2,1,1,1
654414431,4,2,2,2
654414573,9,7,2,5
654414671,4,2,2,1
654414672,8,5,3,2
654414673,2,1,1,1
654414674,6,5,1,1
654414692,3,1,2,1
654414694,6,4,2,1
654414713,1,1,0,1
654414761,2,1,1,1
654414763,1,1,0,1
654414772,2,1,1,1
654414791,1,1,0,1
654414792,3,2,1,1
654414793,4,2,2,1
654414894,7,2,5,3
654414903,3,2,1,2
654414913,5,3,2,2
654414923,1,1,0,1
654414992,3,1,2,1
654415004,8,4,4,3
654415011,3,2,1,1
654415012,6,1,5,1
654415014,5,3,2,1
654415021,7,2,5,1
654415031,1,1,0,1
654415033,2,1,1,1
654415041,2,1,1,1
654415042,3,2,1,1
654415043,7,3,4,1
654415052,2,1,1,1
654415053,2,1,1,1
654415054,2,2,0,1
654415071,6,3,3,1
654415072,4,2,2,1
654415074,5,3,2,1
654415083,9,3,6,2
654415084,86,85,1,7
654415091,1,0,1,1
654415113,7,4,3,2
654415121,2,1,1,1
654415122,7,3,4,1
654415124,7,4,3,1
654415134,4,2,2,2
654415141,2,1,1,1
654415173,19,11,8,4
654415211,6,2,4,1
654415222,5,2,3,1
654415231,4,2,2,1
654415234,4,2,2,1
654415242,6,3,3,1
654415243,6,2,4,2
654415254,3,1,2,1
654415261,2,2,0,1
654415262,2,1,1,1
654415271,3,1,2,1
654415272,8,5,3,2
654415281,9,6,3,2
654415343,13,5,8,4
654415344,5,3,2,1
654415351,4,2,2,1
654415354,7,5,2,2
654415363,11,5,6,3
654415381,3,1,2,1
654415384,7,4,3,1
654415393,6,3,3,1
654415403,8,4,4,3
654415411,5,3,2,1
654415414,3,2,1,1
654415421,2,1,1,1
654415424,3,1,2,1
654415433,2,1,1,1
654415434,3,2,1,1
654415443,12,6,6,2
654415451,2,1,1,1
654415461,6,4,2,1
654415472,1,0,1,1
654415473,2,1,1,1
654415474,6,3,3,2
654415494,3,2,1,1
654415501,5,4,1,1
654415504,4,3,1,1
654415511,8,3,5,1
654415512,4,2,2,2
654415514,2,1,1,1
654415521,2,2,0,1
654415531,4,2,2,1
654415534,37,25,12,23
654415543,120,67,53,58
654415544,6,4,2,2
654415562,5,2,3,1
654415563,5,2,3,2
654415564,5,3,2,2
654415574,7,3,4,1
654415581,3,1,2,1
654415584,8,3,5,1
654415592,4,2,2,1
654415601,1,0,1,1
654415602,2,1,1,1
654415612,6,3,3,2
654415613,12,6,6,5
654415614,2,1,1,1
654415621,2,2,0,1
654415623,2,1,1,1
654415624,2,1,1,1
654415632,5,3,2,3
654415634,1,1,0,1
654415641,61,31,30,25
654415642,8,4,4,4
654415643,1,0,1,1
654415651,10,3,7,2
654415652,3,2,1,1
654415654,3,1,2,1
654415661,5,2,3,2
654415664,6,3,3,1
654415681,6,3,3,1
654415693,1,0,1,1
654415694,2,1,1,1
654415701,3,2,1,1
654415703,2,1,1,1
654415712,16,8,8,3
654415731,2,1,1,1
654415732,1,0,1,1
654415741,8,2,6,1
654415751,1,0,1,1
654415752,7,4,3,1
654415761,6,2,4,1
654415764,3,1,2,2
654415771,14,6,8,2
654415772,6,3,3,1
654415774,2,1,1,1
654415782,11,8,3,2
654415791,5,1,4,1
654415801,3,1,2,1
654415802,3,2,1,1
654415821,9,3,6,4
654415823,10,6,4,4
654415824,4,0,4,4
654415831,1,0,1,1
654415853,4,2,2,1
654415864,8,3,5,2
654415873,7,4,3,2
654415882,8,2,6,2
654415894,4,3,1,1
654415902,3,2,1,2
654415912,11,3,8,2
654415913,1,1,0,1
654415914,3,2,1,1
654415923,2,1,1,1
654415932,13,6,7,3
654415943,4,2,2,1
654415953,4,2,2,1
654415954,5,2,3,2
654415961,6,4,2,2
654415963,7,3,4,2
654415964,11,6,5,2
654415971,3,2,1,2
654415972,4,3,1,1
654415981,4,2,2,1
654415991,4,2,2,1
654416001,241,127,114,79
654416002,7,3,4,3
654416003,17,7,10,7
654416004,3,2,1,1
654416011,248,138,110,112
654416012,193,91,102,77
654416014,39,31,8,27
654416022,3,1,2,1
654416042,5,3,2,2
654416043,2,1,1,1
654416052,2,1,1,1
654416054,1,1,0,1
654416063,4,2,2,1
654416081,2,1,1,1
654416082,9,6,3,1
654416093,2,1,1,1
654416114,5,2,3,2
654416122,9,6,3,2
654416123,2,1,1,1
654416131,2,1,1,1
654416133,6,3,3,2
654416154,5,3,2,1
654416163,9,5,4,1
654416164,6,4,2,1
654416171,5,1,4,1
654416172,10,7,3,4
654416173,4,1,3,1
654416181,1,0,1,1
654416184,5,3,2,1
654416191,1,1,0,1
654416192,4,2,2,1
654416194,1,0,1,1
654416204,7,3,4,2
654416213,4,1,3,1
654416231,3,2,1,1
654416252,5,3,2,2
654416254,2,1,1,1
654416261,1,1,0,1
654416262,5,3,2,1
654416263,9,4,5,3
654416264,4,1,3,1
654416272,2,1,1,1
654416274,6,4,2,2
654416284,6,2,4,1
654416301,3,2,1,1
654416304,4,1,3,1
654416333,4,2,2,1
654416334,1,1,0,1
654416341,4,2,2,1
654416342,5,2,3,1
654416343,4,1,3,1
654416344,5,2,3,2
654416351,1,1,0,1
654416353,3,2,1,1
654416354,3,2,1,1
654416381,8,3,5,2
654416382,9,5,4,2
654416413,7,4,3,2
654416424,2,1,1,1
654416432,2,1,1,1
654416453,4,2,2,1
654416461,7,4,3,2
654416472,14,7,7,4
654416483,13,8,5,2
654416492,6,3,3,2
654416493,12,6,6,4
654416504,4,2,2,2
654416513,8,5,3,2
654416521,4,2,2,1
654416522,2,1,1,1
654416524,2,1,1,1
654416531,1,1,0,1
654416541,4,1,3,1
654416542,5,3,2,1
654416553,9,5,4,3
654416572,10,5,5,3
654416574,5,2,3,2
654416582,5,2,3,2
654416583,1,1,0,1
654416604,5,4,1,2
654416613,3,2,1,2
654416623,11,6,5,3
654416633,5,4,1,2
654416634,4,2,2,2
654416641,3,2,1,1
654416643,1,0,1,1
654416652,4,1,3,1
654416661,2,1,1,1
654416662,2,1,1,1
654416663,3,1,2,1
654416672,5,3,2,1
654416674,7,3,4,3
654416681,2,0,2,1
654416691,12,5,7,3
654416693,3,2,1,1
654416701,7,4,3,2
654416703,3,2,1,2
654416704,1,1,0,1
654416712,2,1,1,1
654416723,4,3,1,1
654416822,5,2,3,2
654416831,5,3,2,2
654416841,40,22,18,23
654416842,173,80,93,67
654416844,203,94,109,83
654416851,2,1,1,1
654416853,233,110,123,102
654416854,24,13,11,12
654416861,4,3,1,3
654416863,6,2,4,2
654416873,12,7,5,2
654416874,4,1,3,1
654416883,2,1,1,1
654416891,6,2,4,1
654416913,3,1,2,2
654416921,5,2,3,2
654416922,11,8,3,2
654416923,11,5,6,4
654416943,9,4,5,2
654416951,51,31,20,21
654416952,59,26,33,21
654416953,17,8,9,4
654416962,7,4,3,1
654416981,9,4,5,2
654416983,2,1,1,1
654417001,3,1,2,2
654417004,2,1,1,1
654417011,5,2,3,2
654417021,6,3,3,1
654417044,6,4,2,1
654417053,8,6,2,1
654417054,4,2,2,1
654417061,5,3,2,2
654417081,3,1,2,2
654417092,7,2,5,2
654417101,5,2,3,1
654417111,2,2,0,1
654417112,49,25,24,23
654417114,147,69,78,70
654417121,7,5,2,2
654417122,1,0,1,1
654417123,13,6,7,7
654417132,4,2,2,1
654417141,1,0,1,1
654417161,1,1,0,1
654417174,4,2,2,1
654417182,4,2,2,2
654417191,9,5,4,3
654417211,7,4,3,2
654417212,1,0,1,1
654417213,10,5,5,2
654417221,8,5,3,2
654417224,2,1,1,1
654417231,1,1,0,1
654417242,6,4,2,2
654417253,2,1,1,1
654417261,4,2,2,1
654417262,8,5,3,1
654417263,3,2,1,1
654417264,3,1,2,1
654417271,6,4,2,2
654417274,6,2,4,1
654417291,4,3,1,2
654417292,2,1,1,1
654417294,3,1,2,2
654417302,5,3,2,2
654417303,1,1,0,1
654417323,10,6,4,2
654417331,6,3,3,2
654417334,17,9,8,4
654417354,2,1,1,1
654417361,2,1,1,1
654417362,4,2,2,2
654417381,4,3,1,1
654417384,2,1,1,1
654417391,8,5,3,2
654417392,7,4,3,2
654417393,4,2,2,2
654417403,1,1,0,1
654417404,4,2,2,1
654417412,4,2,2,1
654417422,12,4,8,2
654417433,2,1,1,1
654417434,3,2,1,1
654417441,6,3,3,2
654417444,2,1,1,1
654417451,4,1,3,1
654417453,4,3,1,1
654417461,3,2,1,1
654417462,3,2,1,1
654417463,8,4,4,3
654417473,1,1,0,1
654417503,1,0,1,1
654417511,5,4,1,3
654417522,4,2,2,2
654417523,5,2,3,2
654417533,4,2,2,1
654417534,6,3,3,2
654417542,3,1,2,1
654417544,2,2,0,2
654417552,5,3,2,1
654417581,2,1,1,1
654417601,9,3,6,2
654417604,1,0,1,1
654417611,3,2,1,1
654417613,4,2,2,1
654417623,4,2,2,1
654417631,2,1,1,1
654417642,5,3,2,1
654417643,6,3,3,2
654417653,2,1,1,1
654417654,7,4,3,1
654417674,3,1,2,1
654417742,3,2,1,1
654417744,2,1,1,1
654417753,5,2,3,2
654417754,2,1,1,1
654417771,2,1,1,1
654417772,3,2,1,1
654417773,2,1,1,1
654417784,3,2,1,1
654417842,2,1,1,1
654417861,5,3,2,2
654417871,11,6,5,2
654417924,6,4,2,3
654417931,7,4,3,3
654417933,6,2,4,3
654417981,12,8,4,2
654417982,8,5,3,2
654417993,7,4,3,2
654420513,1,1,0,1
654421653,5,2,3,1
654422574,23,11,12,6
654422581,6,2,4,2
654422583,4,2,2,2
654422643,12,4,8,2
654422652,3,0,3,1
654422654,18,10,8,6
654422662,6,3,3,2
654422663,4,1,3,2
654422664,17,7,10,8
654422673,3,2,1,2
654422674,3,1,2,2
654422683,1,0,1,1
654422691,1,0,1,1
654422693,2,1,1,1
654422742,4,2,2,2
654422743,4,2,2,1
654422744,14,9,5,3
654422751,1,0,1,1
654422752,7,4,3,2
654422754,4,3,1,1
654422773,44,21,23,23
654422774,36,15,21,21
654422823,2,1,1,1
654422833,12,5,7,4
654422834,17,8,9,4
654422841,15,6,9,5
654422842,21,9,12,5
654422843,2,1,1,1
654422851,18,9,9,6
654422852,1,0,1,1
654422853,4,2,2,2
654422854,2,1,1,1
654422914,4,2,2,1
654422922,1,0,1,1
654422923,18,10,8,7
654422924,3,1,2,1
654422942,10,5,5,4
654423034,1,1,0,1
654423061,39,21,18,13
654423062,16,7,9,5
654423063,2,1,1,1
654423064,24,12,12,10
654423072,2,1,1,1
654423092,13,5,8,3
654423143,2,1,1,1
654423151,2,1,1,1
654423152,5,3,2,3
654423154,1,1,0,1
654423161,2,1,1,1
654423162,10,6,4,2
654423163,2,1,1,1
654423172,7,3,4,2
654423174,2,1,1,1
654423181,10,5,5,3
654423182,16,6,10,6
654423183,7,4,3,4
654423223,1,1,0,1
654423224,15,6,9,5
654423231,1,0,1,1
654423242,5,3,2,1
654423251,7,3,4,2
654423252,4,2,2,2
654423271,3,1,2,1
654423281,1,0,1,1
654423321,5,3,2,3
654423322,10,6,4,4
654423323,3,1,2,1
654423324,9,6,3,2
654423333,2,1,1,1
654423351,13,6,7,4
654423402,7,3,4,1
654423413,3,2,1,1
654423431,2,1,1,1
654423441,3,2,1,1
654423443,6,3,3,3
654423512,4,3,1,1
654423522,4,2,2,1
654423524,6,4,2,1
654423533,6,3,3,1
654423541,4,2,2,1
654423544,4,3,1,1
654423612,3,2,1,1
654423613,3,1,2,2
654423621,8,3,5,2
654423632,4,2,2,2
654423634,1,1,0,1
654423642,11,4,7,5
654423643,10,7,3,2
654423644,63,30,33,31
654423652,5,3,2,2
654423663,5,4,1,2
654423712,3,2,1,2
654423722,10,3,7,3
654423723,2,1,1,1
654423724,3,1,2,1
654423741,6,4,2,2
654423742,16,10,6,8
654423752,5,2,3,2
654423841,23,12,11,7
654423842,32,15,17,15
654423843,7,2,5,3
654423844,8,3,5,5
654423851,8,5,3,7
654423853,4,2,2,3
654423971,3,1,2,1
654423973,4,1,3,1
654424001,3,2,1,1
654424004,12,7,5,3
654424011,5,3,2,1
654424012,4,3,1,1
654424021,3,2,1,1
654424102,4,3,1,1
654425004,6,3,3,2
654425012,2,1,1,1
654425014,8,4,4,1
654425022,2,1,1,1
654425031,11,5,6,4
654425032,11,6,5,3
654425042,2,1,1,1
654425051,11,7,4,5
654425052,17,10,7,6
654425061,1,0,1,1
654425082,2,1,1,1
654425091,3,2,1,1
654425112,7,4,3,2
654425122,3,2,1,1
654425124,8,4,4,2
654425134,1,0,1,1
654425143,1,0,1,1
654425153,2,1,1,1
654425154,8,2,6,2
654425161,1,1,0,1
654425163,9,5,4,4
654425173,6,3,3,1
654425181,2,1,1,1
654425183,8,4,4,3
654425192,1,0,1,1
654425194,6,3,3,3
654425233,5,3,2,1
654425261,3,2,1,1
654425272,2,1,1,1
654425293,3,1,2,1
654425363,3,1,2,1
654425372,17,7,10,3
654425384,3,2,1,1
654425392,2,1,1,1
654425394,3,2,1,1
654425452,4,3,1,1
654425454,10,5,5,2
654425462,2,1,1,1
654425473,7,4,3,1
654425474,5,3,2,2
654425494,7,3,4,1
654425542,5,2,3,2
654425554,3,2,1,2
654425571,6,3,3,2
654425572,18,9,9,9
654425573,20,8,12,4
654425583,13,6,7,4
654425584,6,4,2,1
654425661,7,4,3,2
654425664,21,9,12,4
654425672,2,1,1,2
654425673,2,1,1,2
654425682,2,1,1,2
654425692,2,1,1,1
654425693,3,2,1,2
654425694,3,1,2,1
654425762,5,2,3,4
654425771,1,1,0,1
654425793,4,2,2,1
654425891,3,1,2,1
654425892,3,1,2,1
654426002,11,6,5,2
654426012,5,3,2,1
654426014,1,1,0,1
654426021,1,0,1,1
654426023,3,2,1,1
654426034,3,1,2,1
654426043,18,8,10,3
654426044,5,3,2,2
654426061,6,2,4,3
654426082,7,5,2,2
654426084,7,4,3,1
654426094,2,1,1,1
654426101,3,2,1,1
654426103,2,1,1,1
654426114,2,1,1,1
654426124,4,2,2,1
654426132,2,1,1,1
654426144,4,0,4,1
654426152,9,5,4,2
654426171,5,3,2,1
654426172,6,2,4,2
654426174,2,1,1,1
654426181,2,1,1,1
654426191,12,7,5,4
654426204,9,7,2,2
654426231,7,3,4,2
654426233,2,1,1,1
654426242,1,1,0,1
654426251,4,3,1,1
654426254,9,4,5,2
654426263,3,2,1,1
654426271,3,2,1,1
654426294,7,4,3,2
654426321,4,2,2,1
654426324,9,4,5,2
654426331,3,1,2,1
654426332,3,1,2,1
654426333,16,8,8,3
654426341,3,2,1,1
654426342,3,1,2,1
654426343,1,0,1,1
654426344,2,1,1,1
654426351,8,3,5,2
654426353,3,2,1,1
654426423,9,3,6,2
654426424,9,4,5,2
654426433,4,2,2,1
654426463,2,1,1,1
654426481,13,5,8,3
654426502,8,4,4,2
654426504,4,2,2,1
654426511,4,1,3,1
654426512,1,1,0,1
654426513,5,2,3,1
654426514,7,3,4,2
654426521,5,3,2,2
654426553,3,2,1,1
654426554,2,1,1,1
654426561,8,5,3,2
654426573,9,5,4,2
654426593,2,1,1,1
654426594,6,3,3,2
654426634,7,5,2,2
654426642,2,2,0,1
654426652,6,2,4,2
654426654,1,0,1,1
654426662,5,2,3,2
654426694,7,4,3,2
654426711,4,2,2,1
654426731,2,0,2,1
654426733,3,1,2,1
654426734,4,2,2,1
654426741,3,1,2,1
654426744,6,3,3,2
654426751,13,7,6,4
654426753,15,7,8,3
654426763,3,2,1,1
654426783,11,4,7,3
654426801,8,5,3,2
654426813,6,4,2,1
654426831,3,1,2,1
654426834,7,4,3,1
654426841,7,3,4,1
654426842,4,2,2,2
654426844,6,2,4,2
654426851,1,0,1,1
654426863,7,4,3,2
654426872,1,0,1,1
654426884,8,3,5,2
654426891,9,5,4,2
654426892,4,2,2,1
654426893,5,3,2,1
654426921,2,1,1,1
654426924,5,3,2,2
654426952,11,4,7,2
654426964,8,4,4,2
654426984,5,4,1,1
654427011,6,2,4,2
654427014,1,0,1,1
654427022,2,1,1,1
654427023,2,1,1,1
654427031,3,1,2,1
654427043,6,3,3,2
654427054,15,8,7,6
654427101,5,3,2,1
654427111,8,5,3,4
654427112,4,2,2,1
654427113,6,2,4,2
654427121,6,4,2,2
654427122,4,2,2,2
654427131,38,23,15,14
654427132,20,11,9,6
654427133,11,7,4,3
654427134,7,2,5,2
654427142,4,1,3,2
654427143,2,1,1,1
654427151,2,1,1,1
654427152,11,5,6,5
654427153,5,2,3,2
654427154,5,4,1,2
654427164,2,2,0,2
654427173,18,5,13,6
654427174,14,8,6,4
654427191,5,3,2,1
654427192,5,3,2,1
654427202,11,6,5,3
654427213,3,1,2,1
654427221,3,2,1,1
654427231,5,2,3,2
654427241,9,4,5,3
654427252,80,43,37,27
654427254,3,2,1,1
654427261,7,4,3,2
654427262,17,8,9,8
654427263,19,9,10,8
654427272,3,2,1,1
654427333,4,1,3,1
654427351,4,2,2,2
654427352,1,1,0,1
654427354,7,4,3,3
654427363,24,14,10,13
654427371,27,15,12,12
654427373,7,3,4,2
654427374,52,24,28,30
654427411,2,2,0,1
654427412,4,2,2,1
654427413,2,1,1,1
654427422,5,2,3,2
654427424,24,10,14,9
654427431,1,0,1,1
654427432,8,4,4,2
654427443,5,2,3,2
654427454,78,39,39,29
654427461,270,140,130,109
654427462,11,5,6,5
654427471,14,7,7,7
654427472,295,139,156,113
654427473,225,114,111,104
654427474,913,478,435,427
654427481,159,76,83,57
654427482,7,3,4,1
654427483,234,107,127,118
654427484,123,60,63,78
654427514,2,1,1,1
654427521,3,1,2,1
654427522,9,6,3,2
654427523,4,3,1,1
654427541,185,39,146,7
654427544,16,9,7,5
654427551,2,1,1,1
654427553,11,5,6,4
654427554,7,3,4,2
654427561,112,51,61,53
654427562,623,289,334,255
654427563,513,251,262,195
654427564,1119,528,591,468
654427571,397,198,199,190
654427572,793,378,415,392
654427573,860,419,441,401
654427574,509,260,249,257
654427581,273,135,138,119
654427582,591,274,317,251
654427583,489,258,231,215
654427584,689,338,351,324
654427591,2,1,1,1
654427593,398,193,205,148
654427594,8,3,5,3
654427604,4,2,2,1
654427611,9,3,6,2
654427612,7,2,5,3
654427613,19,12,7,7
654427621,2,1,1,1
654427642,4,2,2,1
654427643,2,1,1,1
654427644,1,1,0,1
654427651,91,46,45,33
654427652,191,94,97,63
654427654,118,57,61,46
654427661,595,284,311,220
654427662,465,222,243,195
654427663,195,92,103,82
654427664,505,250,255,204
654427671,186,96,90,77
654427672,74,48,26,52
654427673,5,2,3,2
654427674,155,75,80,61
654427681,256,131,125,150
654427682,727,355,372,358
654427683,231,109,122,109
654427684,322,175,147,166
654427691,517,257,260,206
654427692,455,209,246,178
654427693,842,393,449,372
654427694,367,172,195,166
654427702,11,6,5,3
654427704,2,1,1,1
654427724,8,5,3,2
654427771,12,6,6,4
654427772,358,179,179,132
654427773,27,16,11,17
654427774,6,4,2,3
654427781,525,293,232,195
654427782,593,291,302,261
654427783,81,36,45,29
654427784,366,183,183,144
654427791,80,45,35,30
654427792,473,235,238,213
654427793,15,6,9,5
654427794,98,51,47,54
654427801,11,4,7,4
654427803,10,5,5,3
654427823,4,3,1,1
654427834,13,5,8,2
654427843,6,3,3,2
654427852,2,1,1,1
654427853,9,4,5,2
654427854,3,2,1,1
654427861,1,0,1,1
654427863,2,1,1,1
654427864,5,3,2,2
654427871,18,8,10,7
654427873,3,1,2,1
654427882,3,2,1,1
654427891,225,111,114,105
654427892,135,61,74,58
654427893,25,9,16,10
654427894,24,11,13,9
654427911,4,2,2,2
654427933,13,5,8,4
654427944,10,4,6,3
654430293,2,1,1,1
654430391,5,3,2,1
654430422,10,4,6,3
654430483,5,4,1,1
654430484,11,4,7,3
654430522,3,2,1,3
654430534,13,5,8,6
654430541,7,3,4,3
654430572,5,2,3,2
654430622,2,1,1,1
654430632,5,3,2,2
654430722,6,3,3,2
654430723,5,2,3,2
654430761,7,4,3,2
654430763,12,6,6,4
654430814,6,3,3,2
654430821,3,1,2,1
654430823,1,0,1,1
654430863,3,1,2,1
654430901,4,2,2,2
654430902,6,2,4,1
654430903,2,0,2,1
654430904,5,3,2,3
654430914,11,7,4,2
654430954,5,3,2,2
654431312,3,2,1,1
654431313,3,1,2,1
654431402,5,3,2,3
654432012,4,1,3,1
654432014,2,1,1,1
654432281,3,1,2,1
654432382,2,1,1,1
654432384,5,3,2,2
654433362,5,2,3,3
654433363,39,20,19,24
654433364,48,21,27,24
654433461,50,26,24,26
654433462,7,5,2,5
654433463,13,6,7,4
654433464,1,0,1,1
654433473,4,2,2,1
654433561,12,8,4,3
654433571,11,5,6,2
654433574,3,1,2,1
654433642,61,29,32,26
654433643,20,11,9,15
654433644,84,53,31,49
654433651,90,47,43,50
654433652,62,30,32,27
654433653,248,103,145,152
654433654,243,107,136,142
654433661,24,16,8,16
654433663,46,19,27,19
654433664,3,1,2,1
654433674,15,8,7,3
654433711,6,4,2,3
654433712,30,14,16,17
654433742,234,95,139,79
654433751,43,21,22,24
654433752,12,4,8,3
654433764,3,2,1,1
654433771,4,2,2,1
654433774,3,2,1,1
654433863,5,3,2,2
654433952,2,1,1,1
654435074,1,0,1,1
654436022,3,2,1,2
654436023,5,3,2,2
654436024,2,1,1,1
654436032,7,4,3,1
654436033,5,2,3,1
654436041,2,1,1,1
654436053,2,0,2,2
654436073,4,2,2,1
654436074,8,5,3,3
654436094,2,1,1,1
654436123,7,4,3,2
654436132,5,4,1,1
654436141,6,3,3,2
654436152,3,2,1,1
654436153,8,4,4,2
654436162,11,5,6,3
654436164,2,1,1,1
654436221,13,8,5,2
654436244,1,1,0,1
654436252,6,3,3,2
654436261,5,2,3,1
654436352,8,5,3,2
654437001,6,3,3,2
654437004,4,1,3,2
654437011,4,2,2,1
654437022,3,2,1,1
654437032,3,1,2,1
654437041,3,1,2,1
654437053,9,5,4,2
654437071,2,1,1,1
654437072,2,1,1,1
654437074,4,2,2,2
654437081,1,1,0,1
654437101,3,2,1,1
654437112,5,4,1,1
654437122,7,3,4,3
654437124,22,8,14,7
654437131,1,0,1,1
654437133,14,7,7,5
654437154,13,8,5,4
654437162,6,4,2,2
654437171,3,2,1,1
654437191,9,4,5,2
654437194,2,1,1,1
654437202,3,2,1,2
654437211,3,2,1,1
654437212,1,1,0,1
654437222,8,5,3,2
654437223,3,2,1,1
654437252,2,1,1,1
654437254,8,3,5,3
654437264,3,1,2,1
654437272,17,9,8,5
654437293,6,3,3,2
654437294,2,1,1,1
654437304,6,3,3,2
654437313,8,4,4,3
654437334,13,7,6,3
654437342,15,7,8,3
654437354,4,2,2,1
654437362,5,3,2,2
654437394,8,4,4,3
654437424,1,1,0,1
654437434,3,1,2,1
654437441,4,2,2,1
654437452,8,5,3,1
654437454,2,1,1,1
654437463,5,1,4,2
654437471,5,3,2,2
654437473,6,2,4,3
654437481,2,1,1,1
654437483,10,4,6,2
654437491,2,1,1,1
654437492,23,10,13,9
654437521,3,2,1,1
654437522,5,4,1,1
654437524,2,1,1,1
654437543,2,1,1,1
654437544,1,1,0,1
654437552,2,1,1,1
654437561,3,2,1,1
654437562,13,6,7,7
654437573,1,0,1,1
654437583,3,1,2,2
654437584,5,2,3,2
654437592,3,1,2,1
654437594,6,2,4,1
654437612,1,0,1,1
654437622,13,7,6,3
654437632,4,3,1,1
654437653,9,4,5,1
654437661,10,5,5,2
654437662,10,5,5,2
654437671,1,1,0,1
654437741,5,3,2,1
654437752,5,3,2,2
654437771,4,3,1,2
654437782,7,4,3,2
654437872,12,5,7,3
654437874,8,5,3,2
654437882,4,2,2,1
654437983,6,2,4,1
654437992,4,2,2,1
654437993,3,1,2,1
654440011,4,1,3,1
654440012,6,3,3,3
654440013,12,7,5,3
654440014,3,1,2,2
654440053,6,3,3,2
654440114,5,1,4,3
654440121,2,1,1,1
654440123,1,0,1,1
654440124,4,2,2,1
654440133,1,0,1,1
654440144,3,1,2,1
654440152,4,1,3,1
654440154,7,3,4,2
654440221,5,3,2,2
654440223,6,4,2,3
654440224,10,4,6,3
654440242,16,7,9,3
654440243,13,5,8,4
654440244,9,6,3,2
654440252,11,5,6,2
654440253,8,4,4,2
654440254,4,1,3,1
654440312,12,6,6,5
654440313,11,5,6,5
654440314,206,93,113,93
654440321,16,7,9,8
654440323,341,159,182,124
654440324,144,68,76,53
654440332,7,4,3,2
654440342,3,1,2,2
654440344,10,4,6,2
654440353,5,2,3,2
654440384,4,3,1,2
654440411,46,21,25,22
654440412,306,136,170,130
654440413,313,144,169,141
654440414,523,237,286,249
654440421,237,113,124,100
654440422,439,219,220,179
654440423,340,179,161,166
654440424,233,108,125,98
654440442,7,4,3,2
654440443,12,5,7,5
654440473,4,2,2,1
654440481,4,1,3,1
654440483,1,1,0,1
654440484,9,5,4,2
654440501,1,0,1,1
654440502,7,3,4,3
654440504,14,5,9,5
654440511,248,123,125,108
654440512,262,137,125,116
654440513,34,20,14,14
654440514,100,44,56,34
654440521,266,125,141,105
654440523,46,24,22,18
654440524,4,1,3,1
654440531,12,4,8,3
654440602,7,4,3,3
654440603,3,1,2,1
654440604,2,1,1,1
654440612,33,16,17,15
654440614,14,8,6,5
654440621,68,33,35,41
654440623,81,43,38,45
654440633,8,3,5,3
654440652,6,3,3,1
654440683,4,2,2,1
654440711,7,3,4,4
654440712,8,4,4,3
654440714,17,7,10,6
654440721,24,11,13,10
654440722,9,5,4,3
654440724,22,10,12,7
654440734,2,1,1,1
654440744,3,1,2,1
654440754,9,4,5,2
654440772,8,5,3,2
654440822,6,3,3,1
654440831,9,5,4,3
654440833,8,4,4,2
654440834,3,2,1,1
654440841,5,3,2,1
654440843,18,7,11,5
654440844,14,7,7,3
654440851,7,3,4,1
654440931,7,5,2,1
654440932,5,3,2,1
654440941,115,60,55,43
654440942,3,2,1,2
654440943,66,31,35,28
654440944,1,0,1,1
654440962,4,2,2,1
654440974,7,4,3,2
654440984,4,2,2,1
654441303,2,1,1,1
654441304,3,1,2,1
654441404,3,1,2,1
654441451,2,1,1,1
654441503,10,5,5,3
654441542,4,1,3,1
654441551,17,7,10,6
654441642,7,2,5,1
654441644,11,5,6,3
654441653,8,4,4,3
654441654,2,1,1,1
654441742,21,12,9,4
654441743,12,6,6,2
654441744,10,3,7,2
654441751,1,0,1,1
654441752,5,3,2,1
654441753,4,2,2,1
654441834,5,2,3,1
654441844,7,4,3,2
654441863,7,4,3,2
654441932,3,1,2,1
654441933,5,2,3,1
654441934,11,7,4,3
654441942,8,5,3,2
654441944,4,1,3,2
654442932,9,6,3,2
654442934,20,11,9,6
654442941,2,1,1,1
654442942,4,2,2,1
654442943,3,2,1,1
654442974,4,2,2,2
654442981,12,6,6,4
654442993,8,3,5,4
654443044,8,5,3,4
654443051,6,3,3,1
654444411,2,1,1,1
654444412,6,4,2,1
654444413,6,3,3,1
654444503,6,2,4,5
654444504,38,16,22,21
654444513,3,1,2,2
654444601,7,3,4,4
654444602,56,24,32,30
654444603,32,11,21,14
654444604,42,20,22,20
654444611,4,2,2,2
654444702,7,2,5,2
654444804,4,1,3,1
654444813,7,3,4,1
654444902,11,8,3,3
654444903,3,1,2,1
654444904,1,0,1,1
654444914,6,3,3,1
654447081,2,1,1,1
654447092,13,6,7,3
654447171,2,0,2,1
654447174,16,7,9,3
654447181,13,8,5,2
654447191,10,5,5,2
654447481,11,5,6,2
654447494,3,2,1,1
654447582,4,2,2,1
654447591,4,2,2,1
654447592,1,1,0,1
654447594,2,1,1,1
654447671,4,2,2,1
654447672,2,1,1,1
654447682,1,0,1,1
654447691,12,5,7,3
654447692,2,1,1,1
654447764,3,2,1,1
654447772,3,1,2,1
654447984,4,2,2,1
654447992,4,2,2,1
654447994,8,3,5,2
654450011,2,1,1,1
654450012,4,2,2,1
654450013,12,6,6,2
654450014,2,1,1,1
654450032,18,6,12,4
654450042,1,0,1,1
654450044,11,6,5,3
654450052,10,6,4,4
654450053,13,7,6,4
654450063,14,4,10,2
654450064,9,6,3,3
654450072,4,3,1,1
654450074,2,1,1,1
654450083,2,1,1,1
654450084,5,3,2,2
654450122,3,2,1,1
654450131,2,1,1,1
654450134,8,5,3,2
654450142,13,6,7,3
654450144,5,3,2,2
654450151,5,4,1,2
654450154,7,3,4,3
654450161,12,5,7,3
654450162,4,2,2,2
654450164,6,3,3,2
654450181,2,1,1,1
654450241,19,11,8,5
654450244,6,3,3,2
654450251,3,1,2,2
654450253,5,3,2,1
654450254,6,3,3,2
654450262,7,3,4,2
654450271,7,3,4,2
654450273,3,1,2,1
654450341,7,5,2,1
654450342,2,1,1,1
654450344,9,3,6,4
654450351,1,0,1,1
654450352,10,4,6,3
654450353,4,2,2,1
654450361,10,5,5,3
654450362,16,8,8,6
654450364,8,4,4,2
654450374,3,1,2,1
654450393,5,3,2,1
654450394,4,2,2,2
654450444,5,3,2,1
654450452,4,2,2,2
654450453,1,1,0,1
654450454,4,2,2,1
654450462,11,7,4,3
654450463,10,5,5,2
654450464,42,19,23,16
654450471,4,2,2,1
654450472,5,2,3,1
654450473,12,7,5,3
654450474,4,1,3,1
654450551,10,6,4,2
654450553,17,8,9,4
654450554,1,1,0,1
654450561,10,6,4,4
654450562,6,4,2,1
654450563,8,4,4,1
654450564,2,1,1,1
654450571,13,6,7,4
654450572,16,8,8,4
654450573,6,3,3,2
654450574,6,2,4,2
654450603,3,1,2,1
654450652,7,4,3,3
654450654,29,14,15,6
654450661,17,7,10,6
654450662,4,2,2,1
654450664,4,1,3,2
654450672,6,4,2,2
654450673,6,3,3,2
654450674,77,31,46,28
654450681,2,1,1,1
654450682,2,0,2,2
654450684,7,3,4,2
654450694,1,1,0,1
654450704,3,1,2,2
654450713,4,2,2,1
654450751,8,2,6,1
654450752,6,3,3,1
654450753,4,3,1,1
654450754,6,3,3,2
654450761,10,5,5,3
654450762,5,2,3,1
654450763,11,4,7,3
654450764,6,4,2,1
654450771,3,2,1,1
654450772,120,55,65,49
654450774,376,194,182,146
654450781,360,158,202,199
654450782,16,8,8,5
654450783,385,175,210,89
654450784,518,256,262,179
654450792,4,2,2,3
654450793,600,279,321,272
654450794,387,194,193,148
654450802,3,2,1,1
654450811,6,2,4,1
654450812,13,4,9,3
654450814,10,5,5,3
654450831,3,2,1,1
654450841,4,2,2,1
654450861,7,4,3,2
654450862,17,8,9,6
654450863,6,3,3,2
654450864,14,7,7,4
654450871,114,45,69,39
654450872,124,62,62,47
654450873,111,52,59,37
654450874,1235,551,684,491
654450881,703,347,356,312
654450882,762,359,403,326
654450883,757,366,391,349
654450884,581,279,302,270
654450891,621,304,317,255
654450892,562,270,292,241
654450893,1120,542,578,504
654450894,1018,466,552,409
654450912,7,3,4,2
654450921,4,1,3,1
654450922,7,4,3,2
654450924,4,2,2,1
654450934,5,3,2,1
654450961,13,8,5,4
654450962,12,6,6,4
654450964,21,10,11,4
654450971,7,3,4,2
654450972,763,368,395,338
654450973,9,5,4,3
654450974,519,248,271,216
654450981,611,299,312,310
654450982,912,435,477,429
654450983,1028,485,543,438
654450984,767,359,408,294
654450991,980,470,510,406
654450992,353,171,182,150
654450993,392,188,204,175
654450994,149,74,75,53
654451032,4,2,2,1
654451034,7,3,4,2
654451043,7,4,3,2
654451044,1,0,1,1
654451124,16,9,7,3
654451131,9,6,3,1
654451132,6,3,3,2
654451133,5,2,3,1
654451134,2,1,1,1
654451142,8,4,4,2
654451151,1,1,0,1
654451222,2,1,1,1
654451224,3,2,1,1
654451231,10,3,7,3
654451232,5,3,2,3
654451233,2,1,1,1
654451234,18,8,10,3
654451242,12,4,8,2
654451243,1,0,1,1
654451304,2,1,1,1
654451322,3,2,1,1
654451323,8,5,3,2
654451324,18,10,8,3
654451331,11,4,7,1
654451332,4,2,2,1
654451333,6,4,2,1
654451334,6,2,4,2
654451342,9,4,5,2
654451343,3,1,2,1
654451344,6,4,2,2
654451381,3,1,2,1
654451402,4,1,3,1
654451423,10,4,6,2
654451432,8,5,3,2
654451434,6,3,3,1
654451443,9,6,3,2
654451451,2,1,1,1
654451464,21,10,11,5
654451472,10,5,5,3
654451473,2,1,1,1
654451474,7,4,3,3
654451481,5,2,3,1
654451492,7,3,4,1
654451504,1,0,1,1
654451511,8,3,5,3
654451513,23,12,11,7
654451522,5,2,3,2
654451523,10,6,4,2
654451532,3,2,1,1
654451533,9,4,5,2
654451542,3,1,2,1
654451554,1,0,1,1
654451561,10,6,4,3
654451571,21,13,8,6
654451572,9,4,5,2
654451573,6,3,3,2
654451581,18,10,8,4
654451583,4,2,2,1
654451592,8,5,3,3
654451601,16,9,7,3
654451602,7,3,4,2
654451612,3,2,1,2
654451613,14,8,6,4
654451614,14,7,7,4
654451621,7,4,3,1
654451622,7,4,3,4
654451623,32,16,16,14
654451624,10,5,5,3
654451631,1,1,0,1
654451633,4,2,2,1
654451644,5,3,2,2
654451662,2,1,1,1
654451663,8,4,4,3
654451701,6,3,3,2
654451702,22,11,11,8
654451703,8,4,4,2
654451704,9,5,4,3
654451711,10,6,4,5
654451712,24,13,11,7
654451713,2,1,1,1
654451714,8,3,5,1
654451721,10,6,4,3
654451722,1,0,1,1
654451723,9,5,4,3
654451734,13,7,6,4
654451741,3,1,2,1
654451752,1,1,0,1
654451753,5,2,3,1
654451772,9,4,5,2
654451774,9,4,5,2
654451783,9,5,4,2
654451801,27,17,10,14
654451802,14,6,8,4
654451803,30,17,13,10
654451804,31,13,18,14
654451811,14,6,8,3
654451813,6,3,3,3
654451821,7,4,3,2
654451822,6,2,4,2
654451823,151,148,3,4
654451824,67,65,2,4
654451831,4,1,3,1
654451844,21,10,11,6
654451853,8,4,4,2
654451854,4,2,2,1
654451861,3,2,1,1
654451862,4,2,2,2
654451863,16,6,10,3
654451864,5,2,3,1
654451871,6,4,2,1
654451881,4,1,3,2
654451901,53,22,31,23
654451902,15,9,6,4
654451903,96,66,30,33
654451904,5,2,3,1
654451911,6,4,2,2
654451913,2,1,1,1
654451922,29,29,0,3
654451923,2,1,1,1
654451924,13,7,6,3
654451931,17,14,3,3
654451944,10,6,4,4
654451961,3,2,1,1
654451962,5,3,2,1
654451972,18,10,8,3
654451981,31,13,18,6
654451992,20,11,9,4
654452031,20,10,10,4
654452034,3,1,2,1
654452041,15,9,6,5
654452044,1,0,1,1
654452052,3,2,1,1
654452073,5,4,1,4
654452074,1,1,0,1
654452131,1,0,1,1
654452152,16,6,10,4
654452153,10,6,4,4
654452171,1,1,0,1
654452181,6,4,2,1
654452204,2,1,1,1
654452302,2,1,1,1
654452303,4,3,1,2
654452342,8,5,3,2
654452353,9,5,4,2
654452403,2,1,1,1
654452404,17,8,9,4
654452442,2,1,1,1
654452443,2,1,1,1
654452444,3,2,1,1
654452501,6,3,3,1
654452513,11,4,7,2
654452514,2,1,1,1
654452533,3,2,1,1
654452534,8,5,3,2
654452541,15,10,5,4
654452552,2,1,1,1
654452631,8,4,4,2
654452632,12,8,4,2
654452633,11,7,4,4
654452634,12,6,6,3
654452641,3,1,2,1
654452713,5,2,3,1
654452714,3,1,2,1
654452722,1,1,0,1
654452724,1,1,0,1
654452732,1,1,0,1
654452733,7,3,4,1
654452734,2,1,1,1
654452754,10,5,5,2
654452812,9,5,4,4
654452821,2,1,1,1
654452831,12,6,6,3
654452833,7,4,3,2
654452851,9,4,5,2
654452852,2,1,1,1
654452913,3,2,1,1
654452922,8,5,3,2
654452924,6,3,3,2
654452931,10,5,5,2
654452932,2,1,1,1
654452933,9,4,5,2
654452934,2,1,1,1
654452941,5,2,3,1
654452943,3,1,2,1
654452953,9,6,3,2
654452961,8,4,4,2
654452963,8,3,5,2
654453593,3,2,1,2
654453684,6,2,4,2
654453691,7,3,4,2
654453692,8,3,5,3
654453693,7,3,4,2
654453694,2,1,1,1
654453704,8,4,4,3
654453734,6,2,4,2
654453754,1,1,0,1
654453782,7,5,2,1
654453784,7,3,4,2
654453791,25,13,12,5
654453792,3,1,2,1
654453793,1,1,0,1
654453794,12,6,6,3
654453801,4,2,2,1
654453832,8,5,3,2
654453841,4,2,2,1
654453842,1,1,0,1
654453843,7,2,5,1
654453851,6,3,3,1
654453863,4,3,1,1
654453883,11,5,6,3
654453884,8,4,4,5
654453893,7,3,4,2
654453894,6,3,3,1
654453911,8,4,4,1
654453942,14,9,5,3
654453944,3,2,1,1
654453952,5,3,2,2
654453953,10,6,4,2
654453954,8,4,4,1
654453961,5,3,2,2
654453963,15,11,4,3
654453981,5,2,3,1
654453983,5,4,1,1
654453984,9,4,5,3
654453992,10,6,4,3
654453994,11,8,3,2
654454001,4,3,1,1
654454123,22,12,10,4
654454201,1,0,1,1
654454212,1,0,1,1
654454214,5,3,2,1
654454221,3,1,2,1
654454301,10,5,5,2
654454303,3,2,1,1
654454323,38,19,19,23
654454324,2,1,1,1
654454333,6,3,3,2
654454341,4,1,3,2
654454343,6,3,3,1
654454381,7,4,3,1
654454383,3,2,1,1
654454384,3,2,1,1
654454391,3,2,1,1
654454401,11,5,6,3
654454412,6,3,3,3
654454421,65,33,32,30
654454422,169,81,88,81
654454423,154,83,71,76
654454424,98,56,42,41
654454432,5,3,2,2
654454434,1,1,0,1
654454444,1,1,0,1
654454484,8,5,3,3
654454491,19,7,12,5
654454501,8,4,4,1
654454503,17,6,11,3
654454521,1,1,0,1
654454522,5,3,2,4
654454523,2,1,1,2
654454524,6,4,2,2
654454531,7,5,2,2
654454532,16,10,6,4
654454533,7,4,3,2
654454541,1,1,0,1
654454542,3,3,0,3
654454543,12,7,5,2
654454544,9,4,5,2
654454561,1,1,0,1
654454573,10,7,3,2
654454574,12,5,7,2
654454581,12,7,5,2
654454582,1,1,0,1
654454583,5,4,1,2
654454584,14,7,7,6
654454591,9,5,4,2
654454593,3,1,2,1
654454601,9,3,6,2
654454603,15,6,9,3
654454621,7,5,2,3
654454623,16,7,9,2
654454624,9,6,3,2
654454631,3,2,1,2
654454632,5,3,2,5
654454641,8,4,4,2
654454642,13,8,5,2
654454643,9,5,4,3
654454651,2,1,1,1
654454653,4,3,1,1
654454654,3,2,1,1
654454662,8,4,4,1
654454663,2,1,1,1
654454664,1,1,0,1
654454672,2,2,0,2
654454673,2,1,1,1
654454674,1,1,0,1
654454681,1,0,1,1
654454682,17,6,11,4
654454683,15,6,9,2
654454684,9,3,6,3
654454701,4,2,2,1
654454703,5,2,3,2
654454721,16,5,11,5
654454722,1,1,0,1
654454724,1,1,0,1
654454731,2,2,0,2
654454733,1,1,0,1
654454734,6,4,2,2
654454741,3,1,2,1
654454742,3,1,2,1
654454743,3,1,2,1
654454744,2,1,1,1
654454753,1,0,1,1
654454761,5,3,2,1
654454762,1,0,1,1
654454763,2,1,1,1
654454772,2,1,1,2
654454774,7,4,3,3
654454793,13,8,5,6
654454801,2,1,1,1
654454823,3,1,2,1
654454843,6,4,2,2
654454851,3,1,2,1
654454852,5,2,3,2
654454853,2,1,1,1
654454854,2,1,1,1
654454861,4,2,2,2
654454862,2,1,1,1
654454863,8,5,3,3
654454864,16,9,7,3
654454871,4,2,2,1
654454872,6,4,2,2
654454873,5,2,3,1
654454874,13,6,7,3
654454881,8,3,5,1
654454903,11,6,5,2
654454914,4,1,3,1
654454921,5,3,2,1
654454923,22,9,13,5
654454932,5,3,2,1
654454942,3,2,1,1
654454944,5,1,4,1
654454951,8,3,5,2
654454953,31,15,16,6
654454961,8,4,4,4
654454962,5,3,2,1
654454964,93,44,49,32
654454971,42,21,21,17
654454972,146,65,81,70
654454973,510,246,264,253
654454974,248,98,150,93
654454981,9,5,4,2
654454983,65,35,30,18
654454984,4,1,3,1
654454994,1,0,1,1
654455503,10,5,5,3
654455504,8,4,4,3
654455702,2,1,1,1
654455714,17,6,11,4
654455812,7,3,4,3
654455843,8,3,5,1
654455844,3,1,2,1
654455854,14,7,7,3
654455941,3,1,2,1
654455971,1,1,0,1
654457193,10,5,5,2
654457194,4,2,2,2
654457391,3,2,1,2
654457394,6,3,3,1
654460014,9,4,5,4
654460023,2,1,1,1
654460024,10,5,5,3
654460033,2,1,1,1
654460034,3,2,1,1
654460043,2,1,1,1
654460053,6,4,2,1
654460071,5,2,3,2
654460072,146,64,82,62
654460073,28,14,14,7
654460074,12,7,5,4
654460081,503,234,269,208
654460082,269,113,156,122
654460083,92,39,53,43
654460084,84,56,28,44
654460091,5,3,2,2
654460092,17,6,11,7
654460093,7,3,4,1
654460094,112,54,58,41
654460114,5,3,2,1
654460141,7,3,4,3
654460151,2,2,0,1
654460153,2,1,1,1
654460154,6,3,3,3
654460161,3,2,1,1
654460171,5,2,3,3
654460172,59,30,29,20
654460173,115,59,56,38
654460174,254,125,129,103
654460182,13,7,6,3
654460183,8,3,5,3
654460184,9,4,5,4
654460191,3,1,2,2
654460192,17,9,8,5
654460193,6,2,4,2
654460241,3,2,1,1
654460252,2,1,1,1
654460262,38,21,17,17
654460264,11,8,3,4
654460271,16,7,9,6
654460272,22,11,11,11
654460281,7,4,3,3
654460282,4,2,2,1
654460283,9,4,5,2
654460291,4,2,2,1
654460292,2,1,1,1
654460293,3,1,2,2
654460294,9,4,5,3
654460304,28,15,13,5
654460312,7,4,3,2
654460314,13,8,5,4
654460321,6,4,2,1
654460354,2,1,1,1
654460361,4,1,3,1
654460363,10,4,6,4
654460381,15,7,8,2
654460383,8,4,4,1
654460384,14,7,7,3
654460392,9,5,4,3
654460393,7,2,5,3
654460394,2,1,1,1
654460401,16,8,8,3
654460404,9,5,4,3
654460421,10,5,5,3
654460433,2,1,1,1
654460434,9,5,4,3
654460442,1,0,1,1
654460443,6,3,3,1
654460452,1,1,0,1
654460461,10,5,5,2
654460481,5,2,3,1
654460482,8,4,4,2
654460484,7,3,4,3
654460491,2,1,1,1
654460493,11,6,5,4
654460501,4,2,2,1
654460502,5,3,2,2
654460503,60,28,32,27
654460504,15,8,7,3
654460512,10,4,6,2
654460514,2,1,1,1
654460532,3,1,2,1
654460542,6,3,3,3
654460574,7,5,2,2
654460581,11,4,7,4
654460582,5,3,2,1
654460583,7,3,4,1
654460584,2,1,1,1
654460591,3,1,2,2
654460592,13,5,8,3
654460593,12,7,5,4
654460594,13,6,7,4
654460601,2,1,1,1
654460602,1,0,1,1
654460603,12,7,5,3
654460623,5,3,2,1
654460632,5,3,2,1
654460652,5,3,2,2
654460683,1,1,0,1
654460691,13,5,8,4
654460693,6,3,3,2
654460694,22,13,9,7
654460782,1,1,0,1
654460791,5,3,2,1
654460792,12,5,7,2
654460794,10,4,6,3
654460884,3,2,1,1
654460891,2,1,1,1
654460892,23,15,8,6
654460893,8,3,5,1
654460894,13,6,7,4
654460983,17,9,8,4
654460984,3,1,2,1
654460991,5,3,2,1
654460992,22,12,10,6
654460993,16,6,10,4
654460994,14,8,6,4
654461002,4,1,3,1
654461003,4,3,1,1
654461004,15,8,7,3
654461012,2,1,1,1
654461013,9,4,5,2
654461022,8,3,5,2
654461023,10,4,6,2
654461033,16,9,7,4
654461034,13,7,6,4
654461061,6,2,4,1
654461062,24,11,13,5
654461063,15,7,8,4
654461064,5,2,3,1
654461073,1,0,1,1
654461084,7,3,4,1
654461091,6,3,3,1
654461103,5,3,2,2
654461113,5,2,3,2
654461124,12,5,7,3
654461131,6,4,2,3
654461132,21,9,12,4
654461134,11,7,4,3
654461142,6,4,2,2
654461153,6,3,3,2
654461154,25,15,10,5
654461162,5,2,3,1
654461164,1,1,0,1
654461194,5,3,2,1
654461201,1,0,1,1
654461203,6,3,3,3
654461222,21,11,10,4
654461224,12,5,7,2
654461241,2,1,1,1
654461242,4,3,1,1
654461244,7,3,4,1
654461254,4,2,2,1
654461262,20,8,12,4
654461263,5,2,3,2
654461264,4,2,2,1
654461271,22,9,13,5
654461294,5,1,4,1
654461301,11,4,7,2
654461303,1,0,1,1
654461322,9,3,6,2
654461334,3,2,1,1
654461342,6,2,4,1
654461343,21,12,9,4
654461344,18,7,11,4
654461351,8,3,5,2
654461371,27,14,13,5
654461391,6,4,2,1
654461393,12,5,7,3
654461394,2,1,1,1
654461401,1,0,1,1
654461403,3,2,1,1
654461422,4,2,2,1
654461423,16,7,9,4
654461424,12,6,6,4
654461434,3,2,1,1
654461441,15,9,6,3
654461442,11,5,6,3
654461443,4,2,2,1
654461444,4,3,1,1
654461451,3,2,1,1
654461452,4,2,2,1
654461453,4,2,2,1
654461463,4,2,2,1
654461464,11,6,5,2
654461491,5,2,3,1
654461493,6,3,3,1
654461494,19,11,8,4
654461502,18,10,8,5
654461503,3,1,2,1
654461511,20,8,12,3
654461513,19,12,7,4
654461514,8,4,4,1
654461522,5,3,2,1
654461524,10,6,4,2
654461542,14,7,7,3
654461543,15,8,7,3
654461544,2,1,1,1
654461551,5,3,2,1
654461552,11,5,6,2
654461554,5,2,3,1
654461561,17,9,8,4
654461582,12,5,7,2
654461583,6,3,3,1
654461601,7,4,3,2
654461602,4,2,2,1
654461604,5,3,2,2
654461611,24,11,13,6
654461612,19,7,12,3
654461613,3,2,1,2
654461614,4,1,3,2
654461621,1,0,1,1
654461623,7,3,4,3
654461641,4,2,2,1
654461642,5,2,3,2
654461652,13,7,6,3
654461674,7,4,3,1
654461702,7,4,3,2
654461711,24,14,10,4
654461712,7,4,3,1
654461713,18,9,9,4
654461714,5,1,4,2
654461721,4,2,2,3
654461733,9,5,4,1
654461734,23,12,11,3
654461743,11,7,4,2
654461751,5,3,2,2
654461753,5,3,2,1
654461754,10,4,6,3
654461763,21,10,11,6
654461774,6,2,4,1
654461781,4,2,2,2
654461783,5,3,2,1
654461784,4,1,3,2
654461791,7,4,3,1
654461793,2,1,1,1
654461801,8,4,4,1
654461802,7,3,4,1
654461811,9,3,6,3
654461813,2,1,1,1
654461814,9,3,6,4
654461821,6,3,3,2
654461822,1,0,1,1
654461823,13,6,7,3
654461832,5,1,4,1
654461833,211,108,103,89
654461834,305,120,185,115
654461843,28,13,15,12
654461844,15,3,12,3
654461852,1,1,0,1
654461854,5,3,2,1
654461864,7,4,3,2
654461872,5,2,3,1
654461873,14,7,7,4
654461874,10,4,6,3
654461883,6,3,3,1
654461891,3,2,1,1
654461901,13,6,7,3
654461902,14,8,6,4
654461903,3,2,1,1
654461904,6,3,3,3
654461911,11,5,6,3
654461912,6,4,2,2
654461921,29,15,14,7
654461924,24,13,11,9
654461931,689,333,356,290
654461932,503,230,273,228
654461933,72,38,34,31
654461934,418,191,227,185
654461941,105,58,47,68
654461942,157,75,82,66
654461943,257,128,129,120
654461944,511,241,270,200
654461951,30,16,14,14
654461953,56,26,30,27
654461962,7,3,4,3
654461972,3,1,2,1
654461973,7,4,3,2
654461974,1,0,1,1
654462003,2,2,0,1
654462011,3,1,2,1
654462013,6,2,4,2
654462014,5,2,3,1
654462021,3,2,1,1
654462022,3,2,1,2
654462031,14,4,10,4
654462032,4,2,2,1
654462033,88,35,53,19
654462034,253,122,131,113
654462043,52,19,33,17
654462052,4,2,2,1
654462064,3,1,2,1
654462101,4,2,2,1
654462111,8,3,5,2
654462112,2,0,2,1
654462114,4,1,3,1
654462121,5,2,3,1
654462122,12,6,6,5
654462124,15,8,7,4
654462131,413,207,206,161
654462132,335,156,179,156
654462133,136,66,70,63
654462134,260,128,132,107
654462141,34,20,14,15
654462142,4,3,1,1
654462143,17,7,10,6
654462151,6,3,3,1
654462163,4,2,2,1
654462183,5,2,3,1
654462231,39,19,20,17
654462232,14,8,6,3
654462233,7,4,3,2
654462242,3,2,1,1
654462243,17,8,9,6
654462244,8,4,4,2
654462251,2,1,1,1
654462262,2,1,1,1
654462264,7,5,2,1
654462273,5,3,2,2
654462282,3,2,1,1
654462321,5,3,2,1
654462323,4,1,3,1
654462324,16,9,7,4
654462331,10,6,4,3
654462332,10,6,4,3
654462334,8,3,5,2
654462341,1,1,0,1
654462342,5,2,3,1
654462343,4,2,2,2
654462344,17,9,8,3
654462353,13,4,9,2
654462362,3,1,2,1
654462371,12,5,7,4
654462373,7,2,5,2
654462412,7,2,5,2
654462421,16,8,8,2
654462422,3,2,1,2
654462423,1,0,1,1
654462424,2,1,1,1
654462432,2,1,1,1
654462441,4,2,2,1
654462451,23,8,15,4
654462461,2,1,1,1
654462473,6,2,4,1
654462512,11,5,6,3
654462514,15,9,6,5
654462521,5,3,2,1
654462522,5,2,3,1
654462523,3,1,2,1
654462531,9,6,3,2
654462532,10,5,5,2
654462533,13,7,6,2
654462534,7,3,4,2
654462551,8,4,4,3
654462581,2,1,1,1
654462592,2,1,1,1
654462612,6,3,3,2
654462614,2,1,1,1
654462621,1,1,0,1
654462623,12,7,5,5
654462683,27,15,12,5
654462684,6,3,3,1
654462711,2,1,1,1
654462731,9,4,5,1
654462733,6,3,3,2
654462753,14,6,8,4
654462772,8,4,4,2
654462774,5,2,3,2
654462793,3,2,1,1
654462832,2,1,1,1
654462833,6,3,3,1
654462834,12,5,7,2
654462843,4,1,3,1
654462852,5,3,2,2
654462871,6,3,3,2
654462872,22,8,14,4
654462881,5,3,2,1
654462891,18,7,11,3
654462893,29,14,15,7
654462913,8,4,4,2
654462921,7,4,3,2
654462931,6,3,3,2
654462933,9,5,4,3
654462934,2,1,1,1
654462941,3,2,1,2
654462943,2,1,1,1
654462944,12,5,7,2
654462971,8,5,3,2
654462973,1,1,0,1
654462974,2,1,1,1
654463012,11,6,5,3
654463042,2,1,1,1
654463051,6,3,3,2
654463052,7,4,3,2
654463053,9,4,5,3
654463054,1,0,1,1
654463061,18,6,12,4
654463063,7,4,3,2
654463082,2,1,1,1
654463083,7,2,5,2
654463092,5,2,3,1
654463093,7,2,5,1
654463094,6,4,2,2
654463112,19,10,9,5
654463113,6,3,3,1
654463114,1,1,0,1
654463123,3,2,1,1
654463133,3,1,2,1
654463151,13,7,6,3
654463152,2,1,1,1
654463154,3,2,1,1
654463161,5,3,2,2
654463163,26,10,16,12
654463164,2,1,1,1
654463171,2,1,1,1
654463172,84,38,46,41
654463173,260,125,135,122
654463174,205,91,114,91
654463181,15,8,7,7
654463184,4,2,2,1
654463191,7,2,5,1
654463193,3,2,1,1
654463194,3,1,2,1
654463212,9,4,5,3
654463221,1,0,1,1
654463224,10,4,6,3
654463244,11,6,5,2
654463251,6,3,3,3
654463253,14,7,7,4
654463254,42,15,27,29
654463261,27,13,14,8
654463262,140,61,79,61
654463263,4,3,1,3
654463264,213,95,118,78
654463271,366,161,205,159
654463272,176,77,99,80
654463273,467,217,250,205
654463274,145,75,70,52
654463281,13,8,5,5
654463282,4,2,2,1
654463283,35,16,19,21
654463291,8,4,4,3
654463292,3,2,1,1
654463293,3,1,2,2
654463294,6,2,4,1
654463314,7,3,4,1
654463324,8,6,2,2
654463333,2,1,1,1
654463342,9,5,4,2
654463343,1,1,0,1
654463352,7,5,2,2
654463353,4,2,2,1
654463361,70,40,30,39
654463362,167,79,88,90
654463363,91,40,51,41
654463364,54,22,32,29
654463371,384,178,206,155
654463372,11,5,6,9
654463374,6,3,3,3
654463382,2,1,1,1
654463384,6,3,3,1
654463391,2,1,1,1
654463394,3,1,2,2
654463402,14,6,8,4
654463412,20,9,11,3
654463414,4,2,2,1
654463421,5,2,3,1
654463423,5,2,3,2
654463424,4,3,1,1
654463433,3,1,2,1
654463451,23,13,10,5
654463453,6,2,4,1
654463461,4,1,3,1
654463472,8,2,6,3
654463481,13,5,8,7
654463491,7,3,4,2
654463492,17,9,8,4
654463493,2,1,1,1
654463494,1,1,0,1
654463504,13,8,5,2
654463511,6,3,3,1
654463521,13,5,8,4
654463522,8,3,5,2
654463534,3,1,2,1
654463552,5,3,2,1
654463553,3,2,1,1
654463554,3,1,2,1
654463561,2,1,1,1
654463571,2,1,1,2
654463572,5,2,3,1
654463573,2,1,1,1
654463574,4,2,2,1
654463581,4,1,3,2
654463582,19,9,10,5
654463583,4,2,2,1
654463584,1,1,0,1
654463592,16,7,9,3
654463594,24,13,11,7
654463601,3,2,1,1
654463602,3,2,1,1
654463603,17,8,9,4
654463622,31,15,16,8
654463623,1,0,1,1
654463624,35,20,15,9
654463631,13,6,7,4
654463632,2,1,1,1
654463641,1,0,1,1
654463643,3,2,1,2
654463661,7,3,4,2
654463662,2,1,1,1
654463664,3,1,2,1
654463671,12,7,5,2
654463672,3,2,1,1
654463673,20,11,9,4
654463674,9,4,5,6
654463684,11,6,5,3
654463692,4,4,0,4
654463693,1,0,1,1
654463694,2,1,1,1
654463704,1,1,0,1
654463711,15,6,9,3
654463713,4,2,2,1
654463714,5,3,2,1
654463731,10,4,6,3
654463741,1,1,0,1
654463754,17,8,9,5
654463761,3,1,2,1
654463763,6,2,4,2
654463764,1,0,1,1
654463772,20,10,10,5
654463773,3,1,2,1
654463781,1,1,0,1
654463782,13,5,8,6
654463783,6,3,3,2
654463791,22,11,11,5
654463792,25,13,12,5
654463794,7,4,3,1
654463801,3,1,2,1
654463811,15,7,8,4
654463824,1,0,1,1
654463831,49,25,24,10
654463833,9,4,5,2
654463844,3,1,2,1
654463852,11,6,5,3
654463861,6,4,2,4
654463862,10,6,4,2
654463863,5,1,4,1
654463864,6,3,3,2
654463871,3,2,1,1
654463882,16,7,9,4
654463884,10,5,5,2
654463891,5,2,3,1
654463921,2,1,1,1
654463923,6,3,3,1
654463924,11,4,7,3
654463931,6,3,3,2
654463932,1,0,1,1
654463933,19,9,10,3
654463943,7,4,3,1
654463952,3,2,1,1
654463954,10,4,6,4
654463961,7,4,3,1
654463962,1,1,0,1
654463963,6,3,3,2
654463964,38,21,17,11
654463971,5,2,3,3
654463972,4,1,3,2
654463973,2,1,1,1
654463981,23,11,12,7
654463983,19,8,11,4
654463991,13,9,4,3
654463993,6,4,2,2
654463994,6,2,4,2
654464001,9,4,5,3
654464022,4,2,2,1
654464023,3,2,1,1
654464032,3,2,1,1
654464034,7,3,4,2
654464041,6,4,2,1
654464043,15,8,7,3
654464053,4,2,2,1
654464061,5,3,2,1
654464062,15,8,7,5
654464063,5,3,2,1
654464064,166,61,105,40
654464071,220,96,124,83
654464072,320,152,168,152
654464073,269,137,132,118
654464074,274,135,139,102
654464081,61,27,34,21
654464082,7,4,3,2
654464083,38,20,18,12
654464084,1,1,0,1
654464102,5,3,2,1
654464112,2,1,1,1
654464114,11,6,5,2
654464121,4,3,1,1
654464141,2,2,0,2
654464151,7,3,4,2
654464162,6,4,2,1
654464164,2,1,1,1
654464171,31,14,17,9
654464172,159,75,84,65
654464173,4,2,2,1
654464174,12,7,5,4
654464181,23,11,12,4
654464182,16,9,7,5
654464183,2,1,1,1
654464184,10,6,4,2
654464191,12,9,3,2
654464193,8,4,4,3
654464201,2,1,1,1
654464202,5,2,3,1
654464204,4,2,2,1
654464211,15,4,11,2
654464212,11,5,6,2
654464213,7,3,4,2
654464214,7,4,3,1
654464221,3,2,1,1
654464222,6,3,3,1
654464224,5,3,2,1
654464231,31,12,19,8
654464232,8,5,3,2
654464233,11,5,6,2
654464253,2,1,1,1
654464254,14,9,5,3
654464261,6,3,3,2
654464262,5,2,3,2
654464263,2,2,0,1
654464264,6,3,3,2
654464272,6,3,3,2
654464274,9,5,4,2
654464282,2,1,1,1
654464283,12,7,5,4
654464284,2,1,1,1
654464312,11,5,6,2
654464313,2,1,1,1
654464314,10,4,6,3
654464322,4,2,2,1
654464323,23,11,12,8
654464324,4,2,2,1
654464331,2,1,1,1
654464333,13,8,5,3
654464334,6,3,3,2
654464343,13,8,5,3
654464353,2,1,1,1
654464364,5,4,1,1
654464371,14,6,8,2
654464372,10,4,6,2
654464373,6,3,3,1
654464374,17,11,6,5
654464381,6,2,4,1
654464382,10,4,6,3
654464383,3,2,1,1
654464391,25,11,14,5
654464393,12,5,7,2
654464394,11,5,6,2
654464402,6,4,2,1
654464403,1,1,0,1
654464413,11,6,5,4
654464414,10,5,5,2
654464421,10,6,4,2
654464422,2,0,2,1
654464423,4,2,2,2
654464433,4,3,1,1
654464441,6,4,2,1
654464442,11,6,5,3
654464443,2,1,1,1
654464444,5,4,1,1
654464451,5,2,3,1
654464452,11,8,3,2
654464453,4,2,2,2
654464454,5,3,2,1
654464463,10,4,6,2
654464464,12,7,5,3
654464471,8,4,4,4
654464472,4,2,2,2
654464481,13,8,5,3
654464483,1,1,0,1
654464492,5,3,2,2
654464494,18,12,6,5
654464502,2,1,1,1
654464504,2,1,1,1
654464512,3,1,2,1
654464514,10,5,5,2
654464521,6,4,2,3
654464523,5,3,2,3
654464524,2,1,1,1
654464531,6,3,3,1
654464533,16,10,6,3
654464541,10,5,5,3
654464552,4,3,1,1
654464553,4,1,3,1
654464554,1,0,1,1
654464561,2,1,1,1
654464562,6,4,2,2
654464563,4,3,1,1
654464564,6,3,3,2
654464572,12,7,5,3
654464573,5,3,2,1
654464574,5,2,3,2
654464581,3,1,2,2
654464584,10,5,5,2
654464592,3,2,1,1
654464593,3,1,2,1
654464602,2,1,1,1
654464611,4,3,1,1
654464612,6,4,2,2
654464613,8,5,3,3
654464614,12,6,6,3
654464621,3,2,1,2
654464622,16,7,9,4
654464631,7,4,3,1
654464641,4,2,2,1
654464644,4,1,3,1
654464651,1,1,0,1
654464654,3,2,1,2
654464663,1,1,0,1
654464664,7,3,4,1
654464673,2,1,1,1
654464682,4,2,2,1
654464684,9,4,5,2
654464691,4,2,2,1
654464692,11,6,5,2
654464693,6,2,4,3
654464701,2,1,1,1
654464702,14,7,7,3
654464704,4,1,3,1
654464712,4,3,1,1
654464713,4,3,1,1
654464714,9,4,5,2
654464721,4,2,2,1
654464723,5,2,3,1
654464724,6,4,2,2
654464731,2,1,1,1
654464733,1,0,1,1
654464734,12,6,6,2
654464741,9,3,6,2
654464743,9,4,5,2
654464744,2,1,1,1
654464751,1,0,1,1
654464752,11,4,7,2
654464754,14,8,6,5
654464763,9,5,4,3
654464773,4,1,3,1
654464774,13,8,5,5
654464781,3,1,2,1
654464782,11,7,4,2
654464783,4,3,1,2
654464792,6,5,1,3
654464793,12,5,7,5
654464794,12,6,6,4
654464802,4,1,3,1
654464803,5,3,2,1
654464804,4,2,2,1
654464811,2,1,1,1
654464812,8,4,4,2
654464814,5,3,2,2
654464821,3,2,1,2
654464822,8,2,6,1
654464824,13,7,6,2
654464832,2,1,1,1
654464834,1,1,0,1
654464842,4,3,1,1
654464844,1,1,0,1
654464851,6,3,3,2
654464852,7,4,3,2
654464861,5,3,2,1
654464863,13,6,7,2
654464864,10,5,5,2
654464873,6,3,3,1
654464883,5,2,3,3
654464892,6,3,3,2
654464893,1,0,1,1
654464901,3,1,2,1
654464902,6,2,4,2
654464904,7,4,3,4
654464912,11,4,7,7
654464913,55,24,31,18
654464914,24,11,13,7
654464921,8,5,3,2
654464922,3,1,2,1
654464924,11,5,6,3
654464932,5,2,3,1
654464933,22,11,11,4
654464934,2,1,1,1
654464941,4,2,2,1
654464943,4,2,2,1
654465011,11,5,6,4
654465013,33,15,18,8
654465024,7,3,4,2
654465031,15,8,7,6
654465033,9,3,6,2
654465053,3,2,1,1
654465073,3,2,1,1
654465082,6,3,3,3
654465092,6,3,3,2
654465111,5,3,2,2
654465114,2,1,1,1
654465122,17,9,8,6
654465142,6,2,4,2
654465144,6,3,3,2
654465154,2,1,1,1
654465181,2,1,1,1
654465182,12,7,5,5
654465191,3,2,1,2
654465203,4,2,2,1
654465221,2,0,2,1
654465222,8,2,6,1
654465224,10,4,6,2
654465231,2,1,1,1
654465233,7,5,2,1
654465242,32,16,16,9
654465251,1,1,0,1
654465253,6,3,3,1
654465254,3,2,1,1
654465261,4,2,2,1
654465272,1,1,0,1
654465282,2,2,0,2
654465301,13,6,7,3
654465303,5,3,2,1
654465304,1,0,1,1
654465334,8,5,3,3
654465342,4,2,2,1
654465351,1,0,1,1
654465363,15,6,9,5
654465364,5,2,3,2
654465373,3,1,2,1
654465383,7,4,3,1
654465384,2,1,1,1
654465394,19,8,11,4
654465401,6,3,3,2
654465402,10,5,5,4
654465403,5,2,3,3
654465404,9,6,3,2
654465411,6,2,4,1
654465413,13,8,5,6
654465421,146,69,77,46
654465422,39,21,18,18
654465423,49,22,27,16
654465424,210,104,106,91
654465433,5,1,4,1
654465434,4,2,2,1
654465442,7,3,4,1
654465454,5,2,3,2
654465461,12,6,6,3
654465463,1,1,0,1
654465464,3,1,2,1
654465473,4,2,2,1
654465483,4,3,1,1
654465484,3,2,1,1
654465491,15,6,9,3
654465492,8,5,3,2
654465494,15,6,9,3
654465501,4,3,1,1
654465502,13,5,8,2
654465503,5,3,2,2
654465504,4,2,2,1
654465513,24,12,12,6
654465521,65,52,13,52
654465522,16,10,6,6
654465523,15,8,7,8
654465524,6,3,3,3
654465533,2,1,1,1
654465534,2,1,1,1
654465542,5,3,2,1
654465544,4,2,2,2
654465551,6,2,4,2
654465552,5,4,1,1
654465554,4,2,2,1
654465561,3,1,2,1
654465562,2,1,1,1
654465564,16,11,5,5
654465572,4,2,2,1
654465573,1,0,1,1
654465574,7,3,4,3
654465582,3,1,2,1
654465593,15,6,9,4
654465601,4,2,2,2
654465603,2,1,1,1
654465611,1,0,1,1
654465622,8,3,5,3
654465624,11,5,6,3
654465632,4,2,2,2
654465641,5,3,2,1
654465644,3,2,1,1
654465651,1,0,1,1
654465652,2,1,1,1
654465654,2,1,1,1
654465661,32,15,17,12
654465662,7,3,4,2
654465663,17,8,9,7
654465664,15,9,6,3
654465671,3,1,2,1
654465672,5,3,2,1
654465673,6,3,3,2
654465674,1,0,1,1
654465683,7,3,4,2
654465691,6,5,1,2
654465701,17,8,9,4
654465702,1,0,1,1
654465703,13,6,7,3
654465704,12,7,5,3
654465714,6,3,3,2
654465722,28,17,11,11
654465724,126,60,66,44
654465731,5,2,3,1
654465733,33,18,15,11
654465734,27,12,15,12
654465741,14,7,7,2
654465742,2,1,1,1
654465744,17,7,10,6
654465752,4,2,2,1
654465753,15,9,6,3
654465754,10,3,7,5
654465762,3,1,2,1
654465763,4,3,1,2
654465764,2,1,1,1
654465771,4,3,1,1
654465772,6,3,3,2
654465774,12,7,5,2
654465784,8,4,4,2
654465791,3,1,2,1
654465793,4,2,2,1
654465804,6,2,4,1
654465812,167,87,80,65
654465813,2,1,1,1
654465814,217,110,107,93
654465821,527,250,277,202
654465822,567,258,309,251
654465823,736,361,375,317
654465824,639,296,343,282
654465831,521,236,285,194
654465832,509,237,272,220
654465833,678,293,385,318
654465834,488,247,241,223
654465841,292,149,143,110
654465842,36,16,20,13
654465843,467,226,241,201
654465844,149,72,77,50
654465851,11,6,5,4
654465861,10,6,4,2
654465862,7,3,4,4
654465863,1,0,1,1
654465864,7,2,5,1
654465871,5,3,2,3
654465881,20,14,6,3
654465882,14,5,9,4
654465883,10,6,4,3
654465884,16,8,8,3
654465894,25,11,14,8
654465902,2,1,1,1
654465911,21,12,9,9
654465912,23,13,10,10
654465913,3,1,2,2
654465914,32,15,17,11
654465921,154,82,72,66
654465922,474,239,235,224
654465923,166,83,83,76
654465924,106,62,44,66
654465931,674,340,334,324
654465932,328,152,176,158
654465933,389,188,201,240
654465934,155,100,55,89
654465941,277,142,135,118
654465942,66,30,36,18
654465961,7,3,4,4
654465981,7,4,3,2
654465982,10,5,5,3
654465984,15,9,6,3
654465991,7,3,4,2
654465993,8,3,5,2
654466302,6,2,4,1
654466303,15,7,8,4
654466304,2,1,1,1
654466401,5,3,2,3
654466402,2,1,1,1
654466403,4,2,2,1
654466621,2,1,1,1
654466703,2,1,1,1
654466704,8,4,4,1
654466712,5,3,2,2
654466714,5,3,2,2
654466801,8,3,5,3
654466803,51,25,26,17
654466804,1,1,0,1
654466813,19,9,10,5
654466814,6,4,2,3
654466823,2,1,1,1
654466833,2,1,1,1
654466901,6,2,4,3
654466903,2,0,2,2
654466912,3,2,1,1
654466913,12,5,7,3
654466914,3,1,2,1
654466921,16,10,6,6
654466923,1,1,0,1
654466924,6,2,4,2
654466931,2,1,1,1
654466934,13,7,6,3
654470191,15,9,6,3
654470192,5,1,4,2
654470284,8,5,3,1
654470294,18,7,11,5
654470391,6,2,4,1
654470392,4,1,3,1
654470394,6,2,4,1
654470491,6,4,2,1
654470492,3,2,1,1
654470493,15,8,7,3
654470582,6,4,2,1
654470593,5,1,4,1
654470674,8,4,4,2
654470681,3,2,1,1
654470682,4,2,2,1
654470684,4,2,2,1
654470691,4,3,1,1
654470761,3,2,1,1
654470773,10,4,6,2
654470781,3,1,2,1
654470782,3,2,1,1
654470794,11,6,5,2
654470862,2,1,1,1
654470864,3,1,2,1
654470873,15,9,6,4
654470891,3,1,2,1
654470893,3,2,1,1
654470964,6,3,3,1
654470981,10,6,4,5
654471002,41,22,19,9
654471004,18,9,9,5
654471022,2,1,1,1
654471031,1,1,0,1
654471032,15,8,7,5
654471041,40,19,21,17
654471042,185,93,92,85
654471044,6,2,4,2
654471051,69,34,35,29
654471052,2,2,0,2
654471053,11,8,3,7
654471072,2,1,1,1
654471073,5,3,2,2
654471082,7,5,2,1
654471102,9,5,4,2
654471104,7,3,4,2
654471111,7,4,3,2
654471144,2,1,1,1
654471151,12,6,6,3
654471152,2,1,1,1
654471153,7,4,3,2
654471154,5,3,2,1
654471163,4,1,3,2
654471164,15,9,6,3
654471171,5,2,3,1
654471173,2,2,0,1
654471203,13,6,7,2
654471242,9,5,4,2
654471251,5,4,1,1
654471252,27,17,10,7
654471254,14,6,8,4
654471274,14,7,7,4
654471281,4,2,2,1
654471293,8,5,3,2
654471301,8,4,4,1
654471351,8,5,3,3
654471352,15,7,8,5
654471353,2,2,0,1
654471361,3,1,2,1
654471373,15,7,8,4
654471394,14,7,7,5
654471401,4,2,2,1
654471452,17,7,10,5
654471454,6,4,2,2
654471463,11,8,3,4
654471471,177,84,93,65
654471472,13,6,7,6
654471473,61,29,32,25
654471474,34,12,22,12
654471491,9,5,4,1
654471501,7,3,4,2
654471502,4,1,3,2
654471503,20,13,7,3
654471504,5,3,2,2
654471554,10,4,6,2
654471561,24,15,9,9
654471562,13,8,5,2
654471563,15,7,8,5
654471564,38,18,20,14
654471571,68,34,34,32
654471572,7,3,4,3
654471573,239,109,130,94
654471574,3,1,2,2
654471583,10,7,3,5
654471584,5,5,0,5
654471593,5,3,2,1
654471601,19,11,8,4
654471602,18,9,9,4
654471603,4,2,2,1
654471604,21,11,10,4
654471612,4,2,2,1
654471623,1,1,0,1
654471652,12,7,5,4
654471654,17,7,10,5
654471661,6,3,3,3
654471662,44,22,22,18
654471663,48,29,19,5
654471664,90,48,42,31
654471671,160,86,74,77
654471673,2,0,2,1
654471681,21,11,10,9
654471701,2,1,1,1
654471703,7,4,3,3
654471704,9,5,4,2
654471711,3,2,1,1
654471712,6,3,3,1
654471713,6,4,2,2
654471714,1,1,0,1
654471721,3,1,2,1
654471723,5,3,2,2
654471762,2,1,1,1
654471763,1,0,1,1
654471772,9,4,5,5
654471774,61,28,33,18
654471783,2,1,1,1
654471784,2,0,2,2
654471794,8,3,5,1
654471803,9,4,5,2
654471813,37,20,17,9
654471814,6,2,4,1
654471824,5,2,3,1
654471861,5,4,1,2
654471872,7,2,5,7
654471874,53,25,28,29
654471892,6,3,3,3
654471894,8,4,4,3
654471901,8,5,3,2
654471903,11,7,4,2
654471912,16,10,6,3
654471983,9,5,4,4
654471992,9,4,5,6
654471993,1,1,0,1
654471994,10,8,2,10
654472001,10,4,6,3
654472002,42,21,21,10
654472004,26,15,11,5
654472011,2,2,0,1
654472012,21,13,8,3
654472022,1,1,0,1
654472031,5,3,2,1
654472033,9,3,6,3
654472034,4,2,2,1
654472041,3,1,2,1
654472042,2,1,1,1
654472043,9,5,4,2
654472051,3,2,1,1
654472061,4,3,1,1
654472062,1,0,1,1
654472063,2,1,1,1
654472091,3,1,2,1
654472093,9,5,4,1
654472094,8,4,4,2
654472102,4,1,3,1
654472103,8,3,5,1
654472112,2,1,1,1
654472114,10,4,6,2
654472132,1,0,1,1
654472142,2,1,1,1
654472144,1,0,1,1
654472191,2,0,2,1
654472194,11,5,6,3
654472204,5,2,3,1
654472213,5,2,3,2
654472251,6,3,3,1
654472261,12,7,5,3
654472264,6,3,3,3
654472292,15,6,9,3
654472293,2,1,1,1
654472301,3,2,1,1
654472323,5,2,3,2
654472332,16,8,8,4
654472342,4,2,2,1
654472343,8,5,3,2
654472364,2,2,0,2
654472412,9,5,4,2
654472422,6,3,3,2
654472423,11,7,4,2
654472442,8,4,4,2
654472444,6,2,4,2
654472462,5,3,2,1
654472463,8,5,3,3
654472464,2,0,2,1
654472472,45,22,23,14
654472474,8,5,3,4
654472481,2,1,1,1
654472482,33,19,14,13
654472483,102,50,52,40
654472484,67,34,33,32
654472512,8,2,6,2
654472521,7,4,3,3
654472524,6,3,3,2
654472542,3,1,2,1
654472551,12,5,7,5
654472553,39,23,16,16
654472554,198,110,88,79
654472564,36,21,15,10
654472611,4,2,2,2
654472613,11,7,4,3
654472622,5,3,2,1
654472631,2,1,1,1
654472632,2,1,1,1
654472633,3,1,2,1
654472634,1,0,1,1
654472644,2,1,1,1
654472651,88,47,41,37
654472652,159,86,73,71
654472653,70,32,38,30
654472712,2,1,1,1
654472714,13,6,7,4
654472723,3,1,2,1
654472724,5,3,2,2
654472731,3,2,1,1
654472732,10,7,3,4
654472733,4,3,1,1
654472734,50,22,28,19
654472741,8,7,1,7
654472742,2,2,0,2
654472803,25,14,11,18
654472804,13,10,3,13
654472811,5,3,2,2
654472813,2,1,1,1
654472814,31,16,15,10
654472821,153,79,74,55
654472822,118,53,65,43
654472823,542,245,297,180
654472824,635,326,309,227
654472831,204,107,97,74
654472832,45,16,29,18
654472833,326,156,170,129
654472834,39,19,20,20
654472901,149,79,70,67
654472902,676,340,336,276
654472903,389,215,174,257
654472904,1202,699,503,764
654472911,563,271,292,196
654472912,224,105,119,79
654472913,1157,562,595,492
654472914,992,506,486,420
654472921,428,185,243,142
654472922,1243,578,665,527
654472923,860,410,450,352
654472924,1027,507,520,454
654472931,904,417,487,384
654472932,420,185,235,200
654472933,150,79,71,68
654473022,2,1,1,1
654473033,5,1,4,1
654473052,1,1,0,1
654473053,4,2,2,1
654473054,3,2,1,1
654473061,9,6,3,2
654473073,11,7,4,2
654473101,2,1,1,1
654473121,3,2,1,1
654473153,7,4,3,5
654473154,4,3,1,3
654473161,25,9,16,12
654473162,16,6,10,7
654473163,189,86,103,83
654473164,5,2,3,2
654473171,3,1,2,1
654473252,1,1,0,1
654473261,6,4,2,2
654474011,9,4,5,3
654474012,43,21,22,22
654474013,13,6,7,6
654474022,4,2,2,1
654475032,36,33,3,36
654476002,1,1,0,1
654476022,7,3,4,1
654476034,2,1,1,1
654476132,15,6,9,7
654476134,92,49,43,31
654476141,53,31,22,3
654476252,2,1,1,1
654476253,1,0,1,1
654476254,3,2,1,1
654476263,6,4,2,1
654476274,6,3,3,1
654476352,9,5,4,3
654476363,1,1,0,1
654476464,2,1,1,1
654476571,2,1,1,1
654500003,2,1,1,1
654500113,4,2,2,1
654500121,3,1,2,1
654500132,8,4,4,1
654500134,6,3,3,1
654500144,7,3,4,1
654500154,7,3,4,2
654500162,19,10,9,4
654500193,4,2,2,1
654500201,1,0,1,1
654500213,6,2,4,2
654500214,3,2,1,1
654500241,4,2,2,1
654500243,4,2,2,1
654500253,3,1,2,1
654500262,3,1,2,1
654500264,7,4,3,1
654500272,6,3,3,1
654500281,2,1,1,1
654500302,2,1,1,1
654500303,2,1,1,1
654500304,4,3,1,1
654500312,4,1,3,1
654500313,6,3,3,1
654500314,4,2,2,1
654500341,6,2,4,1
654500351,10,2,8,2
654500362,10,6,4,2
654500364,6,2,4,2
654500391,10,6,4,2
654500392,5,1,4,1
654500393,8,6,2,2
654500394,5,2,3,1
654500414,16,8,8,4
654500444,5,3,2,1
654500461,4,2,2,2
654500471,2,1,1,1
654500472,9,3,6,2
654500481,1,1,0,1
654500511,7,4,3,2
654500514,7,4,3,2
654500524,3,1,2,1
654500543,3,1,2,1
654500544,11,5,6,2
654500552,7,4,3,2
654500563,1,0,1,1
654500564,5,2,3,1
654500593,93,51,42,42
654500594,8,3,5,3
654500601,9,4,5,2
654500613,13,7,6,3
654500623,4,2,2,1
654500624,2,2,0,1
654500634,12,5,7,3
654500653,2,2,0,1
654500661,2,1,1,1
654500681,10,5,5,3
654500682,96,50,46,29
654500683,4,2,2,1
654500684,49,27,22,23
654500691,371,194,177,163
654500692,453,213,240,170
654500693,394,199,195,181
654500694,244,113,131,86
654500702,3,2,1,1
654500703,6,3,3,3
654500711,2,2,0,2
654500721,1,1,0,1
654500742,4,2,2,2
654500754,3,2,1,1
654500761,2,1,1,1
654500764,4,1,3,2
654500771,4,3,1,2
654500781,2,1,1,1
654500782,83,46,37,41
654500791,284,134,150,127
654500792,560,253,307,226
654500793,70,34,36,28
654500794,106,41,65,55
654500802,1,0,1,1
654500862,5,3,2,1
654500864,1,0,1,1
654500874,1,0,1,1
654500884,6,2,4,2
654500891,36,18,18,14
654500892,112,53,59,52
654500893,8,4,4,2
654500902,8,5,3,3
654500904,3,2,1,1
654500921,2,1,1,1
654500933,13,6,7,4
654500942,3,1,2,1
654500954,2,1,1,1
654500984,7,4,3,4
654500991,19,11,8,4
654500992,4,2,2,1
654500994,25,13,12,5
654501002,4,2,2,1
654501004,11,6,5,4
654501011,4,1,3,1
654501013,7,5,2,4
654501014,5,2,3,1
654501212,1,0,1,1
654501214,2,1,1,1
654501222,12,6,6,4
654501223,14,9,5,3
654501304,2,1,1,1
654501313,1,0,1,1
654501314,2,1,1,1
654501321,12,7,5,4
654501342,6,3,3,2
654501344,1,0,1,1
654501351,2,2,0,1
654501354,2,1,1,1
654501361,11,5,6,3
654501404,1,1,0,1
654501411,1,0,1,1
654501413,4,4,0,4
654501424,3,2,1,1
654501474,1,1,0,1
654501502,27,16,11,14
654501503,20,10,10,8
654501504,36,20,16,18
654501522,18,9,9,4
654501532,3,2,1,2
654501554,1,0,1,1
654501573,3,2,1,2
654501601,196,99,97,97
654501602,327,156,171,121
654501603,291,125,166,123
654501604,325,147,178,141
654501611,4,2,2,1
654501612,1,1,0,1
654501613,188,81,107,73
654501701,594,283,311,258
654501702,124,60,64,54
654501703,176,84,92,80
654501704,150,72,78,57
654501711,8,4,4,2
654501713,43,23,20,16
654501734,4,1,3,2
654501743,7,3,4,2
654501751,3,2,1,1
654501752,8,5,3,2
654501763,7,2,5,1
654501791,3,1,2,1
654501793,2,1,1,1
654501801,48,29,19,1
654501804,8,5,3,1
654501811,3,1,2,2
654501812,2,1,1,1
654501814,11,5,6,2
654501823,1,0,1,1
654501842,6,4,2,1
654501853,2,1,1,1
654501873,7,4,3,3
654501882,3,2,1,1
654501884,1,1,0,1
654501931,3,2,1,1
654501932,2,1,1,1
654502223,2,1,1,1
654502323,1,1,0,1
654502341,10,6,4,3
654502522,34,12,22,10
654502524,23,13,10,10
654502622,83,45,38,26
654502624,72,32,40,23
654502631,31,14,17,12
654502701,11,4,7,3
654502721,5,3,2,1
654502821,18,9,9,5
654502914,9,4,5,2
654504061,258,105,153,130
654504062,770,346,424,322
654504063,6,2,4,1
654504064,189,77,112,92
654504071,803,388,415,398
654504072,705,309,396,344
654504073,856,409,447,372
654504074,236,119,117,91
654504093,1,1,0,1
654504162,112,47,65,45
654504164,84,38,46,29
654504171,665,304,361,284
654504172,294,134,160,116
654504173,234,99,135,108
654504174,636,282,354,272
654504271,22,8,14,4
654504272,17,1,16,15
654504281,5,2,3,3
654504293,3,1,2,1
654504392,10,8,2,6
654505051,6,2,4,1
654505052,3,2,1,1
654505054,3,2,1,1
654505061,15,10,5,3
654505062,16,7,9,5
654505064,22,12,10,4
654505071,8,3,5,2
654505072,43,17,26,8
654505074,7,4,3,2
654505081,28,11,17,7
654505082,13,6,7,3
654505083,1,0,1,1
654505084,42,20,22,10
654505092,3,2,1,1
654505093,86,44,42,22
654505094,81,43,38,23
654505102,32,17,15,8
654505113,6,3,3,1
654505123,5,3,2,2
654505124,5,2,3,1
654505133,3,2,1,1
654505151,3,1,2,1
654505173,6,4,2,1
654505191,2,1,1,1
654505212,2,1,1,1
654505222,4,2,2,1
654505224,6,3,3,2
654505233,5,4,1,1
654505303,3,2,1,1
654505311,1,1,0,1
654505322,2,1,1,1
654505411,4,1,3,1
654505413,3,1,2,1
654505414,2,1,1,1
654505474,1,0,1,1
654505483,4,3,1,1
654505491,5,2,3,1
654505554,29,15,14,6
654505574,13,9,4,3
654505632,3,1,2,1
654505651,1,1,0,1
654505672,3,2,1,2
654505684,7,4,3,2
654505693,3,1,2,1
654505694,2,1,1,1
654506003,113,58,55,40
654506101,81,38,43,36
654506102,104,55,49,32
654506103,4,2,2,2
654506104,4,1,3,1
654506111,12,8,4,3
654506113,91,42,49,30
654506114,91,43,48,25
654506211,7,4,3,2
654506212,15,7,8,3
654506221,13,6,7,3
654506223,10,5,5,2
654506224,51,28,23,13
654506321,5,2,3,1
654506322,52,28,24,11
654506331,25,11,14,6
654506333,97,50,47,22
654506334,75,38,37,19
654506343,72,38,34,20
654506422,2,1,1,1
654506441,72,37,35,23
654506442,26,13,13,7
654506443,52,26,26,13
654506524,8,3,5,2
654506541,13,9,4,3
654506544,27,12,15,5
654506553,7,2,5,1
654506603,8,3,5,1
654506604,13,6,7,4
654506611,8,6,2,2
654506612,6,3,3,2
654506613,9,4,5,2
654506614,3,2,1,1
654506621,1,0,1,1
654506622,87,46,41,18
654506623,10,5,5,2
654506631,40,20,20,9
654506632,40,21,19,9
654506641,8,3,5,3
654506642,54,25,29,13
654506651,14,8,6,5
654506701,22,13,9,4
654506702,10,5,5,2
654510003,2,1,1,1
654510011,12,7,5,2
654510012,12,6,6,2
654510021,13,4,9,2
654510042,15,8,7,4
654510051,1,1,0,1
654510053,1,1,0,1
654510054,2,1,1,1
654510062,1,1,0,1
654510063,3,0,3,1
654510071,7,3,4,1
654510073,12,6,6,2
654510162,1,0,1,1
654510171,6,3,3,2
654510172,2,1,1,1
654510173,7,2,5,2
654510174,3,1,2,1
654510203,5,2,3,2
654510211,11,4,7,5
654510214,7,2,5,1
654510223,6,3,3,1
654510224,2,1,1,1
654510242,3,1,2,1
654510243,14,9,5,4
654510252,7,2,5,2
654510301,16,9,7,3
654510303,9,4,5,2
654510312,3,1,2,1
654510313,2,1,1,1
654510322,6,3,3,1
654510341,4,2,2,1
654510343,1,0,1,1
654510344,8,4,4,2
654510362,3,2,1,1
654510383,1,1,0,1
654510391,10,7,3,2
654510402,5,3,2,2
654510403,7,4,3,2
654510404,3,2,1,1
654510413,6,2,4,1
654510423,2,1,1,1
654510433,3,2,1,1
654510451,4,2,2,1
654510452,3,1,2,1
654510454,1,1,0,1
654510461,3,2,1,1
654510473,14,5,9,4
654510492,10,7,3,2
654510493,12,5,7,2
654510501,1,1,0,1
654510512,3,2,1,1
654510523,6,4,2,1
654510531,5,3,2,1
654510532,12,5,7,3
654510541,2,1,1,1
654510543,8,3,5,2
654510544,3,2,1,3
654510552,17,8,9,4
654510561,5,2,3,4
654510604,2,1,1,1
654510621,1,0,1,1
654510622,1,0,1,1
654510623,8,5,3,3
654510631,1,0,1,1
654510642,126,61,65,57
654510644,88,46,42,34
654510651,8,4,4,5
654510653,5,3,2,2
654510663,1,1,0,1
654510681,10,3,7,2
654510693,9,5,4,2
654510694,3,2,1,2
654510723,6,4,2,1
654510732,1,1,0,1
654510734,12,6,6,3
654510741,35,17,18,11
654510742,229,108,121,96
654510743,20,10,10,7
654510744,59,29,30,30
654510753,2,1,1,1
654510762,4,3,1,1
654510774,12,8,4,3
654510783,18,9,9,5
654510802,8,3,5,2
654510832,4,3,1,2
654510834,2,1,1,1
654510841,1,0,1,1
654510842,3,1,2,1
654510852,1,0,1,1
654510891,6,3,3,2
654510893,3,2,1,1
654510894,1,0,1,1
654510903,8,4,4,3
654510931,12,9,3,7
654510942,2,1,1,1
654510954,7,4,3,2
654510962,15,7,8,2
654510964,2,1,1,1
654510971,4,1,3,1
654510972,7,4,3,1
654511002,4,3,1,2
654511003,4,2,2,1
654511012,2,1,1,1
654511013,5,4,1,2
654511022,1,1,0,1
654511024,2,1,1,1
654511034,1,1,0,1
654511042,2,2,0,2
654511063,1,1,0,1
654511083,1,1,0,1
654511101,11,6,5,2
654511103,6,3,3,2
654511122,2,1,1,1
654511133,1,0,1,1
654511142,7,4,3,4
654511144,1,1,0,1
654511201,5,4,1,2
654511202,4,4,0,4
654511221,4,1,3,2
654511241,1,1,0,1
654511243,4,2,2,1
654511272,7,4,3,2
654511274,8,4,4,2
654511313,1,1,0,1
654511314,1,1,0,1
654511342,4,2,2,1
654511344,3,2,1,1
654511354,2,1,1,1
654511412,1,1,0,1
654511422,1,1,0,1
654511444,9,5,4,4
654511461,2,1,1,1
654511462,16,8,8,4
654511471,20,10,10,6
654511502,4,2,2,1
654511504,2,1,1,1
654511514,2,1,1,1
654511524,5,2,3,1
654511533,16,6,10,5
654511571,2,1,1,2
654511612,4,3,1,1
654511634,2,1,1,1
654511642,3,1,2,1
654511651,4,1,3,1
654511701,1,0,1,1
654511711,1,0,1,1
654511714,1,1,0,1
654511721,1,1,0,1
654511732,1,1,0,1
654511773,2,1,1,2
654511803,1,0,1,1
654511804,1,0,1,1
654511812,6,4,2,2
654511821,3,2,1,1
654511822,3,1,2,1
654511832,7,5,2,1
654511841,5,2,3,3
654511842,3,2,1,1
654511852,2,1,1,1
654511861,2,2,0,2
654511864,2,0,2,2
654511873,1,1,0,1
654511892,32,18,14,6
654511922,6,3,3,2
654511932,3,1,2,1
654511943,6,4,2,1
654511964,1,1,0,1
654512302,12,4,8,2
654512304,10,6,4,2
654512402,19,9,10,4
654512404,15,7,8,4
654512502,5,2,3,2
654512504,14,8,6,4
654512601,15,6,9,3
654512602,25,10,15,7
654512603,7,3,4,3
654512701,37,19,18,8
654512703,15,8,7,6
654520022,1,1,0,1
654520024,4,1,3,2
654520033,3,2,1,2
654520064,3,1,2,1
654520081,7,2,5,1
654520084,2,1,1,1
654520103,3,2,1,1
654520112,12,5,7,3
654520133,2,1,1,1
654520142,4,2,2,1
654520154,5,2,3,1
654520161,6,3,3,2
654520164,5,3,2,1
654520171,2,1,1,1
654520183,5,3,2,1
654520193,4,1,3,1
654520201,12,7,5,3
654520202,8,4,4,4
654520204,6,3,3,1
654520211,11,6,5,2
654520213,2,1,1,1
654520224,2,1,1,1
654520262,7,3,4,1
654520272,7,4,3,2
654520283,8,4,4,1
654520284,9,4,5,2
654520301,2,0,2,1
654520321,1,1,0,1
654520333,6,3,3,3
654520353,7,4,3,1
654520363,2,1,1,1
654520374,3,1,2,1
654520404,4,3,1,1
654520413,6,2,4,1
654520421,1,1,0,1
654520433,2,1,1,1
654520444,2,1,1,1
654520453,2,1,1,1
654520461,1,0,1,1
654520492,3,0,3,1
654520494,8,3,5,1
654520502,6,2,4,1
654520503,13,8,5,4
654520572,10,5,5,2
654520581,7,5,2,1
654520601,72,38,34,27
654520603,6,2,4,2
654520611,5,3,2,2
654520621,8,3,5,2
654520634,10,4,6,3
654520664,7,3,4,1
654520701,75,28,47,30
654520702,3,2,1,2
654520703,241,123,118,108
654520704,81,40,41,31
654520713,3,1,2,1
654520723,15,8,7,3
654520724,11,6,5,3
654520741,10,3,7,3
654520744,2,1,1,1
654520753,15,7,8,4
654520761,13,7,6,3
654520771,3,2,1,1
654520801,404,204,200,169
654520802,144,70,74,65
654520803,137,71,66,60
654520804,12,5,7,6
654520811,4,2,2,3
654520813,17,8,9,6
654520821,12,6,6,3
654520823,1,1,0,1
654520832,2,1,1,1
654520833,1,0,1,1
654520843,4,2,2,2
654520863,4,1,3,1
654520864,2,1,1,1
654520881,6,3,3,1
654520882,2,1,1,1
654520883,8,4,4,1
654520891,7,4,3,2
654520902,4,2,2,2
654520911,1,1,0,1
654520912,4,2,2,2
654520914,18,10,8,4
654520921,2,1,1,1
654520922,2,1,1,1
654520923,29,13,16,8
654520932,4,2,2,1
654520934,7,4,3,2
654520942,10,5,5,2
654520953,9,4,5,2
654520962,5,3,2,3
654520971,3,1,2,3
654520974,2,1,1,1
654520983,1,0,1,1
654520992,11,8,3,3
654521003,3,1,2,1
654521021,1,0,1,1
654521023,2,1,1,1
654521033,16,10,6,3
654521042,2,1,1,1
654521051,2,1,1,1
654521071,1,0,1,1
654521102,3,2,1,1
654521103,3,1,2,1
654521132,9,6,3,2
654521141,4,2,2,1
654521142,7,5,2,3
654521192,21,10,11,4
654521194,14,6,8,2
654521201,3,1,2,1
654521203,8,4,4,2
654521212,5,2,3,1
654521311,2,1,1,1
654521314,4,2,2,1
654521322,1,1,0,1
654521391,9,5,4,2
654521431,3,3,0,2
654521441,1,1,0,1
654521443,1,0,1,1
654521444,5,1,4,2
654521453,2,1,1,1
654521482,8,3,5,3
654521484,18,9,9,4
654521503,8,5,3,2
654521522,2,1,1,1
654521582,17,9,8,4
654521583,50,28,22,13
654521584,18,11,7,3
654521613,16,7,9,5
654521614,4,3,1,1
654521661,14,6,8,3
654521664,3,2,1,1
654521674,86,44,42,39
654521681,13,7,6,4
654521721,1,1,0,1
654521724,2,1,1,1
654521771,8,4,4,3
654521772,77,37,40,23
654521773,28,16,12,8
654521774,233,117,116,64
654521803,5,2,3,1
654521813,2,1,1,1
654521822,3,2,1,1
654521834,3,1,2,1
654521843,5,4,1,1
654521871,221,107,114,72
654521872,175,79,96,68
654521873,269,120,149,88
654521874,33,17,16,8
654521941,3,1,2,1
654521962,2,1,1,1
654521964,22,13,9,6
654521971,104,53,51,25
654521973,49,22,27,14
654530011,16,8,8,6
654530013,13,8,5,4
654530022,4,1,3,1
654530031,8,2,6,2
654530032,1,1,0,1
654530033,1,1,0,1
654530034,11,6,5,5
654530053,3,0,3,1
654530061,7,5,2,1
654530074,4,3,1,1
654530081,2,1,1,1
654530082,7,3,4,2
654530091,6,4,2,2
654530092,6,3,3,2
654530093,6,3,3,2
654530102,3,1,2,1
654530104,6,2,4,2
654530134,1,1,0,1
654530141,1,0,1,1
654530142,2,1,1,1
654530143,4,1,3,1
654530144,4,2,2,1
654530154,6,3,3,1
654530163,3,2,1,1
654530164,7,4,3,1
654530173,7,3,4,1
654530183,7,4,3,1
654530203,3,1,2,1
654530204,3,2,1,1
654530214,7,4,3,2
654530232,5,2,3,1
654530241,4,1,3,2
654530242,4,3,1,1
654530261,4,1,3,1
654530264,33,15,18,6
654530282,14,9,5,4
654530291,3,2,1,1
654530293,1,1,0,1
654530294,7,3,4,2
654530361,6,4,2,2
654530362,8,4,4,2
654530374,10,5,5,2
654530411,9,6,3,3
654530474,7,4,3,2
654530483,4,2,2,1
654530504,15,9,6,5
654530513,3,1,2,1
654530601,2,1,1,1
654530612,3,2,1,2
654530613,2,2,0,1
654530621,4,2,2,1
654530654,3,2,1,1
654530691,17,8,9,6
654530694,6,2,4,2
654530703,5,4,1,2
654530704,7,4,3,1
654530711,5,2,3,1
654530724,12,6,6,4
654530731,4,2,2,1
654530743,4,2,2,2
654530801,2,1,1,1
654530802,9,4,5,3
654530811,2,1,1,1
654530812,31,18,13,12
654530813,29,15,14,9
654530814,417,203,214,179
654530823,124,63,61,55
654530824,2,1,1,1
654530831,1,0,1,1
654530832,4,2,2,2
654530891,18,5,13,2
654530892,20,20,0,1
654530893,3,1,2,2
654530894,102,56,46,45
654530902,4,1,3,2
654530903,1,1,0,1
654530904,2,1,1,1
654530911,24,10,14,8
654530912,168,81,87,75
654530913,2,1,1,1
654530914,40,20,20,12
654530921,112,60,52,52
654530923,33,15,18,11
654530992,250,102,148,96
654530994,245,109,136,78
654531001,2,1,1,1
654531002,4,1,3,1
654531003,6,3,3,2
654531062,18,10,8,5
654531101,7,4,3,1
654531104,8,5,3,4
654531152,7,4,3,1
654531154,2,1,1,2
654531301,4,1,3,1
654531303,2,2,0,2
654531304,3,3,0,3
654531343,12,6,6,5
654531401,16,7,9,6
654531413,5,2,3,3
654531512,1,1,0,1
654531523,2,1,1,1
654531544,15,7,8,4
654531552,5,2,3,4
654531553,11,5,6,5
654531623,20,12,8,6
654531624,2,1,1,1
654531633,18,11,7,7
654531641,3,2,1,3
654531701,3,1,2,1
654531704,5,2,3,2
654531712,26,12,14,11
654531713,11,5,6,4
654531714,1,0,1,1
654531721,61,30,31,21
654531801,202,102,100,83
654531802,243,103,140,120
654531803,266,132,134,115
654531804,442,226,216,196
654531901,659,323,336,283
654531902,165,81,84,71
654531903,325,154,171,139
654531904,5,3,2,2
654540003,7,4,3,3
654540011,2,1,1,1
654540012,2,1,1,1
654540021,3,1,2,1
654540022,3,1,2,1
654540023,6,3,3,1
654540024,5,3,2,1
654540032,8,3,5,4
654540033,1,0,1,1
654540054,8,3,5,3
654540092,6,3,3,3
654540093,4,3,1,1
654540094,13,5,8,6
654540101,1,0,1,1
654540113,3,1,2,1
654540132,4,2,2,1
654540144,4,2,2,1
654540153,1,0,1,1
654540163,3,1,2,1
654540192,19,9,10,7
654540194,15,8,7,5
654540212,11,6,5,4
654540213,1,0,1,1
654540214,11,5,6,2
654540254,1,1,0,1
654540291,6,3,3,2
654540292,4,1,3,2
654540293,96,40,56,36
654540312,1,1,0,1
654540321,3,1,2,1
654540324,3,1,2,1
654540332,5,3,2,2
654540333,2,1,1,1
654540341,4,3,1,2
654540342,5,2,3,2
654540343,8,4,4,2
654540373,6,4,2,1
654540374,7,3,4,1
654540382,8,3,5,2
654540383,5,2,3,1
654540391,41,22,19,15
654540401,3,1,2,1
654540412,12,6,6,5
654540413,2,1,1,1
654540421,4,2,2,1
654540424,15,5,10,2
654540441,6,2,4,2
654540442,6,3,3,2
654540461,3,2,1,1
654540482,11,5,6,2
654540501,6,3,3,1
654540504,4,1,3,1
654540511,3,1,2,1
654540634,1,1,0,1
654540644,6,3,3,1
654540671,7,3,4,1
654540673,85,35,50,32
654540674,20,8,12,6
654540722,9,5,4,3
654540724,4,2,2,1
654540731,2,1,1,1
654540802,5,2,3,2
654540811,2,0,2,2
654540831,4,3,1,2
654540903,8,4,4,3
654540913,7,3,4,2
654540914,2,1,1,1
654540923,39,21,18,22
654541001,112,61,51,43
654541101,4,2,2,1
654550023,7,4,3,2
654550053,2,1,1,1
654550101,4,3,1,1
654550121,14,6,8,2
654550123,3,2,1,1
654550151,4,2,2,2
654550202,10,5,5,3
654550222,3,2,1,1
654550231,4,2,2,1
654550232,4,1,3,1
654550303,5,1,4,1
654550312,5,3,2,1
654550321,10,6,4,2
654550322,1,0,1,1
654550402,17,7,10,4
654550411,2,0,2,1
654550412,5,2,3,1
654550421,8,3,5,2
654550542,101,51,50,35
654550632,2,1,1,1
654550852,1,1,0,1
654550864,20,11,9,10
654560274,2,1,1,1
654560363,6,3,3,2
654560364,2,0,2,1
654560373,3,2,1,1
654560374,22,8,14,7
654560441,4,3,1,1
654560442,2,1,1,1
654560451,2,1,1,1
654560453,17,10,7,4
654560461,2,1,1,1
654560464,1,0,1,1
654560471,12,8,4,6
654560472,2,1,1,1
654560473,19,8,11,7
654560563,5,2,3,2
654560564,2,1,1,1
654560572,13,7,6,5
654560573,19,11,8,8
654560574,45,21,24,21
654560654,2,1,1,1
654560982,5,2,3,2
654560984,3,1,2,2
654570291,65,31,34,24
654570292,74,43,31,39
654570294,36,14,22,11
654570392,11,6,5,2
654571203,8,6,2,4
654571301,113,58,55,39
654571303,84,46,38,26
654571401,66,31,35,17
654571402,3,2,1,2
654571404,67,36,31,17
654571502,79,41,38,29
654571504,3,1,2,2
654571511,8,2,6,2
654571513,190,94,96,60
654571611,184,98,86,63
654571612,29,16,13,8
654571614,102,54,48,32
654571623,68,32,36,23
654571714,35,21,14,16
654571721,140,69,71,40
654571723,256,124,132,103
654571812,7,3,4,7
654571821,137,73,64,51
654571822,85,44,41,27
654571824,113,55,58,35
654571833,126,66,60,43
654571932,18,10,8,10
654571943,15,7,8,4
664105022,4,2,2,3
664105051,10,6,4,4
664105052,4,2,2,2
664105053,10,5,5,3
664105062,8,4,4,2
664105064,2,2,0,1
664105072,15,8,7,4
664105073,3,2,1,1
664105074,3,2,1,2
664105081,8,4,4,3
664105083,6,3,3,2
664105084,7,3,4,3
664105092,16,8,8,6
664105093,11,5,6,2
664105094,1,1,0,1
664105122,21,13,8,11
664105124,124,52,72,35
664105131,12,6,6,4
664105133,503,238,265,222
664105134,179,95,84,81
664105143,16,8,8,6
664105144,12,8,4,6
664105152,13,5,8,3
664105191,9,3,6,2
664105222,68,28,40,24
664105224,2,1,1,1
664105231,411,179,232,173
664105232,97,41,56,29
664105233,53,26,27,27
664105241,3,2,1,3
664105333,8,3,5,3
664105753,2,1,1,1
664105754,7,4,3,2
664105763,3,2,1,1
664105764,16,7,9,3
664105833,7,4,3,2
664105834,2,1,1,1
664105851,2,1,1,2
664105852,2,1,1,1
664105853,5,2,3,1
664105861,3,1,2,1
664105862,4,2,2,1
664105863,2,1,1,1
664105864,2,1,1,1
664105872,5,3,2,2
664105874,3,1,2,1
664105931,2,2,0,1
664105962,5,3,2,1
664106001,3,2,1,2
664106002,8,5,3,2
664106003,5,2,3,3
664106121,7,4,3,2
664106224,5,2,3,2
664106234,4,2,2,1
664106243,10,2,8,2
664106321,9,5,4,2
664106322,37,18,19,11
664106324,22,10,12,11
664106331,13,8,5,11
664106332,1,1,0,1
664106341,6,3,3,1
664106342,10,5,5,3
664106344,13,6,7,4
664106353,22,11,11,5
664106404,1,0,1,1
664106412,4,3,1,2
664106414,6,3,3,1
664106422,5,3,2,2
664106442,5,3,2,2
664106561,2,1,1,1
664106562,6,2,4,3
664106564,6,3,3,3
664106571,10,4,6,3
664106572,2,1,1,1
664106573,2,1,1,1
664106574,32,14,18,18
664106583,32,14,18,15
664106584,9,4,5,6
664106681,2,1,1,1
664106682,12,4,8,9
664106691,3,2,1,2
664106693,13,5,8,5
664107604,5,3,2,2
664107711,6,3,3,2
664115324,1,0,1,1
664115424,3,1,2,2
664115523,3,1,2,2
664115623,18,11,7,5
664115721,18,9,9,9
664115722,2,0,2,1
664115723,40,22,18,18
664115724,29,15,14,19
664115733,145,91,54,4
664115821,108,63,45,58
664115822,197,94,103,101
664115823,53,25,28,23
664115824,291,127,164,139
664115833,112,56,56,46
664115842,8,4,4,3
664115922,25,14,11,10
664115924,8,4,4,3
664116924,9,3,6,3
664125122,2,1,1,1
664125124,17,11,6,9
664125222,18,9,9,6
664125224,3,2,1,2
664125322,2,2,0,1
664125324,6,1,5,3
664125422,15,7,8,8
664125424,20,8,12,10
664125522,10,3,7,4
664125591,6,4,2,2
664125592,3,2,1,2
664125593,11,5,6,2
664125594,8,4,4,2
664125621,9,3,6,4
664125623,7,4,3,3
664125684,16,9,7,4
664125692,13,6,7,3
664125694,3,1,2,2
664125722,75,39,36,34
664125723,1,0,1,1
664125724,25,10,15,13
664125731,33,15,18,17
664125774,2,1,1,1
664125782,19,9,10,6
664125783,8,5,3,1
664125784,2,1,1,1
664125791,9,4,5,3
664125822,6,2,4,4
664125872,7,4,3,2
664125874,12,4,8,3
664125881,4,1,3,2
664125883,7,2,5,2
664125971,17,7,10,4
664125972,18,9,9,5
664125973,12,6,6,3
664125974,15,6,9,6
664126024,2,1,1,1
664126031,8,4,4,3
664126033,8,4,4,2
664126123,4,1,3,1
664126214,7,2,5,3
664126221,6,3,3,2
664126403,6,2,4,1
664126404,8,5,3,2
664126643,8,4,4,1
664126724,6,4,2,1
664126732,7,4,3,3
664126733,7,4,3,2
664126741,2,1,1,1
664126742,6,3,3,1
664126822,6,3,3,2
664126912,9,4,5,2
664126914,2,1,1,1
664135022,8,4,4,4
664135023,3,0,3,2
664135024,13,6,7,6
664135064,2,1,1,1
664135071,8,3,5,3
664135073,41,20,21,18
664135091,2,1,1,1
664135092,1,1,0,1
664135094,24,12,12,5
664135121,2,1,1,1
664135122,10,6,4,5
664135123,15,7,8,7
664135124,1,0,1,1
664135162,184,87,97,76
664135164,248,113,135,105
664135171,313,157,156,144
664135172,7,3,4,5
664135173,307,152,155,138
664135174,126,58,68,53
664135183,2,1,1,1
664135184,2,1,1,1
664135191,10,4,6,2
664135193,8,3,5,1
664135221,1,0,1,1
664135223,2,1,1,1
664135232,9,3,6,2
664135234,14,8,6,3
664135241,10,4,6,3
664135243,10,6,4,2
664135244,6,4,2,2
664135252,3,1,2,1
664135253,1,0,1,1
664135254,17,7,10,4
664135262,4,3,1,3
664135271,64,43,21,30
664135273,13,8,5,6
664135291,12,6,6,3
664135292,10,5,5,3
664135321,3,1,2,1
664135324,2,1,1,1
664135331,7,2,5,2
664135332,10,6,4,2
664135341,4,2,2,2
664135342,11,4,7,4
664135344,1,0,1,1
664135351,15,8,7,5
664135352,5,3,2,2
664135353,11,4,7,3
664135354,17,7,10,7
664135361,7,4,3,3
664135363,8,3,5,3
664135371,16,9,7,10
664135414,8,4,4,4
664135424,5,1,4,1
664135431,4,1,3,1
664135433,4,2,2,2
664135441,2,2,0,2
664135442,5,3,2,2
664135451,5,2,3,2
664135461,4,3,1,1
664135483,2,1,1,1
664135514,2,1,1,1
664135522,2,1,1,1
664135531,9,6,3,3
664135533,13,8,5,4
664135541,7,5,2,2
664135543,6,3,3,2
664135551,2,1,1,1
664135553,5,3,2,2
664135554,1,1,0,1
664135582,5,2,3,2
664135612,4,1,3,1
664135614,20,7,13,12
664135621,46,20,26,12
664135623,353,158,195,161
664135624,221,89,132,68
664135654,3,2,1,1
664135712,66,31,35,31
664135714,55,21,34,27
664135721,276,125,151,129
664135722,220,97,123,107
664135723,51,24,27,23
664135724,19,9,10,12
664135733,18,10,8,8
664135741,3,2,1,1
664135744,6,3,3,1
664135753,17,7,10,3
664135831,1,0,1,1
664135832,3,2,1,2
664135834,2,1,1,1
664135943,5,2,3,2
664135951,13,5,8,3
664135952,5,2,3,2
664135961,7,3,4,2
664135983,3,1,2,1
664135992,9,4,5,3
664135993,2,1,1,1
664135994,4,3,1,2
664136002,2,0,2,1
664136003,7,3,4,1
664136004,2,1,1,1
664136011,12,6,6,3
664136013,2,1,1,1
664136134,2,1,1,1
664136201,2,1,1,1
664136202,2,1,1,1
664136211,5,3,2,1
664136214,11,6,5,3
664136654,4,1,3,2
664136704,5,2,3,1
664136721,2,1,1,1
664136741,7,4,3,3
664136752,3,1,2,1
664136754,2,1,1,1
664136763,3,1,2,1
664136803,4,2,2,1
664136804,10,5,5,2
664136811,4,2,2,2
664136901,9,6,3,3
664137704,3,1,2,2
664145081,4,2,2,1
664145082,6,3,3,2
664145083,9,5,4,2
664145084,7,3,4,2
664145091,2,1,1,1
664145151,5,3,2,1
664145153,85,38,47,48
664145154,8,4,4,4
664145173,1,0,1,1
664145174,18,8,10,5
664145181,12,7,5,4
664145182,11,6,5,3
664145183,5,2,3,2
664145184,8,4,4,3
664145193,5,2,3,1
664145251,63,26,37,24
664145252,185,80,105,69
664145253,245,118,127,110
664145254,607,280,327,240
664145263,53,28,25,24
664145264,5,2,3,3
664145272,14,6,8,4
664145273,23,11,12,9
664145274,10,5,5,4
664145281,13,6,7,5
664145284,9,6,3,3
664145294,3,1,2,2
664145351,437,209,228,207
664145352,462,223,239,226
664145353,94,47,47,39
664145354,654,306,348,284
664145361,599,291,308,261
664145362,292,142,150,123
664145363,672,311,361,325
664145364,339,165,174,136
664145371,98,47,51,41
664145373,145,61,84,69
664145374,4,2,2,2
664145381,4,2,2,2
664145382,8,3,5,3
664145383,8,4,4,4
664145391,2,1,1,1
664145451,2,1,1,1
664145452,132,64,68,51
664145461,457,219,238,208
664145462,580,269,311,254
664145463,125,58,67,50
664145464,274,131,143,124
664145471,37,17,20,19
664145472,3,2,1,1
664145473,165,67,98,87
664145561,6,1,5,2
664145562,5,3,2,4
664145584,8,4,4,2
664145673,2,1,1,1
664145682,5,3,2,1
664145683,5,4,1,2
664145691,6,2,4,1
664145771,2,1,1,1
664145793,5,3,2,2
664145794,10,5,5,2
664145872,5,2,3,1
664145892,6,2,4,3
664145893,8,5,3,2
664145982,13,6,7,6
664145984,5,2,3,3
664145991,3,1,2,1
664145992,6,3,3,3
664145993,16,8,8,6
664146281,3,2,1,1
664146373,2,1,1,1
664146374,6,3,3,2
664146454,4,2,2,2
664146482,2,1,1,1
664146493,3,1,2,1
664146503,5,2,3,2
664146524,9,5,4,3
664146533,7,3,4,2
664146551,4,3,1,1
664146594,2,1,1,1
664146603,2,2,0,1
664146612,5,3,2,1
664146613,5,3,2,1
664146614,7,2,5,2
664146621,15,8,7,5
664146622,2,1,1,1
664146624,8,4,4,2
664146701,2,1,1,1
664146703,5,4,1,1
664146704,12,6,6,3
664146711,6,3,3,2
664146802,4,1,3,1
664146803,6,3,3,1
664146844,4,3,1,2
664146851,4,2,2,1
664152052,16,7,9,9
664152054,5,3,2,2
664152063,55,26,29,29
664152161,105,57,48,46
664152162,5,2,3,3
664152163,4,3,1,1
664152164,102,56,46,46
664152261,21,9,12,8
664152262,28,14,14,12
664152263,21,7,14,14
664152361,4,2,2,2
664153143,12,5,7,9
664153202,5,2,3,3
664153213,9,5,4,6
664153214,17,8,9,10
664153223,12,7,5,7
664153224,5,2,3,2
664153234,5,2,3,3
664153241,19,7,12,13
664153243,108,52,56,56
664153322,14,5,9,9
664153331,32,20,12,18
664153332,8,5,3,5
664153341,27,16,11,16
664155091,3,1,2,1
664155094,2,1,1,1
664156122,5,2,3,2
664156123,3,1,2,1
664156124,7,3,4,3
664156133,1,0,1,1
664156201,2,1,1,1
664156202,4,2,2,2
664156214,25,12,13,8
664156221,13,6,7,6
664156223,11,6,5,3
664156304,61,26,35,30
664156311,19,10,9,7
664156312,11,5,6,5
664156324,12,7,5,4
664156331,2,1,1,1
664156402,12,6,6,4
664156404,3,1,2,1
664156411,1,0,1,1
664156412,6,3,3,2
664156413,2,1,1,1
664156414,2,1,1,1
664156422,1,1,0,1
664156431,2,1,1,1
664156511,2,1,1,1
664156532,3,1,2,1
664156614,3,2,1,1
664156713,9,5,4,3
664156714,6,3,3,1
664156724,1,0,1,1
664156914,2,1,1,1
664166134,2,1,1,1
664166221,2,1,1,1
664166224,1,0,1,1
664166313,182,77,105,91
664166314,197,106,91,81
664166321,5,3,2,2
664166411,245,109,136,122
664166412,25,10,15,7
664166421,8,4,4,3
664166422,3,2,1,2
664166534,16,11,5,4
664166623,6,6,0,1
664166624,9,4,5,3
664166641,1,1,0,1
664166643,1,0,1,1
664166644,2,1,1,1
664166653,14,7,7,4
664166654,4,2,2,1
664166722,6,4,2,4
664166724,100,54,46,10
664166732,6,4,2,1
664166733,14,9,5,6
664166741,4,2,2,2
664166742,5,2,3,2
664166822,63,29,34,36
664166824,112,49,63,52
664166831,15,8,7,7
664166832,10,6,4,2
664166833,25,14,11,9
664166834,2,1,1,1
664166843,2,1,1,1
664166844,1,0,1,1
664166851,4,2,2,1
664166922,15,7,8,6
664166931,4,2,2,2
664167764,2,1,1,1
664176363,4,2,2,2
664176452,4,3,1,2
664176454,9,4,5,5
664176542,2,1,1,1
664176543,2,1,1,1
664176552,1,1,0,1
664176553,6,3,3,3
664176632,1,0,1,1
664176634,5,3,2,2
664176651,6,3,3,4
664176652,1,1,0,1
664176731,11,5,6,2
664176732,3,2,1,1
664176763,6,2,4,2
664176841,2,1,1,1
664176951,2,1,1,1
664177453,6,3,3,2
664177544,1,0,1,1
664177644,11,5,6,5
664177742,3,2,1,2
664177841,4,2,2,1
664177843,8,4,4,2
664177844,6,3,3,2
664177933,5,2,3,2
664177943,3,1,2,1
664201012,13,7,6,6
664201014,137,77,60,39
664201021,12,5,7,5
664201022,2,1,1,1
664201023,206,89,117,107
664201024,29,14,15,20
664201031,2,1,1,1
664201032,3,1,2,1
664201033,2,1,1,1
664201112,140,58,82,75
664201114,14,12,2,12
664201121,359,168,191,147
664201122,2,1,1,1
664201123,172,86,86,88
664201124,11,7,4,7
664201132,2,1,1,1
664201214,5,2,3,2
664201221,14,7,7,6
664201222,9,4,5,3
664201223,5,2,3,2
664201224,8,4,4,4
664201233,2,2,0,1
664201311,5,3,2,2
664201312,3,1,2,2
664201313,2,1,1,1
664201314,2,1,1,1
664201321,7,4,3,3
664201322,8,4,4,2
664201323,1,1,0,1
664201411,2,1,1,1
664201412,12,7,5,4
664201413,6,3,3,3
664201414,9,5,4,3
664201421,3,1,2,2
664201422,5,3,2,2
664201423,9,5,4,4
664201512,11,4,7,5
664201514,8,4,4,3
664201521,4,3,1,2
664201811,3,2,1,1
664202031,4,2,2,1
664202032,14,7,7,4
664202034,2,1,1,1
664202041,2,1,1,1
664202094,1,1,0,1
664202122,2,1,1,1
664202131,4,1,3,1
664202132,1,1,0,1
664202134,6,3,3,3
664202191,1,0,1,1
664202193,2,1,1,1
664202194,7,3,4,3
664202231,4,2,2,2
664202232,8,5,3,3
664202243,3,2,1,2
664202282,3,2,1,1
664202284,6,1,5,1
664202291,4,2,2,1
664202292,10,4,6,5
664202293,29,14,15,11
664202294,6,3,3,3
664202362,5,2,3,1
664202363,7,3,4,1
664202364,6,2,4,1
664202371,8,5,3,2
664202382,5,3,2,3
664202384,21,8,13,5
664202391,7,3,4,3
664202393,9,4,5,3
664202394,12,6,6,6
664202442,4,2,2,2
664202451,3,1,2,1
664202481,1,0,1,1
664202482,5,3,2,3
664202483,8,4,4,3
664202484,4,2,2,2
664202494,11,5,6,4
664202582,5,2,3,2
664202583,2,1,1,1
664202593,9,5,4,2
664202663,7,3,4,2
664202664,7,4,3,3
664202671,12,6,6,3
664202672,5,3,2,2
664202674,2,1,1,1
664202681,4,2,2,2
664202682,6,3,3,2
664202683,26,11,15,7
664202693,6,4,2,1
664202694,2,1,1,1
664202764,4,3,1,2
664202774,7,4,3,1
664202781,14,8,6,3
664202782,3,2,1,1
664202783,2,1,1,1
664202792,13,7,6,4
664202793,6,3,3,1
664202794,3,2,1,1
664202862,5,4,1,1
664202864,9,4,5,2
664202871,1,0,1,1
664202872,4,2,2,1
664202873,5,2,3,1
664202882,2,1,1,1
664202883,8,4,4,3
664202884,10,7,3,2
664202892,5,3,2,1
664202893,6,4,2,2
664202953,5,4,1,1
664202954,3,2,1,1
664202961,2,1,1,1
664202962,16,8,8,4
664202963,2,1,1,1
664202972,3,1,2,1
664202981,9,4,5,5
664202982,7,4,3,2
664202983,3,1,2,1
664202984,2,1,1,1
664202991,9,4,5,3
664202993,11,5,6,1
664202994,5,4,1,3
664203001,4,1,3,2
664203003,11,5,6,3
664203004,16,7,9,5
664203011,10,5,5,3
664203012,13,6,7,3
664203013,8,4,4,3
664203014,3,2,1,1
664203021,5,3,2,2
664203022,10,5,5,3
664203023,2,1,1,1
664203024,28,13,15,6
664203031,1,1,0,1
664203032,9,5,4,3
664203034,2,1,1,1
664203041,6,3,3,2
664203042,5,3,2,1
664203043,7,3,4,3
664203044,4,0,4,2
664203051,4,2,2,2
664203101,5,3,2,2
664203102,5,2,3,2
664203103,5,4,1,1
664203104,1,0,1,1
664203111,12,5,7,6
664203112,17,6,11,4
664203113,14,8,6,7
664203114,7,4,3,3
664203121,5,2,3,2
664203122,1,0,1,1
664203123,3,1,2,1
664203124,5,2,3,2
664203131,9,5,4,3
664203133,2,1,1,1
664203134,5,2,3,2
664203141,11,5,6,4
664203143,11,5,6,4
664203151,4,2,2,1
664203153,2,1,1,1
664203201,7,4,3,3
664203202,2,1,1,1
664203204,9,3,6,6
664203212,4,2,2,2
664203213,3,2,1,1
664203221,8,3,5,5
664203222,220,97,123,81
664203223,74,32,42,34
664203224,785,350,435,313
664203231,224,117,107,124
664203232,22,9,13,9
664203233,319,140,179,146
664203234,71,29,42,40
664203242,2,1,1,1
664203243,14,7,7,5
664203251,4,2,2,1
664203302,2,1,1,1
664203311,33,14,19,15
664203312,11,5,6,4
664203313,1,1,0,1
664203314,18,8,10,7
664203321,35,17,18,14
664203322,474,221,253,212
664203323,8,3,5,4
664203324,123,61,62,44
664203331,248,113,135,112
664203332,86,37,49,42
664203333,13,7,6,6
664203402,3,2,1,2
664203403,4,2,2,1
664203404,4,2,2,2
664203412,7,3,4,4
664203413,2,1,1,1
664203414,5,2,3,2
664203421,6,2,4,3
664203422,15,5,10,6
664203423,1,0,1,1
664203424,1,0,1,1
664203501,7,3,4,4
664203503,4,2,2,2
664203511,2,1,1,1
664203512,6,2,4,2
664203514,11,5,6,3
664203521,4,2,2,2
664203522,12,6,6,5
664203524,5,2,3,3
664203531,1,0,1,1
664203601,4,2,2,1
664203602,4,2,2,2
664203603,1,1,0,1
664203611,11,4,7,2
664203621,2,2,0,1
664203623,3,1,2,1
664203702,1,1,0,1
664203704,16,7,9,5
664203714,7,2,5,4
664203721,18,10,8,4
664203723,13,7,6,4
664203733,6,3,3,2
664203801,3,1,2,1
664203802,3,1,2,1
664203803,3,1,2,2
664203811,13,7,6,5
664203812,5,3,2,1
664203813,12,6,6,2
664203814,7,2,5,3
664203821,1,0,1,1
664203822,4,2,2,1
664203823,4,2,2,1
664203824,4,1,3,1
664203831,9,5,4,3
664203832,8,3,5,3
664203833,18,2,16,2
664203863,4,2,2,2
664203901,11,5,6,3
664203904,23,12,11,5
664203912,11,5,6,4
664203913,11,4,7,4
664203914,2,1,1,1
664203922,2,1,1,1
664203931,7,3,4,4
664203933,14,8,6,3
664203961,4,2,2,1
664203983,5,2,3,2
664204901,5,3,2,1
664204922,22,8,14,4
664204923,2,1,1,1
664204924,1,1,0,1
664205504,2,1,1,1
664205513,2,1,1,1
664205563,5,2,3,2
664205564,3,1,2,2
664205573,4,2,2,2
664205601,8,2,6,1
664205621,1,1,0,1
664205622,14,6,8,5
664205623,2,1,1,1
664205671,1,1,0,1
664205772,2,1,1,1
664205783,2,1,1,1
664205784,2,0,2,1
664205821,2,1,1,1
664205904,3,2,1,1
664205912,3,1,2,1
664205913,7,3,4,4
664207492,1,1,0,1
664207984,2,1,1,1
664211414,3,2,1,2
664211492,4,3,1,2
664211521,2,1,1,1
664211523,7,4,3,2
664211601,1,1,0,1
664211612,22,10,12,10
664211614,2,1,1,1
664211621,13,6,7,8
664211712,2,1,1,1
664211814,4,3,1,2
664212041,2,1,1,1
664212042,2,1,1,1
664212044,15,7,8,3
664212051,2,1,1,1
664212052,15,8,7,3
664212053,18,7,11,6
664212054,17,8,9,6
664212062,13,5,8,4
664212063,7,4,3,4
664212064,11,6,5,4
664212071,2,1,1,1
664212072,11,7,4,3
664212074,9,5,4,4
664212082,13,7,6,6
664212083,6,3,3,2
664212084,12,6,6,5
664212093,7,4,3,3
664212094,15,6,9,4
664212151,7,4,3,1
664212152,3,2,1,1
664212153,4,2,2,2
664212161,3,1,2,1
664212162,4,3,1,1
664212173,4,2,2,2
664212174,24,10,14,9
664212181,66,34,32,22
664212182,24,9,15,13
664212183,156,74,82,57
664212184,362,168,194,158
664212191,44,20,24,26
664212192,10,3,7,4
664212193,231,106,125,113
664212194,174,73,101,57
664212241,6,3,3,1
664212242,11,4,7,4
664212244,2,1,1,1
664212251,1,1,0,1
664212252,11,5,6,3
664212262,4,2,2,2
664212271,13,6,7,4
664212272,24,9,15,10
664212274,18,11,7,7
664212281,239,117,122,100
664212282,418,202,216,167
664212283,13,6,7,7
664212291,146,55,91,53
664212292,38,19,19,16
664212294,6,2,4,1
664212342,9,5,4,3
664212344,3,1,2,1
664212351,11,6,5,4
664212352,5,3,2,1
664212361,6,3,3,1
664212362,2,1,1,1
664212371,7,3,4,1
664212372,7,3,4,2
664212373,4,2,2,2
664212374,4,2,2,1
664212381,28,12,16,9
664212383,16,5,11,5
664212384,1,1,0,1
664212392,6,3,3,3
664212393,3,1,2,1
664212394,7,2,5,2
664212441,7,2,5,2
664212442,8,5,3,2
664212444,2,1,1,1
664212452,2,1,1,1
664212463,8,3,5,1
664212464,1,0,1,1
664212471,3,2,1,1
664212473,5,2,3,3
664212474,5,2,3,2
664212481,2,1,1,1
664212482,13,7,6,3
664212484,3,1,2,1
664212491,7,3,4,2
664212492,3,2,1,1
664212493,1,1,0,1
664212501,7,2,5,2
664212503,6,4,2,2
664212541,10,5,5,3
664212542,5,3,2,2
664212543,2,1,1,1
664212544,9,4,5,4
664212552,15,8,7,5
664212553,4,2,2,1
664212561,7,4,3,2
664212562,9,4,5,2
664212572,4,2,2,2
664212573,10,5,5,2
664212574,3,1,2,2
664212581,12,6,6,4
664212582,21,10,11,5
664212583,6,3,3,1
664212584,2,1,1,1
664212591,7,3,4,2
664212593,2,1,1,1
664212601,4,2,2,2
664212602,9,5,4,3
664212604,10,5,5,3
664212642,2,1,1,1
664212653,44,20,24,3
664212654,84,53,31,26
664212661,25,14,11,10
664212662,18,9,9,4
664212671,5,2,3,3
664212673,4,2,2,1
664212681,3,1,2,1
664212684,12,7,5,5
664212691,2,1,1,1
664212694,10,7,3,3
664212702,19,10,9,5
664212734,2,2,0,1
664212742,7,5,2,2
664212752,13,5,8,4
664212761,10,6,4,2
664212763,14,8,6,4
664212764,9,4,5,3
664212771,6,3,3,3
664212772,5,2,3,3
664212773,8,4,4,3
664212774,8,4,4,1
664212781,9,5,4,2
664212782,7,3,4,4
664212783,10,5,5,3
664212784,7,3,4,2
664212791,8,4,4,2
664212792,3,1,2,2
664212793,2,1,1,1
664212794,2,1,1,1
664212804,4,1,3,2
664212811,20,11,9,6
664212813,8,4,4,3
664212842,8,5,3,2
664212844,6,3,3,3
664212851,9,4,5,3
664212852,1,0,1,1
664212854,5,3,2,1
664212861,19,9,10,6
664212863,2,1,1,1
664212891,10,5,5,3
664212892,11,7,4,3
664212894,3,2,1,2
664212902,1,1,0,1
664212914,4,1,3,2
664212942,3,2,1,1
664212953,9,6,3,2
664212961,2,1,1,1
664212963,3,2,1,1
664212992,6,3,3,2
664212994,11,4,7,3
664213002,5,2,3,2
664213004,8,4,4,3
664213011,5,3,2,2
664213013,23,13,10,7
664213014,8,3,5,4
664213023,14,7,7,3
664213024,4,1,3,1
664213032,2,1,1,1
664213033,5,3,2,1
664213081,2,1,1,1
664213083,3,2,1,1
664213101,9,4,5,4
664213103,15,9,6,10
664213111,2,1,1,1
664213122,8,2,6,1
664213131,3,1,2,1
664213132,5,2,3,3
664213134,8,3,5,6
664213172,4,2,2,2
664213174,4,1,3,2
664213183,8,5,3,4
664213191,6,3,3,1
664213201,9,4,5,6
664213202,7,3,4,3
664213203,10,5,5,2
664213211,5,3,2,2
664213212,2,1,1,1
664213213,11,5,6,4
664213214,3,2,1,1
664213224,3,2,1,1
664213231,2,1,1,1
664213232,3,1,2,2
664213281,7,4,3,3
664213283,4,1,3,2
664213284,8,5,3,3
664213292,5,3,2,2
664213301,12,5,7,4
664213311,6,3,3,2
664213313,6,3,3,1
664213374,10,5,5,3
664213381,20,11,9,9
664213382,12,7,5,3
664213383,18,11,7,5
664213384,5,1,4,1
664213391,8,3,5,4
664213392,3,1,2,1
664213393,5,2,3,2
664213401,2,1,1,1
664213402,11,7,4,3
664213411,3,2,1,1
664213442,2,1,1,1
664213444,2,1,1,1
664213452,4,2,2,2
664213454,3,1,2,1
664213472,1,0,1,1
664213474,2,1,1,1
664213481,6,3,3,1
664213483,7,3,4,1
664213484,13,7,6,3
664213491,11,6,5,3
664213492,7,4,3,2
664213493,13,6,7,4
664213494,2,1,1,1
664213503,8,5,3,2
664213511,5,2,3,1
664213513,4,2,2,1
664213532,3,2,1,1
664213542,2,1,1,1
664213544,9,4,5,3
664213552,2,1,1,1
664213561,7,3,4,3
664213572,3,2,1,2
664213574,2,1,1,1
664213581,9,5,4,2
664213584,49,24,25,20
664213592,12,7,5,4
664213593,11,5,6,4
664213594,3,1,2,1
664213602,7,3,4,1
664213604,12,5,7,3
664213612,4,1,3,2
664213613,8,5,3,3
664213614,3,1,2,2
664213624,5,2,3,1
664213632,4,2,2,1
664213634,2,1,1,1
664213641,5,2,3,1
664213643,6,3,3,2
664213652,4,2,2,1
664213663,8,2,6,2
664213664,4,2,2,1
664213671,14,5,9,3
664213672,12,5,7,3
664213673,5,2,3,3
664213674,7,3,4,2
664213681,35,17,18,12
664213682,177,81,96,83
664213683,5,2,3,4
664213684,5,2,3,3
664213691,79,35,44,34
664213692,15,6,9,5
664213704,21,12,9,5
664213712,3,2,1,1
664213714,2,1,1,1
664213723,4,2,2,1
664213724,7,3,4,2
664213731,4,2,2,1
664213732,4,2,2,1
664213733,8,5,3,2
664213734,7,3,4,2
664213741,5,2,3,2
664213752,2,1,1,1
664213754,5,3,2,1
664213761,4,2,2,1
664213762,8,4,4,3
664213763,9,4,5,5
664213764,2,1,1,1
664213771,8,3,5,2
664213772,19,9,10,7
664213773,7,3,4,4
664213774,15,6,9,5
664213781,7,4,3,1
664213801,4,1,3,2
664213802,2,1,1,1
664213803,14,9,5,4
664213804,2,2,0,2
664213812,17,10,7,5
664213813,6,3,3,2
664213814,10,5,5,6
664213821,8,4,4,3
664213822,5,1,4,1
664213823,38,20,18,16
664213824,3,1,2,1
664213844,10,4,6,3
664213851,2,1,1,1
664213852,2,1,1,1
664213854,6,3,3,3
664213862,23,11,12,9
664213863,4,3,1,1
664213864,1,0,1,1
664213871,1,1,0,1
664213873,4,2,2,2
664213874,1,1,0,1
664213901,16,6,10,7
664213902,11,6,5,5
664213903,4,2,2,2
664213904,112,53,59,42
664213911,70,37,33,22
664213912,124,55,69,46
664213913,826,383,443,326
664213914,469,242,227,201
664213921,24,11,13,7
664213923,101,47,54,38
664213932,7,3,4,2
664213934,1,0,1,1
664213941,4,2,2,2
664213942,9,6,3,2
664213944,9,3,6,2
664213952,5,2,3,2
664213953,8,4,4,3
664213954,40,20,20,20
664213961,1,0,1,1
664213962,10,7,3,4
664213963,5,3,2,2
664213964,1,1,0,1
664213971,22,11,11,6
664214001,3,2,1,1
664214003,5,2,3,2
664214014,3,2,1,2
664214021,5,2,3,2
664214024,8,4,4,1
664214044,2,1,1,1
664214094,6,3,3,2
664214103,3,2,1,2
664214104,2,1,1,1
664214112,2,1,1,1
664214114,20,8,12,5
664214184,5,2,3,2
664214191,3,2,1,2
664214193,5,2,3,2
664214201,23,12,11,6
664214203,15,7,8,8
664214274,11,5,6,4
664214281,1,0,1,1
664214282,4,2,2,2
664214283,4,2,2,1
664214302,1,0,1,1
664214304,7,5,2,1
664214314,4,1,3,1
664214342,3,2,1,1
664214351,3,1,2,1
664214354,4,2,2,2
664214362,8,3,5,4
664214363,4,1,3,1
664214364,21,11,10,13
664214371,20,6,14,11
664214372,75,35,40,35
664214373,316,143,173,164
664214374,295,134,161,139
664214383,160,74,86,90
664214394,5,3,2,2
664214413,7,4,3,2
664214424,6,3,3,1
664214432,11,7,4,1
664214433,6,4,2,2
664214441,3,1,2,1
664214442,10,5,5,3
664214443,7,3,4,3
664214444,6,2,4,3
664214451,3,2,1,2
664214452,5,3,2,2
664214453,9,3,6,4
664214454,2,1,1,1
664214461,8,3,5,3
664214464,2,1,1,1
664214471,135,49,86,45
664214472,181,87,94,88
664214481,25,13,12,15
664214482,17,6,11,7
664214491,17,9,8,6
664214492,7,3,4,2
664214494,7,4,3,3
664214502,9,5,4,2
664214503,16,7,9,4
664214504,5,2,3,2
664214511,10,4,6,2
664214513,4,2,2,3
664214514,3,2,1,2
664214521,13,5,8,6
664214522,2,1,1,1
664214531,3,1,2,2
664214532,15,7,8,6
664214562,11,6,5,3
664214564,6,3,3,2
664214662,4,2,2,2
664214771,8,5,3,1
664215001,3,1,2,2
664215002,2,1,1,1
664215352,2,1,1,1
664215353,4,2,2,2
664215401,7,4,3,3
664215403,6,3,3,2
664215412,6,3,3,2
664215413,12,8,4,3
664215423,12,6,6,4
664215424,12,5,7,5
664215433,5,2,3,4
664215434,16,7,9,6
664215442,8,3,5,2
664215443,1,0,1,1
664215444,5,3,2,2
664215452,7,4,3,1
664215521,3,2,1,1
664215531,2,1,1,1
664217093,4,2,2,1
664217194,5,3,2,1
664217382,7,4,3,2
664217393,4,1,3,1
664221113,2,1,1,1
664221284,2,1,1,1
664221291,13,7,6,3
664221382,3,3,0,1
664221511,5,4,1,1
664221513,8,4,4,2
664221514,10,4,6,4
664221533,2,1,1,1
664221612,2,1,1,2
664221621,3,2,1,1
664221622,2,1,1,1
664221731,1,1,0,1
664221794,2,1,1,1
664221892,5,2,3,1
664221894,11,5,6,3
664221912,4,2,2,1
664221994,3,2,1,2
664222004,3,3,0,3
664222011,19,11,8,4
664222012,27,11,16,10
664222014,31,16,15,13
664222044,1,0,1,1
664222061,3,1,2,2
664222074,3,1,2,1
664222083,2,0,2,1
664222084,2,1,1,1
664222091,4,1,3,1
664222093,1,0,1,1
664222094,16,7,9,5
664222111,8,3,5,2
664222112,63,30,33,29
664222121,29,16,13,15
664222122,1,1,0,1
664222123,5,4,1,2
664222124,13,5,8,4
664222132,11,5,6,3
664222133,5,4,1,3
664222134,8,4,4,4
664222142,4,2,2,1
664222152,5,3,2,2
664222154,14,7,7,5
664222163,3,1,2,1
664222174,1,0,1,1
664222183,2,1,1,1
664222184,17,10,7,6
664222192,8,3,5,4
664222193,21,12,9,9
664222194,39,14,25,12
664222202,4,2,2,3
664222204,2,1,1,1
664222213,5,2,3,2
664222221,7,4,3,4
664222231,5,2,3,3
664222252,2,1,1,1
664222253,5,3,2,1
664222262,7,4,3,1
664222263,7,3,4,2
664222291,1,1,0,1
664222292,2,1,1,1
664222294,7,4,3,2
664222311,6,3,3,2
664222313,5,2,3,2
664222344,2,1,1,1
664222363,1,1,0,1
664222392,9,4,5,3
664222393,5,3,2,2
664222394,10,3,7,5
664222411,2,1,1,1
664222484,7,4,3,2
664222491,7,4,3,3
664222492,2,1,1,1
664222493,4,2,2,1
664222502,8,4,4,2
664222582,4,1,3,1
664222591,4,2,2,2
664222592,8,3,5,4
664222593,2,1,1,1
664222594,4,2,2,2
664222601,3,1,2,1
664222691,1,1,0,1
664222692,5,3,2,2
664222693,14,7,7,4
664222694,10,4,6,4
664222784,3,1,2,1
664222791,7,4,3,2
664222792,11,7,4,2
664222793,17,7,10,5
664222794,6,3,3,2
664222891,7,4,3,3
664222892,2,1,1,1
664222893,17,7,10,5
664222894,6,3,3,3
664222982,1,1,0,1
664222992,5,2,3,2
664222993,7,2,5,2
664222994,5,1,4,1
664223001,71,38,33,30
664223002,343,156,187,144
664223003,153,75,78,57
664223004,572,260,312,218
664223011,725,326,399,349
664223012,767,352,415,321
664223013,655,312,343,324
664223014,701,328,373,337
664223021,712,312,400,229
664223023,625,321,304,279
664223024,278,130,148,108
664223031,1,0,1,1
664223032,4,3,1,1
664223033,7,3,4,4
664223034,14,5,9,5
664223041,5,2,3,3
664223042,12,5,7,5
664223043,8,3,5,4
664223044,27,12,15,13
664223051,20,12,8,7
664223052,4,2,2,2
664223053,5,2,3,3
664223061,1,0,1,1
664223062,3,1,2,2
664223063,10,4,6,4
664223071,11,6,5,4
664223101,184,89,95,78
664223102,570,249,321,248
664223103,84,44,40,39
664223104,220,120,100,100
664223111,645,303,342,295
664223112,464,207,257,224
664223113,541,252,289,228
664223114,938,444,494,406
664223121,739,336,403,357
664223122,728,314,414,291
664223123,461,191,270,183
664223124,125,37,88,18
664223132,11,6,5,3
664223134,8,4,4,3
664223141,11,6,5,4
664223142,11,6,5,4
664223143,2,1,1,1
664223144,13,8,5,3
664223151,4,2,2,2
664223152,7,4,3,2
664223153,4,2,2,2
664223154,3,2,1,1
664223161,5,2,3,2
664223162,9,4,5,6
664223163,11,4,7,4
664223164,10,5,5,2
664223203,9,5,4,3
664223204,109,54,55,42
664223211,524,247,277,229
664223212,730,350,380,324
664223213,575,271,304,240
664223214,367,159,208,158
664223221,387,177,210,167
664223222,53,33,20,1
664223223,34,20,14,12
664223224,47,23,24,19
664223231,6,2,4,2
664223232,2,1,1,1
664223233,14,7,7,4
664223234,19,11,8,6
664223242,4,2,2,1
664223243,15,9,6,5
664223244,18,7,11,5
664223251,1,1,0,1
664223252,4,2,2,3
664223253,6,2,4,1
664223254,3,1,2,1
664223261,11,5,6,3
664223262,1,0,1,1
664223301,9,5,4,3
664223302,25,14,11,9
664223303,4,1,3,2
664223311,100,51,49,41
664223312,8,3,5,3
664223313,1,0,1,1
664223314,4,1,3,2
664223321,5,3,2,1
664223322,3,2,1,1
664223323,15,8,7,5
664223324,3,2,1,1
664223331,2,1,1,1
664223332,2,1,1,1
664223333,11,7,4,5
664223334,6,3,3,2
664223342,4,3,1,1
664223343,11,5,6,2
664223351,3,2,1,1
664223352,5,2,3,1
664223354,9,6,3,4
664223361,4,1,3,2
664223362,1,1,0,1
664223363,1,1,0,1
664223364,2,1,1,2
664223371,2,1,1,1
664223373,4,2,2,1
664223374,2,1,1,1
664223403,2,2,0,1
664223404,5,2,3,2
664223411,12,6,6,6
664223412,20,11,9,7
664223413,14,8,6,3
664223414,3,1,2,2
664223421,5,2,3,1
664223422,2,1,1,1
664223423,4,3,1,2
664223424,10,6,4,2
664223431,10,6,4,4
664223432,19,10,9,6
664223434,9,4,5,3
664223441,6,6,0,6
664223442,3,2,1,3
664223443,4,2,2,1
664223451,5,0,5,5
664223452,15,8,7,5
664223453,1,0,1,1
664223454,10,5,5,2
664223461,12,5,7,5
664223462,27,13,14,9
664223463,1,1,0,1
664223464,9,5,4,3
664223471,17,6,11,3
664223481,9,5,4,3
664223501,8,3,5,3
664223502,10,5,5,3
664223503,7,3,4,3
664223504,7,4,3,3
664223511,9,4,5,3
664223512,39,20,19,14
664223513,2,1,1,1
664223514,4,2,2,3
664223521,25,7,18,5
664223522,3,1,2,1
664223523,2,0,2,2
664223524,4,1,3,1
664223531,11,6,5,3
664223532,7,2,5,3
664223533,17,8,9,4
664223534,13,7,6,5
664223542,13,6,7,4
664223544,9,5,4,2
664223551,2,1,1,1
664223603,4,2,2,2
664223604,5,2,3,1
664223611,8,4,4,2
664223612,12,6,6,5
664223613,5,3,2,2
664223614,9,3,6,3
664223621,9,4,5,3
664223623,8,4,4,3
664223633,6,4,2,1
664223634,6,2,4,2
664223701,6,2,4,2
664223702,7,5,2,3
664223703,10,6,4,3
664223704,10,5,5,3
664223712,8,4,4,2
664223713,3,2,1,2
664223714,17,7,10,6
664223721,8,4,4,2
664223722,7,4,3,1
664223723,1,0,1,1
664223724,4,2,2,1
664223731,14,6,8,5
664223732,13,8,5,3
664223733,3,2,1,2
664223734,7,4,3,2
664223801,4,2,2,1
664223802,2,1,1,2
664223803,5,3,2,2
664223804,18,9,9,6
664223811,50,21,29,21
664223812,54,23,31,25
664223813,37,19,18,12
664223814,72,37,35,32
664223821,14,7,7,5
664223822,7,2,5,3
664223823,9,6,3,2
664223824,9,6,3,4
664223831,9,4,5,2
664223832,6,4,2,2
664223833,7,3,4,2
664223871,5,3,2,2
664223873,2,1,1,1
664223874,1,0,1,1
664223901,3,2,1,1
664223902,1,0,1,1
664223904,10,5,5,3
664223911,76,39,37,35
664223912,71,32,39,38
664223914,22,9,13,8
664223921,2,1,1,1
664223922,5,4,1,2
664223923,11,5,6,3
664223924,1,1,0,1
664223971,2,1,1,1
664223973,3,2,1,2
664223993,2,1,1,1
664223994,9,4,5,2
664224731,7,4,3,2
664224732,3,1,2,1
664224733,5,3,2,2
664224734,11,4,7,3
664224743,7,4,3,3
664224751,6,3,3,1
664224822,15,5,10,5
664224824,3,2,1,2
664224831,21,11,10,5
664224854,8,4,4,1
664224864,7,4,3,2
664224903,10,5,5,5
664224904,5,2,3,3
664224913,33,17,16,12
664224914,41,23,18,18
664224921,7,4,3,2
664224923,3,2,1,1
664224924,3,2,1,1
664224933,9,5,4,2
664224934,7,3,4,3
664224943,13,6,7,4
664224944,9,4,5,1
664224951,2,1,1,1
664224994,7,4,3,1
664225902,1,1,0,1
664225904,6,3,3,2
664227062,5,1,4,2
664227272,1,1,0,1
664227484,4,2,2,2
664227592,5,3,2,2
664227873,3,1,2,1
664231092,5,3,2,1
664231121,4,2,2,2
664231322,14,6,8,10
664231324,48,24,24,26
664231333,2,1,1,1
664231422,5,3,2,2
664231431,6,4,2,3
664231433,7,4,3,3
664231532,3,1,2,1
664231632,7,3,4,3
664232082,4,1,3,2
664232084,5,3,2,1
664232091,4,2,2,1
664232092,8,2,6,4
664232093,6,3,3,2
664232094,4,2,2,1
664232101,5,2,3,1
664232103,14,8,6,3
664232182,15,9,6,6
664232191,14,7,7,3
664232192,15,8,7,4
664232193,15,8,7,5
664232194,24,12,12,6
664232271,3,1,2,1
664232281,1,1,0,1
664232282,11,5,6,2
664232283,2,1,1,1
664232284,8,3,5,3
664232292,9,3,6,2
664232293,2,1,1,1
664232294,13,7,6,4
664232372,8,4,4,3
664232373,11,5,6,4
664232382,7,3,4,3
664232384,2,1,1,1
664232391,16,7,9,6
664232392,17,9,8,6
664232482,14,7,7,4
664232492,12,4,8,3
664232494,2,1,1,1
664232581,1,0,1,1
664232582,12,5,7,4
664232583,3,1,2,1
664232584,3,1,2,2
664232592,11,5,6,3
664232594,24,11,13,7
664232672,4,2,2,1
664232674,2,1,1,1
664232681,4,2,2,2
664232682,6,3,3,2
664232691,4,2,2,1
664232694,9,4,5,1
664232791,2,1,1,1
664232792,3,1,2,1
664232993,6,4,2,1
664232994,2,1,1,1
664233001,10,6,4,3
664233002,4,2,2,2
664233003,27,14,13,6
664233011,4,2,2,2
664233012,8,3,5,3
664233013,4,2,2,1
664233014,7,5,2,2
664233023,3,1,2,1
664233064,9,5,4,4
664233083,7,3,4,3
664233084,19,11,8,4
664233091,6,2,4,3
664233092,14,8,6,4
664233093,8,4,4,3
664233094,2,1,1,1
664233103,5,3,2,1
664233104,13,7,6,3
664233111,1,1,0,1
664233112,3,1,2,2
664233113,5,4,1,1
664233114,4,2,2,2
664233124,11,5,6,5
664233134,1,1,0,1
664233164,7,2,5,3
664233172,12,5,7,3
664233173,4,3,1,3
664233174,18,6,12,6
664233181,15,9,6,5
664233182,6,2,4,1
664233202,1,1,0,1
664233211,2,1,1,1
664233212,3,2,1,1
664233214,10,3,7,3
664233221,10,7,3,3
664233222,2,1,1,1
664233234,4,2,2,2
664233261,2,1,1,1
664233262,2,1,1,1
664233263,3,2,1,1
664233264,14,7,7,4
664233271,13,6,7,4
664233272,4,2,2,2
664233273,13,6,7,7
664233301,3,1,2,1
664233303,9,3,6,3
664233304,16,10,6,5
664233311,3,2,1,1
664233312,12,6,6,3
664233321,19,9,10,8
664233323,4,3,1,1
664233324,6,3,3,3
664233333,3,2,1,1
664233334,5,2,3,1
664233344,8,4,4,2
664233352,18,7,11,5
664233353,14,7,7,5
664233354,9,5,4,4
664233361,5,2,3,2
664233362,8,4,4,2
664233363,19,10,9,5
664233364,2,1,1,1
664233371,3,1,2,1
664233373,7,5,2,2
664233401,21,11,10,6
664233402,9,3,6,2
664233403,17,6,11,7
664233411,13,6,7,3
664233412,13,9,4,2
664233413,3,1,2,1
664233414,9,5,4,2
664233421,5,0,5,1
664233422,14,8,6,7
664233423,5,3,2,2
664233424,33,15,18,12
664233431,30,17,13,13
664233432,32,14,18,11
664233433,209,94,115,93
664233434,181,80,101,66
664233441,8,4,4,3
664233442,2,1,1,1
664233443,46,16,30,16
664233444,2,1,1,1
664233451,5,1,4,1
664233452,2,1,1,1
664233453,5,1,4,3
664233454,14,7,7,5
664233461,11,4,7,3
664233462,10,4,6,3
664233463,8,4,4,3
664233464,7,3,4,3
664233471,2,1,1,1
664233473,10,4,6,2
664233482,3,2,1,2
664233483,7,2,5,2
664233484,4,3,1,2
664233501,6,2,4,2
664233502,12,6,6,2
664233504,14,9,5,5
664233511,3,0,3,2
664233512,25,11,14,10
664233513,17,8,9,6
664233514,17,10,7,6
664233521,3,1,2,2
664233522,39,17,22,16
664233523,7,3,4,3
664233524,36,18,18,16
664233531,496,210,286,221
664233532,325,157,168,145
664233533,362,172,190,162
664233534,447,178,269,167
664233541,76,38,38,27
664233542,3,1,2,2
664233543,84,34,50,39
664233544,20,9,11,7
664233551,3,1,2,1
664233553,4,2,2,2
664233554,12,7,5,5
664233561,4,2,2,2
664233563,16,8,8,6
664233564,10,6,4,3
664233571,3,1,2,1
664233572,6,2,4,1
664233573,15,7,8,5
664233594,7,4,3,1
664233602,6,2,4,3
664233604,5,3,2,2
664233611,9,3,6,3
664233612,5,3,2,2
664233613,10,3,7,3
664233614,16,7,9,4
664233621,2,0,2,1
664233622,10,5,5,5
664233623,18,8,10,5
664233624,5,3,2,2
664233631,12,7,5,4
664233632,225,100,125,71
664233633,6,3,3,2
664233641,2,1,1,1
664233642,7,3,4,3
664233644,15,6,9,5
664233651,11,6,5,2
664233652,6,3,3,2
664233653,14,6,8,4
664233654,11,7,4,3
664233661,11,6,5,4
664233662,12,6,6,3
664233663,5,2,3,3
664233664,1,0,1,1
664233671,17,5,12,4
664233673,37,19,18,15
664233674,2,1,1,1
664233682,2,1,1,1
664233683,19,12,7,5
664233691,2,1,1,1
664233692,15,7,8,3
664233701,2,1,1,1
664233711,8,4,4,3
664233712,24,10,14,6
664233713,3,2,1,1
664233714,15,7,8,5
664233721,14,7,7,3
664233722,16,7,9,6
664233723,17,9,8,6
664233724,11,6,5,3
664233731,10,5,5,4
664233733,6,3,3,3
664233734,12,6,6,4
664233741,3,2,1,2
664233743,2,1,1,1
664233744,3,2,1,1
664233751,4,2,2,2
664233752,18,8,10,6
664233753,9,5,4,4
664233754,2,1,1,1
664233761,9,4,5,3
664233762,17,9,8,4
664233763,11,4,7,5
664233764,17,7,10,5
664233771,15,6,9,6
664233772,13,7,6,4
664233773,16,9,7,5
664233774,2,1,1,1
664233781,8,4,4,3
664233821,12,5,7,3
664233823,3,2,1,2
664233824,3,1,2,2
664233831,4,2,2,2
664233833,7,3,4,3
664233834,6,3,3,2
664233841,10,6,4,2
664233844,12,5,7,4
664233852,6,3,3,1
664233853,14,7,7,5
664233861,6,3,3,1
664233862,7,4,3,2
664233863,22,15,7,8
664233864,9,4,5,4
664233871,4,3,1,2
664233872,3,1,2,1
664233873,13,7,6,5
664233881,4,2,2,2
664233884,3,1,2,2
664233914,1,1,0,1
664233922,7,3,4,2
664233931,2,1,1,1
664233932,7,3,4,2
664233934,5,2,3,2
664233941,12,6,6,5
664233942,13,5,8,5
664233943,4,2,2,1
664233944,4,2,2,2
664233951,14,6,8,6
664233953,15,9,6,3
664233961,2,0,2,1
664233962,21,9,12,6
664233963,29,14,15,14
664233964,52,24,28,25
664233971,35,18,17,14
664233972,6,3,3,2
664233973,13,7,6,6
664233974,11,6,5,4
664233981,5,3,2,1
664233983,7,4,3,3
664233984,4,3,1,4
664233991,6,4,2,1
664233992,8,3,5,3
664233993,3,1,2,1
664233994,2,1,1,1
664234001,13,5,8,6
664234003,7,3,4,2
664234041,6,3,3,1
664234042,3,2,1,1
664234102,5,3,2,1
664234191,2,1,1,1
664234194,4,2,2,1
664234292,2,1,1,1
664234293,4,2,2,1
664234294,6,2,4,3
664234392,3,1,2,1
664234394,5,3,2,1
664234403,6,4,2,1
664234411,2,1,1,1
664234483,7,3,4,3
664234484,5,2,3,2
664234493,3,1,2,2
664234494,4,2,2,2
664234554,3,2,1,1
664234584,3,2,1,1
664234591,2,1,1,1
664234593,3,2,1,2
664234594,2,1,1,1
664234643,3,1,2,1
664234654,2,1,1,1
664234664,2,1,1,1
664234672,1,0,1,1
664234674,8,5,3,3
664234681,3,2,1,1
664234683,30,14,16,14
664234684,6,3,3,3
664234691,4,2,2,1
664234692,7,3,4,5
664234693,12,7,5,5
664234694,36,17,19,10
664234722,4,3,1,1
664234723,3,2,1,2
664234733,23,12,11,7
664234734,5,1,4,1
664234741,2,1,1,1
664234742,2,1,1,1
664234743,7,3,4,4
664234744,17,8,9,9
664234752,18,8,10,7
664234754,1,0,1,1
664234761,16,7,9,8
664234762,18,9,9,6
664234763,20,10,10,8
664234771,28,18,10,11
664234772,23,10,13,9
664234774,9,6,3,2
664234781,2,1,1,1
664234783,4,2,2,1
664234784,5,3,2,2
664234791,6,4,2,2
664234792,9,6,3,2
664234822,5,3,2,1
664234823,7,4,3,2
664234831,3,1,2,1
664234832,10,5,5,3
664234833,2,1,1,1
664234841,7,4,3,5
664234862,1,0,1,1
664234872,5,2,3,1
664234873,3,2,1,1
664234874,6,4,2,3
664234881,8,5,3,3
664234904,14,6,8,5
664234912,6,3,3,1
664234913,3,2,1,1
664234921,11,5,6,5
664234923,8,4,4,2
664234924,2,0,2,2
664234931,12,5,7,2
664234971,3,2,1,2
664234972,3,1,2,1
664235003,5,3,2,2
664235011,15,7,8,6
664235101,2,2,0,2
664235131,6,3,3,2
664235132,21,10,11,4
664235133,2,1,1,1
664235201,2,1,1,1
664235203,3,1,2,1
664235213,2,0,2,1
664235222,5,2,3,3
664235223,4,2,2,2
664235301,4,1,3,1
664235302,1,0,1,1
664235303,7,3,4,3
664235304,4,2,2,1
664235322,1,0,1,1
664235332,7,2,5,2
664235401,13,6,7,4
664235403,7,4,3,2
664235404,2,1,1,1
664235422,3,2,1,1
664235424,1,0,1,1
664235501,2,1,1,1
664235502,19,13,6,10
664235503,37,17,20,15
664235504,110,50,60,52
664235511,17,7,10,7
664235512,3,0,3,1
664235513,434,220,214,185
664235514,38,18,20,15
664235521,9,5,4,3
664235533,3,2,1,2
664235534,6,4,2,2
664235543,8,2,6,2
664235601,393,172,221,141
664235602,336,171,165,172
664235603,351,154,197,168
664235604,211,85,126,95
664235611,437,209,228,231
664235612,153,75,78,69
664235613,360,165,195,179
664235614,29,15,14,18
664235621,8,3,5,2
664235623,2,1,1,1
664235624,3,2,1,1
664235633,3,2,1,1
664235642,2,1,1,1
664235651,5,2,3,2
664235653,6,3,3,2
664235671,3,1,2,1
664235673,3,1,2,1
664235702,13,5,8,6
664235703,4,3,1,2
664235711,18,9,9,6
664235712,4,2,2,2
664235752,6,3,3,1
664235761,1,0,1,1
664235763,3,1,2,1
664235764,4,2,2,1
664235801,3,2,1,1
664235803,2,1,1,1
664235871,1,0,1,1
664235872,2,1,1,1
664235873,2,1,1,1
664235881,6,3,3,2
664235883,7,5,2,2
664235891,3,1,2,1
664235892,10,6,4,2
664235901,2,1,1,1
664235984,8,3,5,2
664236811,50,27,23,31
664236812,34,19,15,21
664236813,61,37,24,5
664236892,9,5,4,2
664236894,2,1,1,1
664236992,2,1,1,1
664236994,3,1,2,1
664237172,2,1,1,1
664237272,6,2,4,2
664237383,2,1,1,1
664237553,4,2,2,2
664237741,1,1,0,1
664237872,8,4,4,2
664237883,4,1,3,1
664237942,4,2,2,2
664237944,2,1,1,1
664237951,6,2,4,4
664237952,98,46,52,52
664237953,41,20,21,17
664237954,299,119,180,106
664237961,5,3,2,2
664237963,269,142,127,143
664237981,2,1,1,1
664237983,2,1,1,1
664242183,2,1,1,1
664242194,5,2,3,3
664242214,2,1,1,2
664242221,2,1,1,1
664242281,2,1,1,1
664242291,4,2,2,2
664242292,3,2,1,1
664242304,17,9,8,9
664242312,8,5,3,3
664242313,14,6,8,9
664242384,3,2,1,1
664242393,3,1,2,1
664242394,3,1,2,1
664242402,5,2,3,2
664242404,2,1,1,1
664242564,5,2,3,1
664242682,6,4,2,1
664242692,4,3,1,2
664242794,6,3,3,2
664242892,8,4,4,2
664242981,3,1,2,2
664243001,2,1,1,1
664243002,7,3,4,2
664243003,6,2,4,1
664243011,10,4,6,3
664243021,2,1,1,1
664243022,14,8,6,3
664243024,5,1,4,2
664243031,10,5,5,2
664243033,17,4,13,4
664243034,5,2,3,2
664243041,9,4,5,4
664243043,7,3,4,3
664243051,13,6,7,7
664243052,280,137,143,96
664243054,53,24,29,22
664243061,66,27,39,26
664243062,118,64,54,47
664243063,324,160,164,139
664243064,72,39,33,35
664243071,182,91,91,80
664243072,164,84,80,71
664243073,234,110,124,102
664243074,96,62,34,25
664243081,81,39,42,31
664243082,17,10,7,7
664243083,92,50,42,39
664243084,3,1,2,1
664243093,2,1,1,1
664243094,2,1,1,1
664243132,5,3,2,2
664243141,9,3,6,3
664243142,16,7,9,6
664243143,23,12,11,8
664243144,9,3,6,4
664243151,85,40,45,29
664243152,668,302,366,274
664243153,121,63,58,38
664243154,1099,519,580,475
664243161,792,375,417,338
664243162,955,442,513,427
664243163,823,379,444,388
664243164,565,278,287,284
664243171,538,260,278,250
664243172,9,5,4,4
664243173,555,292,263,265
664243174,365,175,190,175
664243181,340,138,202,98
664243182,3,3,0,2
664243183,203,69,134,64
664243184,7,3,4,2
664243191,2,2,0,1
664243241,4,2,2,2
664243243,18,6,12,4
664243251,198,97,101,76
664243252,821,404,417,378
664243253,241,151,90,104
664243254,1181,569,612,495
664243261,1195,563,632,596
664243262,877,394,483,427
664243263,974,455,519,498
664243264,720,333,387,378
664243271,591,276,315,274
664243272,374,184,190,164
664243273,607,277,330,308
664243274,648,296,352,284
664243281,64,29,35,30
664243282,5,2,3,2
664243283,79,39,40,36
664243301,8,4,4,2
664243314,12,5,7,4
664243341,9,5,4,3
664243342,33,15,18,9
664243344,6,4,2,3
664243351,4,2,2,1
664243352,444,230,214,193
664243353,7,2,5,1
664243354,64,35,29,31
664243361,842,383,459,370
664243362,1089,490,599,600
664243363,712,352,360,321
664243364,522,217,305,332
664243371,883,367,516,395
664243372,312,136,176,158
664243373,825,354,471,400
664243374,205,99,106,86
664243421,8,4,4,2
664243422,15,8,7,4
664243433,16,10,6,3
664243434,2,1,1,1
664243442,25,15,10,7
664243443,12,7,5,4
664243444,14,6,8,4
664243461,36,20,16,18
664243462,352,149,203,178
664243463,4,3,1,2
664243471,43,13,30,24
664243472,8,5,3,3
664243473,4,2,2,2
664243474,14,8,6,5
664243482,2,1,1,1
664243483,8,4,4,3
664243542,7,4,3,3
664243544,252,244,8,7
664243551,10,5,5,3
664243553,2,1,1,1
664243564,5,3,2,2
664243571,11,5,6,4
664243572,6,4,2,2
664243573,10,5,5,5
664243574,2,1,1,1
664243642,93,90,3,5
664243651,61,61,0,4
664243652,29,25,4,6
664243653,92,87,5,4
664243654,110,107,3,4
664243662,7,4,3,3
664243671,4,2,2,2
664243681,7,3,4,2
664243683,1,0,1,1
664243684,2,2,0,1
664243801,17,10,7,9
664243802,2,1,1,2
664243812,3,2,1,1
664243821,8,4,4,3
664243922,2,1,1,1
664244002,3,1,2,2
664244071,7,3,4,2
664244102,2,0,2,2
664244171,2,1,1,1
664244401,1,1,0,1
664246081,4,2,2,2
664246082,4,2,2,1
664246084,3,2,1,2
664246091,12,5,7,5
664246092,98,42,56,48
664246094,27,13,14,21
664247001,76,34,42,43
664247002,8,5,3,4
664247003,55,37,18,14
664247004,7,3,4,3
664247013,1,0,1,1
664247014,1,1,0,1
664247023,2,1,1,1
664247031,3,2,1,2
664247061,25,13,12,12
664247062,2,1,1,1
664247171,4,2,2,1
664247173,6,5,1,1
664247194,3,2,1,1
664247371,2,1,1,1
664247373,2,1,1,1
664247682,2,1,1,1
664247691,7,3,4,1
664247793,7,4,3,1
664247794,1,1,0,1
664252212,4,2,2,1
664252272,4,2,2,1
664252281,2,1,1,1
664252293,5,4,1,2
664252373,3,1,2,1
664252374,2,1,1,1
664252383,2,1,1,1
664252384,5,3,2,2
664252392,5,3,2,2
664252393,7,2,5,1
664252421,2,1,1,1
664252423,3,1,2,1
664252471,2,1,1,1
664252484,2,1,1,1
664252493,4,2,2,1
664252514,4,2,2,1
664252563,4,2,2,2
664252571,2,1,1,1
664252573,6,3,3,2
664252574,7,2,5,2
664252581,3,2,1,1
664252582,16,8,8,8
664252583,14,6,8,6
664252584,6,3,3,1
664252591,10,5,5,3
664252593,2,1,1,1
664252594,5,2,3,2
664252612,1,1,0,1
664252614,5,3,2,1
664252624,7,3,4,2
664252663,11,5,6,4
664252664,5,2,3,3
664252671,5,2,3,1
664252672,16,9,7,5
664252673,52,33,19,6
664252674,158,87,71,76
664252681,26,10,16,10
664252682,1,0,1,1
664252683,42,15,27,21
664252684,2,1,1,1
664252691,4,2,2,1
664252692,1,1,0,1
664252711,5,3,2,2
664252712,7,3,4,1
664252731,3,1,2,1
664252761,4,1,3,2
664252762,2,1,1,1
664252763,5,3,2,2
664252764,82,39,43,44
664252771,158,73,85,65
664252772,306,150,156,126
664252773,291,137,154,152
664252774,550,261,289,232
664252781,369,167,202,172
664252782,66,29,37,17
664252783,246,118,128,120
664252784,50,27,23,19
664252792,4,1,3,1
664252793,5,3,2,2
664252834,2,1,1,2
664252861,4,1,3,2
664252862,55,22,33,25
664252864,101,36,65,24
664252871,389,212,177,137
664252872,428,200,228,209
664252873,234,106,128,112
664252874,209,109,100,88
664252881,330,175,155,140
664252882,24,4,20,12
664252883,43,17,26,13
664252884,13,5,8,6
664252891,5,1,4,1
664252941,5,3,2,2
664252942,12,6,6,3
664252944,6,1,5,1
664252951,2,1,1,1
664252952,9,6,3,2
664252961,3,1,2,1
664252971,6,4,2,3
664252972,6,5,1,5
664252973,4,2,2,2
664252974,1,1,0,1
664252981,1,1,0,1
664252983,5,0,5,5
664253014,2,1,1,1
664253021,3,2,1,1
664253023,18,8,10,4
664253033,7,4,3,3
664253114,19,12,7,4
664253121,4,2,2,1
664253131,7,5,2,2
664253132,6,3,3,2
664253134,13,8,5,2
664253141,5,3,2,2
664253143,16,8,8,7
664253201,3,1,2,2
664253202,18,9,9,7
664253204,27,16,11,5
664253213,2,1,1,2
664253214,27,15,12,11
664253221,51,29,22,14
664253222,7,4,3,2
664253223,68,36,32,46
664253224,5,3,2,1
664253231,4,3,1,2
664253233,1,1,0,1
664253234,2,1,1,1
664253244,2,1,1,1
664253301,2,1,1,2
664253302,2,1,1,2
664253304,2,1,1,2
664253312,9,5,4,3
664253313,1,1,0,1
664253321,4,2,2,1
664253322,15,9,6,3
664253323,5,2,3,2
664253341,2,1,1,1
664253403,14,9,5,2
664253411,2,1,1,2
664253413,6,4,2,2
664253414,1,1,0,1
664253421,6,3,3,2
664253422,16,8,8,4
664253423,4,1,3,1
664253424,6,3,3,3
664253431,32,15,17,21
664253433,12,7,5,3
664253502,12,6,6,4
664253503,11,6,5,2
664253511,3,1,2,2
664253513,16,9,7,7
664253514,9,4,5,5
664253521,3,2,1,1
664253524,1,1,0,1
664253601,2,1,1,1
664253602,2,1,1,1
664253603,9,6,3,2
664253604,7,3,4,1
664253612,5,3,2,5
664253614,2,0,2,2
664253621,1,0,1,1
664253622,1,1,0,1
664253701,7,4,3,2
664253702,2,1,1,1
664253703,6,3,3,2
664253713,13,7,6,4
664253714,5,2,3,2
664253723,2,1,1,2
664253812,3,2,1,1
664253821,1,0,1,1
664253822,2,2,0,2
664253831,2,1,1,1
664253832,1,0,1,1
664262061,6,3,3,2
664262064,7,4,3,3
664262071,11,4,7,4
664262072,5,2,3,2
664262073,3,1,2,2
664262074,14,8,6,3
664262081,7,3,4,3
664262083,10,4,6,4
664262152,6,3,3,1
664262154,2,1,1,1
664262161,11,7,4,5
664262162,2,1,1,1
664262163,3,1,2,2
664262164,12,7,5,3
664262171,5,3,2,2
664262172,9,4,5,3
664262173,12,7,5,3
664262174,5,4,1,1
664262181,13,8,5,5
664262182,2,1,1,1
664262183,4,2,2,2
664262191,3,1,2,2
664262251,5,2,3,3
664262252,7,4,3,3
664262254,10,5,5,2
664262261,2,1,1,1
664262263,4,2,2,1
664262271,5,1,4,2
664262272,1,0,1,1
664262281,8,5,3,2
664262282,9,3,6,2
664262283,7,3,4,3
664262284,5,3,2,2
664262342,6,3,3,3
664262344,2,1,1,1
664262353,11,5,6,3
664262354,17,10,7,6
664262363,2,1,1,1
664262372,3,2,1,1
664262374,2,1,1,2
664262391,1,0,1,1
664262393,4,2,2,1
664262451,1,1,0,1
664262452,13,5,8,5
664262453,5,3,2,2
664262454,8,3,5,5
664262464,10,5,5,3
664262481,7,3,4,1
664262562,10,5,5,6
664262571,4,3,1,3
664262573,4,3,1,3
664262652,11,5,6,3
664262661,24,13,11,6
664262731,11,6,5,4
664262752,11,5,6,3
664262753,3,2,1,1
664262754,2,1,1,1
664262832,2,1,1,1
664262834,5,3,2,2
664262843,8,4,4,3
664262844,4,1,3,2
664262852,4,2,2,2
664262853,7,3,4,2
664262941,5,3,2,2
664262942,1,0,1,1
664262944,3,1,2,2
664264453,1,1,0,1
664264551,6,2,4,3
664264552,2,1,1,1
664264554,34,18,16,13
664264652,4,2,2,2
664264661,6,2,4,2
664264662,2,1,1,1
664264663,1,1,0,1
664264762,2,1,1,1
664264862,1,1,0,1
664266244,6,2,4,2
664266253,3,1,2,2
664266284,5,3,2,1
664266372,2,2,0,2
664266382,3,1,2,1
664266992,6,3,3,1
664266994,4,2,2,1
664267192,9,4,5,2
664267194,9,3,6,2
664267271,8,4,4,2
664267273,9,5,4,3
664267282,5,3,2,2
664267283,6,2,4,2
664267291,14,6,8,5
664267303,9,5,4,2
664267372,3,2,1,2
664267382,5,3,2,2
664267394,3,2,1,2
664267482,6,3,3,2
664267484,9,5,4,4
664267492,5,2,3,2
664267511,4,2,2,2
664267512,2,1,1,1
664267524,3,1,2,1
664267534,2,1,1,1
664267554,7,4,3,1
664267593,2,2,0,2
664267641,1,0,1,1
664267642,7,5,2,2
664267651,5,2,3,1
664267661,4,3,1,1
664267672,1,1,0,1
664267673,2,1,1,1
664267674,6,2,4,2
664267681,8,4,4,3
664267682,6,3,3,3
664267691,6,4,2,2
664267694,11,8,3,2
664267751,3,2,1,1
664267754,1,0,1,1
664267761,4,3,1,1
664267774,6,2,4,2
664267782,27,13,14,6
664267783,3,1,2,1
664267784,8,4,4,3
664267861,2,1,1,1
664267871,6,3,3,2
664267873,6,2,4,3
664267874,179,86,93,69
664267881,38,20,18,13
664267911,9,4,5,2
664267914,1,1,0,1
664267932,2,1,1,1
664267934,1,1,0,1
664267954,14,7,7,4
664267962,8,3,5,3
664267963,88,42,46,32
664267964,271,130,141,108
664267971,296,144,152,138
664267972,220,99,121,105
664267973,374,166,208,187
664270842,2,1,1,1
664270922,4,2,2,2
664270941,10,7,3,6
664272034,2,1,1,1
664272042,4,1,3,1
664272043,8,6,2,2
664272044,3,1,2,1
664272131,4,3,1,1
664272141,8,4,4,5
664272142,1,1,0,1
664272143,34,18,16,14
664272144,24,13,11,12
664272232,1,1,0,1
664272234,4,2,2,2
664272333,4,2,2,1
664272342,4,3,1,1
664272343,2,1,1,1
664272344,5,2,3,2
664272434,2,1,1,1
664272441,9,4,5,3
664272521,5,3,2,1
664272522,12,5,7,3
664272624,3,2,1,1
664272713,8,4,4,2
664272731,4,2,2,1
664272743,7,4,3,3
664272901,11,5,6,4
664272904,3,2,1,2
664272914,2,1,1,1
664276114,3,2,1,1
664276764,4,2,2,1
664276773,2,1,1,1
664276793,10,4,6,4
664276794,2,0,2,2
664276861,7,4,3,1
664276872,2,1,1,1
664276874,1,1,0,1
664276883,4,2,2,1
664276893,4,1,3,3
664276894,3,2,1,2
664276982,5,2,3,1
664276992,6,3,3,2
664276993,1,1,0,1
664277011,2,1,1,1
664277013,3,2,1,1
664277022,2,1,1,1
664277051,2,1,1,1
664277061,92,40,52,39
664277062,523,215,308,226
664277063,449,206,243,232
664277064,300,145,155,151
664277071,82,35,47,44
664277113,5,2,3,1
664277122,1,0,1,1
664277124,1,0,1,1
664277134,2,2,0,1
664277152,79,45,34,29
664277153,16,8,8,7
664277154,4,3,1,2
664277161,226,116,110,110
664277162,55,26,29,26
664277163,25,10,15,16
664277214,2,1,1,1
664277222,6,2,4,1
664277224,8,6,2,2
664277231,5,2,3,1
664277242,9,6,3,3
664277244,31,12,19,11
664277251,120,67,53,59
664277252,15,0,15,15
664277253,263,135,128,122
664277321,2,1,1,1
664277331,2,1,1,2
664277332,2,0,2,2
664277341,2,0,2,2
664277351,1,1,0,1
664277432,2,0,2,2
664277443,2,0,2,2
664277523,4,2,2,1
664277622,2,1,1,1
664277623,4,2,2,1
664277701,2,1,1,1
664277702,7,4,3,4
664277704,2,1,1,1
664277802,6,2,4,1
664277803,131,61,70,55
664277804,37,18,19,13
664277901,50,23,27,32
664302052,29,14,15,14
664302054,9,2,7,5
664302061,257,124,133,128
664302062,195,90,105,91
664302063,78,35,43,48
664302064,232,112,120,96
664302071,247,93,154,100
664302072,9,6,3,3
664302073,250,110,140,121
664302074,19,12,7,12
664302171,74,32,42,37
664302172,13,4,9,8
664302174,10,4,6,4
664302272,5,2,3,2
664302281,15,8,7,5
664302282,2,1,1,1
664302284,8,3,5,6
664303024,2,1,1,1
664303033,2,1,1,1
664303034,2,1,1,1
664303041,4,2,2,2
664303042,7,3,4,2
664303044,18,7,11,7
664303053,4,2,2,3
664303103,10,7,3,2
664303104,5,2,3,2
664303112,15,5,10,4
664303113,6,4,2,1
664303121,6,3,3,2
664303122,4,2,2,1
664303123,2,1,1,1
664303124,2,1,1,1
664303131,4,2,2,2
664303132,47,22,25,22
664303141,22,9,13,10
664303142,14,6,8,6
664303144,9,5,4,2
664303151,4,1,3,3
664303152,4,1,3,1
664303154,4,1,3,3
664303252,3,1,2,1
664303261,2,1,1,1
664303271,12,5,7,2
664303272,3,2,1,2
664303273,8,4,4,3
664303274,2,1,1,2
664303281,6,4,2,3
664303382,6,3,3,1
664303384,4,3,1,2
664303393,4,2,2,2
664303394,12,4,8,6
664303451,2,2,0,1
664303454,3,2,1,1
664303464,1,1,0,1
664303482,6,2,4,3
664303491,10,3,7,4
664303494,10,5,5,3
664303531,4,2,2,1
664303534,5,3,2,1
664303561,2,1,1,1
664303571,2,1,1,1
664303591,4,2,2,1
664303592,16,7,9,7
664303594,30,15,15,12
664303633,2,1,1,1
664303641,2,1,1,1
664303643,8,5,3,1
664303651,9,5,4,2
664303731,5,4,1,2
664303734,4,2,2,2
664303742,8,4,4,2
664303744,2,0,2,1
664303774,4,2,2,2
664303782,6,2,4,2
664303832,2,1,1,1
664303841,1,1,0,1
664303842,3,2,1,1
664303844,6,3,3,2
664303853,12,6,6,4
664303854,5,3,2,4
664303862,24,11,13,10
664303891,5,2,3,2
664303892,11,7,4,4
664303894,8,4,4,2
664304012,9,2,7,2
664304014,11,5,6,5
664304021,7,3,4,4
664304022,27,11,16,10
664304023,6,4,2,2
664304024,6,3,3,1
664304031,3,2,1,1
664304111,2,1,1,1
664304112,3,2,1,2
664304114,3,2,1,3
664304121,4,3,1,1
664304122,3,2,1,1
664304123,6,3,3,3
664304124,3,2,1,2
664304131,3,2,1,1
664304202,4,1,3,1
664304203,4,2,2,2
664304204,17,9,8,8
664304211,12,5,7,6
664304212,1,1,0,1
664304213,1,1,0,1
664304214,15,10,5,6
664304221,3,2,1,1
664304302,54,24,30,21
664304304,117,52,65,52
664304311,1,0,1,1
664304312,7,4,3,3
664304313,66,28,38,25
664304314,10,5,5,4
664304321,13,7,6,6
664304322,6,4,2,2
664304323,5,3,2,2
664304324,5,3,2,2
664304364,4,3,1,1
664304401,2,1,1,1
664304402,19,10,9,8
664304403,2,1,1,1
664304404,32,13,19,16
664304411,148,73,75,57
664304412,56,30,26,22
664304413,299,144,155,117
664304414,384,181,203,164
664304421,47,21,26,23
664304422,6,4,2,4
664304423,585,288,297,224
664304424,9,5,4,4
664304432,8,4,4,2
664304433,15,10,5,2
664304453,3,1,2,1
664304471,7,5,2,2
664304473,6,3,3,1
664304501,38,17,21,14
664304502,94,38,56,39
664304503,392,177,215,172
664304504,599,262,337,267
664304511,130,64,66,56
664304512,252,124,128,114
664304513,201,95,106,84
664304514,313,150,163,135
664304521,639,300,339,251
664304522,24,11,13,13
664304523,784,362,422,328
664304524,256,124,132,98
664304531,7,5,2,4
664304533,42,18,24,17
664304572,3,2,1,1
664304583,2,1,1,1
664304601,120,55,65,54
664304602,772,371,401,336
664304604,139,52,87,66
664304611,341,152,189,151
664304612,433,189,244,198
664304613,353,169,184,157
664304614,762,354,408,387
664304621,438,209,229,179
664304622,775,365,410,302
664304623,577,310,267,373
664304624,208,94,114,99
664304631,421,211,210,163
664304632,318,308,10,16
664304633,162,80,82,73
664304634,10,2,8,2
664304684,6,2,4,2
664304702,4,2,2,1
664304711,70,30,40,35
664304712,347,165,182,173
664304713,7,4,3,2
664304714,381,197,184,175
664304721,655,299,356,308
664304722,95,48,47,49
664304723,617,281,336,309
664304724,552,277,275,231
664304731,12,8,4,6
664304732,2,0,2,2
664304733,5,3,2,2
664304782,2,1,1,1
664304784,2,1,1,1
664304793,3,2,1,2
664304803,5,3,2,1
664304811,3,2,1,1
664304812,72,36,36,38
664304813,6,3,3,3
664304814,16,8,8,6
664304821,743,331,412,241
664304822,507,262,245,212
664304823,284,135,149,137
664304824,115,57,58,54
664304831,24,14,10,9
664304901,66,50,16,13
664304902,3,1,2,2
664304903,13,11,2,5
664304911,19,9,10,7
664304912,394,188,206,190
664304913,7,3,4,1
664304914,47,20,27,21
664304921,146,77,69,67
664304922,141,71,70,55
664304923,9,5,4,5
664305061,6,3,3,2
664305081,13,7,6,2
664305083,2,1,1,1
664305084,3,2,1,1
664305091,14,7,7,4
664305092,2,1,1,1
664305093,3,1,2,1
664305182,2,1,1,1
664305184,11,5,6,3
664305191,6,4,2,2
664305192,3,1,2,1
664305193,5,2,3,3
664305262,2,1,1,1
664305264,2,1,1,1
664305291,2,0,2,2
664305292,5,3,2,2
664305362,4,2,2,1
664305372,8,4,4,2
664305373,5,2,3,2
664305374,4,2,2,1
664305391,2,1,1,1
664305401,4,2,2,2
664305404,2,1,1,1
664305464,1,0,1,1
664305481,9,5,4,3
664305482,4,2,2,1
664305483,5,3,2,2
664305484,6,3,3,1
664305492,1,1,0,1
664305493,2,1,1,1
664305513,2,1,1,1
664305514,3,1,2,1
664305521,3,2,1,1
664305564,8,4,4,2
664305571,1,1,0,1
664305572,5,2,3,1
664305574,2,1,1,1
664305582,4,2,2,1
664305584,4,2,2,2
664305591,3,1,2,1
664305594,2,1,1,1
664305612,6,3,3,1
664305614,4,2,2,1
664305671,8,4,4,2
664305672,2,1,1,1
664305683,6,3,3,2
664305692,3,2,1,2
664305694,8,2,6,3
664305703,3,1,2,2
664305781,6,2,4,2
664305791,5,2,3,2
664305792,1,1,0,1
664305793,1,0,1,1
664305801,4,2,2,2
664305803,4,1,3,1
664305821,4,2,2,2
664305823,12,6,6,5
664305864,4,2,2,1
664305873,4,2,2,2
664305881,15,8,7,4
664305884,2,1,1,1
664305892,1,0,1,1
664305894,1,1,0,1
664305902,8,6,2,1
664305904,2,1,1,1
664305913,2,1,1,1
664305921,5,2,3,3
664305924,2,1,1,1
664305981,2,1,1,1
664305984,5,2,3,2
664306001,79,41,38,43
664306002,6,3,3,2
664306004,5,2,3,3
664306011,5,2,3,1
664306013,7,3,4,3
664306101,1,1,0,1
664306102,10,6,4,5
664306103,8,5,3,6
664306104,10,4,6,4
664306111,158,77,81,68
664306112,148,68,80,63
664306113,282,132,150,117
664306114,531,232,299,212
664306123,163,60,103,53
664306131,5,3,2,2
664306132,7,3,4,2
664306133,16,5,11,9
664306134,10,6,4,4
664306142,2,1,1,1
664306144,4,2,2,2
664306154,2,1,1,1
664306201,1,0,1,1
664306202,53,27,26,21
664306203,8,4,4,3
664306204,13,5,8,5
664306211,532,251,281,222
664306212,326,157,169,155
664306213,116,61,55,51
664306214,137,64,73,53
664306221,298,151,147,122
664306222,50,26,24,27
664306223,23,13,10,11
664306224,1,1,0,1
664306231,11,4,7,5
664306234,1,1,0,1
664306243,2,1,1,1
664306251,8,4,4,4
664306252,7,3,4,3
664306253,3,1,2,1
664306254,6,3,3,2
664306301,4,3,1,1
664306304,1,1,0,1
664306311,43,24,19,16
664306312,1,0,1,1
664306313,7,5,2,3
664306314,6,3,3,3
664306323,6,2,4,1
664306352,3,1,2,1
664306361,7,3,4,4
664306362,5,3,2,3
664306374,20,10,10,6
664306383,20,9,11,7
664306384,4,2,2,2
664306393,8,5,3,3
664306402,3,1,2,1
664306404,3,1,2,1
664306411,2,1,1,1
664306412,5,2,3,2
664306414,5,3,2,2
664306423,7,4,3,3
664306453,2,1,1,1
664306482,1,1,0,1
664306492,31,13,18,8
664306493,5,2,3,2
664306494,4,2,2,2
664306502,5,3,2,2
664306503,5,3,2,2
664306504,4,2,2,1
664306512,3,2,1,1
664306603,6,4,2,2
664306604,2,1,1,1
664306622,2,1,1,1
664306624,7,4,3,2
664306702,1,0,1,1
664306703,8,5,3,3
664306724,2,1,1,1
664306731,6,3,3,2
664306733,8,4,4,4
664306734,5,3,2,1
664306801,3,2,1,2
664306821,2,1,1,1
664306822,7,4,3,1
664306831,22,10,12,6
664306832,4,3,1,2
664306833,3,2,1,2
664306902,2,1,1,1
664306904,14,6,8,5
664306921,1,0,1,1
664306931,8,5,3,3
664306932,3,2,1,2
664306933,1,1,0,1
664306934,8,4,4,3
664306941,1,1,0,1
664307193,4,1,3,1
664307214,4,3,1,1
664307293,18,11,7,5
664307303,6,3,3,2
664307312,6,3,3,1
664307313,2,1,1,1
664307323,2,1,1,1
664307324,3,2,1,1
664307401,1,1,0,1
664307403,2,1,1,1
664307411,2,1,1,1
664307412,2,1,1,1
664307413,8,3,5,2
664307414,2,1,1,1
664307422,7,3,4,1
664307423,8,5,3,1
664307424,12,5,7,3
664307434,2,2,0,1
664307502,17,9,8,4
664307511,5,2,3,2
664307512,13,5,8,2
664307514,4,2,2,2
664307521,1,0,1,1
664307522,4,2,2,2
664307523,2,1,1,1
664307524,18,8,10,9
664307533,13,7,6,4
664307621,4,2,2,2
664307631,4,2,2,2
664307632,5,2,3,2
664307633,5,3,2,2
664307634,3,1,2,2
664307732,3,1,2,2
664307744,3,1,2,1
664307792,8,3,5,2
664307842,6,4,2,3
664307853,3,1,2,1
664307854,4,2,2,1
664307863,6,2,4,2
664307872,7,3,4,2
664307881,7,4,3,2
664307884,5,3,2,2
664307891,6,3,3,2
664307892,8,4,4,2
664307893,1,1,0,1
664307923,4,2,2,2
664307932,2,1,1,1
664307934,2,1,1,2
664307941,4,2,2,1
664307942,4,2,2,2
664307944,82,38,44,25
664307951,10,4,6,4
664307953,159,74,85,68
664307954,103,46,57,46
664307961,1,0,1,1
664307962,1,0,1,1
664307964,1,0,1,1
664307982,2,1,1,1
664307983,4,2,2,2
664307994,5,2,3,2
664310103,3,1,2,1
664310201,8,4,4,1
664310204,12,6,6,3
664310302,2,1,1,1
664310304,31,14,17,15
664310402,8,5,3,2
664310403,2,1,1,1
664310404,3,1,2,1
664310502,3,1,2,2
664310504,7,3,4,2
664310574,2,1,1,1
664310613,6,3,3,2
664310714,2,1,1,1
664310754,1,0,1,1
664310812,11,5,6,4
664310814,2,1,1,1
664310822,2,1,1,1
664310831,3,2,1,1
664310853,6,3,3,2
664310893,2,1,1,1
664310912,3,2,1,1
664310922,5,2,3,1
664310923,9,4,5,2
664310924,9,4,5,2
664310932,2,2,0,1
664310951,2,1,1,1
664310954,1,0,1,1
664310993,3,2,1,1
664311244,2,1,1,1
664311342,2,1,1,1
664311451,4,2,2,1
664311554,2,1,1,1
664311563,2,1,1,2
664311652,2,1,1,1
664311654,2,1,1,1
664311661,2,1,1,1
664311754,3,1,2,1
664311852,4,2,2,1
664311952,2,1,1,1
664313254,9,3,6,2
664313294,7,3,4,1
664313373,3,2,1,2
664313381,2,0,2,2
664313463,9,3,6,2
664313464,5,3,2,3
664313562,7,3,4,1
664313684,2,1,1,1
664313693,6,3,3,1
664313781,5,3,2,2
664313792,1,1,0,1
664313871,3,2,1,1
664314001,4,1,3,1
664314002,5,2,3,1
664314003,1,1,0,1
664314011,15,8,7,5
664314012,3,2,1,1
664314013,6,4,2,2
664314014,4,2,2,2
664314021,9,6,3,8
664314022,5,3,2,2
664314024,5,3,2,1
664314102,2,1,1,1
664314112,4,3,1,2
664314121,19,9,10,9
664314122,47,23,24,20
664314123,9,5,4,4
664314124,220,112,108,93
664314133,8,4,4,4
664314212,1,0,1,1
664314221,4,2,2,2
664314222,25,13,12,8
664314224,4,2,2,1
664314231,15,6,9,4
664314331,6,4,2,1
664314334,8,4,4,3
664314343,10,4,6,3
664314432,5,1,4,1
664314441,6,3,3,4
664314442,15,8,7,5
664314443,19,9,10,5
664314444,21,10,11,9
664314451,8,4,4,2
664314453,7,3,4,2
664314503,4,2,2,2
664314504,2,1,1,1
664314514,3,1,2,1
664314541,5,3,2,2
664314542,5,2,3,2
664314544,5,2,3,2
664314554,17,8,9,7
664314601,10,5,5,4
664314602,5,1,4,1
664314603,4,3,1,2
664314604,35,18,17,11
664314613,2,1,1,1
664314623,7,4,3,2
664314644,53,23,30,15
664314651,35,16,19,12
664314652,92,42,50,28
664314653,38,18,20,13
664314654,16,5,11,6
664314703,5,2,3,2
664314711,22,8,14,6
664314712,4,1,3,1
664314721,8,4,4,3
664314742,19,9,10,9
664314743,2,1,1,1
664314744,3,2,1,2
664314751,75,36,39,30
664314752,45,24,21,18
664314753,154,73,81,79
664314754,243,115,128,113
664314763,10,3,7,4
664314801,4,2,2,1
664314802,3,2,1,1
664314803,4,2,2,1
664314824,2,1,1,1
664314833,8,5,3,2
664314842,5,2,3,4
664314851,14,7,7,4
664314852,280,126,154,127
664314853,7,3,4,2
664314854,119,46,73,43
664314861,103,38,65,21
664314863,108,52,56,46
664314931,11,6,5,3
664314932,2,1,1,1
664314942,10,4,6,2
664314951,18,9,9,3
664314952,8,4,4,3
664314954,8,5,3,2
664314961,14,8,6,7
664314963,33,13,20,12
664314964,3,2,1,1
664315011,3,2,1,2
664315014,5,2,3,2
664315023,5,1,4,2
664315024,2,1,1,2
664315053,2,1,1,1
664315074,4,1,3,2
664315081,4,2,2,1
664315083,11,5,6,4
664315084,2,0,2,1
664315094,4,2,2,1
664315121,1,1,0,1
664315122,13,7,6,7
664315124,24,14,10,13
664315133,2,1,1,1
664315163,6,4,2,2
664315181,6,4,2,1
664315183,2,1,1,1
664315193,2,1,1,1
664315222,7,4,3,2
664315252,4,2,2,1
664315261,1,1,0,1
664315272,15,8,7,9
664315281,53,24,29,31
664315283,2,0,2,2
664315321,9,5,4,2
664315364,26,13,13,6
664315371,22,11,11,7
664315372,3,2,1,1
664315374,7,3,4,2
664315421,3,2,1,2
664315424,9,3,6,2
664315472,5,3,2,1
664315522,1,1,0,1
664315534,6,4,2,2
664315633,9,5,4,2
664315651,5,3,2,1
664315654,10,5,5,3
664315664,5,1,4,2
664315704,21,12,9,7
664315722,2,1,1,1
664315731,6,4,2,2
664315734,8,4,4,2
664315741,10,4,6,4
664315743,4,1,3,2
664315744,1,1,0,1
664315753,22,9,13,9
664315763,36,18,18,10
664315764,20,11,9,3
664315822,8,2,6,3
664315833,1,1,0,1
664315834,4,2,2,3
664315841,1,0,1,1
664315842,50,26,24,19
664315843,1,0,1,1
664315844,13,6,7,5
664315851,182,81,101,79
664315853,53,29,24,25
664315854,10,5,5,3
664315863,4,1,3,3
664315933,14,6,8,3
664315934,4,1,3,1
664316002,3,1,2,2
664316021,13,9,4,3
664316041,20,8,12,5
664316043,12,4,8,3
664316044,37,22,15,13
664316053,2,1,1,1
664316084,13,4,9,9
664316092,6,4,2,3
664316101,2,1,1,1
664316103,17,8,9,6
664316104,110,56,54,33
664316111,5,2,3,1
664316113,42,18,24,19
664316121,8,4,4,2
664316124,9,2,7,3
664316132,6,3,3,2
664316141,89,37,52,41
664316142,51,22,29,21
664316144,56,28,28,34
664316153,7,1,6,6
664316182,16,0,16,16
664316184,8,0,8,8
664316191,5,2,3,2
664316201,15,0,15,15
664316203,2,0,2,2
664316281,16,0,16,16
664316301,1,0,1,1
664317003,6,3,3,3
664317004,9,5,4,4
664317012,1,0,1,1
664317014,5,3,2,3
664317021,3,2,1,1
664317023,4,2,2,1
664317024,10,5,5,4
664317031,2,1,1,1
664317032,2,1,1,1
664317034,4,2,2,1
664317041,7,3,4,2
664317042,59,26,33,19
664317052,3,1,2,3
664317061,1,1,0,1
664317074,5,1,4,1
664317084,3,2,1,1
664317093,10,5,5,2
664317102,5,2,3,2
664317104,2,1,1,1
664317111,9,5,4,4
664317112,22,10,12,4
664317114,12,6,6,5
664317121,2,1,1,1
664317182,3,2,1,1
664317183,2,1,1,1
664317192,2,1,1,1
664317193,1,1,0,1
664317271,15,8,7,3
664317272,4,3,1,1
664317281,1,1,0,1
664317282,2,1,1,1
664317283,3,2,1,1
664317382,4,2,2,1
664317383,12,8,4,3
664317484,11,4,7,3
664317491,4,2,2,2
664317492,17,8,9,3
664317493,8,5,3,1
664317494,6,4,2,2
664317572,158,81,77,67
664317574,89,47,42,26
664317593,3,1,2,1
664317594,33,17,16,15
664320021,4,3,1,3
664320022,9,3,6,3
664320024,1,1,0,1
664320031,2,1,1,1
664320033,8,5,3,2
664320131,5,3,2,2
664320132,5,2,3,3
664320133,5,4,1,1
664320134,9,5,4,2
664320151,3,2,1,2
664320153,8,6,2,4
664320154,8,3,5,2
664320161,2,1,1,1
664320232,2,1,1,1
664320252,2,1,1,1
664320254,26,13,13,14
664320261,36,15,21,17
664320262,40,19,21,15
664320263,259,115,144,133
664320264,249,116,133,116
664320273,3,1,2,1
664320284,73,32,41,45
664320293,79,33,46,40
664320294,1,0,1,1
664320313,1,1,0,1
664320324,5,3,2,1
664320333,2,1,1,1
664320334,2,1,1,1
664320341,4,2,2,2
664320342,2,2,0,2
664320343,5,3,2,2
664320344,148,63,85,77
664320351,314,159,155,165
664320352,140,71,69,66
664320353,149,65,84,62
664320354,52,27,25,23
664320361,271,127,144,130
664320362,199,98,101,88
664320363,2,1,1,1
664320364,10,5,5,7
664320371,4,2,2,2
664320372,20,8,12,7
664320373,15,10,5,13
664320374,28,12,16,11
664320381,192,95,97,66
664320382,72,32,40,41
664320383,106,34,72,15
664320384,13,6,7,4
664320391,99,46,53,56
664320411,2,1,1,1
664320412,3,2,1,1
664320423,4,2,2,2
664320431,3,1,2,1
664320432,1,1,0,1
664320442,1,0,1,1
664320501,2,1,1,1
664320502,2,1,1,1
664320511,11,5,6,4
664320512,1,0,1,1
664321163,7,3,4,1
664321204,14,7,7,3
664321213,3,2,1,1
664321224,2,1,1,1
664321301,8,5,3,2
664321302,7,3,4,1
664321314,4,2,2,2
664321322,2,1,1,1
664321331,5,3,2,2
664321332,2,1,1,1
664321371,7,3,4,3
664321402,18,9,9,4
664321413,5,3,2,2
664321423,9,6,3,4
664321424,5,3,2,2
664321433,11,5,6,4
664321441,1,1,0,1
664321472,7,5,2,2
664321474,8,4,4,1
664321522,7,5,2,2
664321531,7,4,3,2
664321541,5,3,2,3
664321563,2,1,1,1
664321572,4,3,1,2
664321573,3,1,2,1
664321581,7,3,4,1
664321584,3,1,2,1
664321612,1,1,0,1
664321682,11,5,6,3
664321791,2,1,1,1
664321794,1,1,0,1
664321892,2,1,1,1
664321994,91,50,41,2
664322471,4,2,2,2
664322473,3,2,1,1
664322573,2,1,1,1
664322794,5,4,1,2
664322801,11,4,7,3
664322803,10,5,5,4
664322804,72,35,37,30
664322813,10,5,5,2
664322873,2,1,1,1
664322891,2,1,1,1
664322901,25,10,15,12
664322902,339,159,180,160
664322903,6,3,3,2
664322904,116,54,62,59
664322911,57,26,31,28
664322913,24,11,13,13
664322972,6,4,2,2
664322981,11,4,7,2
664322984,5,1,4,1
664323372,10,7,3,2
664323383,1,0,1,1
664323482,4,1,3,1
664323593,4,2,2,2
664323594,3,1,2,1
664323681,6,4,2,2
664323692,3,1,2,2
664323694,4,2,2,2
664323781,5,2,3,2
664323784,3,1,2,1
664323791,4,2,2,1
664323792,3,2,1,1
664323822,9,2,7,2
664323823,2,2,0,1
664323883,7,2,5,1
664323884,12,7,5,3
664323891,2,1,1,1
664323894,1,1,0,1
664323971,5,2,3,2
664323991,3,2,1,2
664323993,4,2,2,1
664323994,7,5,2,2
664324051,12,7,5,3
664324052,12,6,6,6
664324062,11,4,7,5
664324063,9,5,4,4
664324064,71,34,37,26
664324073,3,1,2,2
664324142,6,2,4,3
664324144,6,3,3,2
664324161,16,7,9,4
664324162,188,92,96,73
664324164,111,45,66,53
664324171,133,61,72,62
664324173,282,136,146,120
664324174,189,85,104,84
664324183,8,5,3,3
664324193,9,5,4,2
664324262,11,5,6,4
664324264,11,4,7,5
664324271,362,173,189,173
664324272,226,105,121,93
664324273,341,153,188,165
664324274,490,243,247,210
664324281,39,18,21,20
664324282,3,2,1,2
664324283,49,22,27,21
664324284,5,3,2,1
664324291,1,0,1,1
664324292,2,1,1,1
664324293,8,5,3,2
664324294,6,3,3,2
664324351,3,1,2,1
664324352,14,7,7,3
664324353,3,1,2,1
664324371,204,82,122,95
664324372,156,65,91,71
664324374,10,4,6,4
664324381,47,23,24,14
664324382,24,13,11,9
664324383,36,19,17,13
664324393,2,1,1,1
664324394,8,4,4,4
664324433,3,2,1,1
664324451,7,3,4,2
664324454,11,5,6,2
664324462,32,14,18,8
664324474,3,1,2,1
664324481,16,6,10,7
664324483,26,14,12,13
664324484,17,7,10,10
664324491,14,6,8,4
664324493,4,2,2,1
664324494,6,2,4,2
664324514,11,4,7,2
664324522,4,2,2,1
664324524,4,2,2,1
664324532,7,4,3,3
664324534,6,3,3,1
664324561,2,0,2,1
664324562,3,2,1,1
664324564,3,1,2,1
664324572,3,1,2,1
664324573,15,5,10,4
664324581,24,14,10,10
664324582,173,84,89,75
664324583,12,5,7,7
664324584,72,38,34,32
664324591,2,1,1,1
664324592,2,1,1,1
664324593,7,3,4,4
664324594,38,23,15,10
664324603,2,1,1,1
664324604,7,4,3,2
664324611,6,3,3,1
664324612,7,5,2,2
664324624,11,7,4,4
664324632,5,3,2,1
664324633,5,2,3,1
664324652,4,2,2,1
664324661,6,3,3,1
664324662,34,16,18,9
664324663,12,4,8,3
664324664,5,2,3,2
664324671,10,4,6,2
664324672,3,2,1,2
664324673,15,10,5,3
664324681,15,6,9,4
664324682,221,108,113,89
664324683,4,2,2,1
664324684,100,42,58,58
664324691,302,152,150,128
664324692,148,54,94,34
664324693,404,207,197,186
664324694,107,49,58,51
664324701,3,2,1,1
664324702,4,2,2,2
664324704,7,3,4,2
664324711,10,5,5,3
664324712,5,3,2,2
664324713,2,1,1,1
664324714,6,3,3,1
664324722,2,1,1,1
664324724,2,1,1,1
664324733,8,5,3,4
664324734,3,1,2,1
664324741,2,1,1,1
664324742,5,2,3,2
664324744,4,2,2,2
664324752,7,4,3,3
664324754,2,1,1,1
664324761,4,1,3,1
664324762,3,2,1,1
664324763,7,3,4,3
664324771,3,2,1,1
664324782,18,8,10,6
664324791,396,175,221,177
664324792,296,131,165,110
664324793,57,26,31,14
664324794,41,11,30,26
664324801,2,1,1,1
664324802,7,3,4,1
664324811,19,7,12,10
664324812,6,4,2,4
664324813,23,11,12,11
664324814,2,2,0,1
664324822,10,4,6,2
664324823,13,5,8,5
664324852,2,1,1,1
664324861,7,3,4,3
664324862,1,1,0,1
664324921,3,2,1,1
664325023,4,2,2,2
664325033,5,3,2,2
664325114,8,4,4,1
664325122,5,2,3,1
664325123,5,2,3,1
664325201,1,1,0,1
664325202,2,1,1,1
664325203,3,1,2,2
664325204,1,0,1,1
664325211,7,3,4,4
664325212,13,6,7,2
664325213,1,1,0,1
664325214,3,1,2,2
664325233,23,11,12,5
664325283,44,24,20,8
664325284,59,28,31,17
664325293,122,64,58,35
664325294,50,21,29,13
664325301,6,2,4,1
664325302,10,5,5,3
664325303,11,5,6,3
664325304,14,6,8,3
664325311,7,5,2,1
664325312,4,2,2,2
664325313,4,3,1,1
664325314,4,3,1,2
664325322,4,3,1,1
664325323,11,4,7,3
664325324,11,6,5,4
664325332,36,18,18,9
664325333,5,3,2,1
664325371,6,4,2,2
664325372,130,63,67,26
664325401,11,6,5,5
664325402,14,8,6,5
664325403,16,9,7,4
664325404,2,2,0,1
664325411,17,9,8,3
664325412,3,1,2,1
664325433,5,3,2,2
664325441,16,8,8,3
664325444,12,7,5,5
664325511,13,5,8,2
664325601,1,0,1,1
664325603,3,1,2,1
664326202,59,32,27,14
664326203,50,22,28,11
664326204,11,6,5,3
664326211,1,0,1,1
664331092,3,1,2,2
664331754,2,1,1,1
664331771,6,4,2,2
664331774,2,1,1,1
664331872,7,4,3,2
664331994,3,2,1,1
664332002,4,3,1,1
664332003,1,0,1,1
664332004,4,1,3,1
664332012,8,4,4,2
664332013,4,3,1,1
664332081,3,1,2,1
664332084,3,1,2,2
664332091,3,2,1,2
664332093,5,3,2,1
664332111,2,1,1,1
664332112,5,3,2,2
664332114,1,0,1,1
664332123,15,7,8,5
664332191,4,2,2,1
664332193,5,2,3,1
664332221,14,6,8,3
664332222,11,7,4,4
664332224,2,1,1,1
664332282,10,6,4,3
664332284,5,3,2,2
664332291,2,1,1,1
664332293,3,1,2,1
664332322,2,1,1,1
664332331,3,2,1,1
664332333,3,1,2,1
664332431,14,7,7,5
664332433,1,0,1,1
664332481,7,3,4,1
664332482,2,1,1,1
664332531,21,11,10,4
664332533,3,0,3,1
664332582,3,1,2,1
664332584,5,2,3,2
664332624,6,3,3,2
664332631,11,5,6,4
664332632,5,3,2,1
664332633,12,6,6,5
664332681,3,2,1,1
664332684,5,1,4,4
664332722,2,1,1,1
664332731,6,3,3,3
664332733,2,1,1,1
664332734,1,0,1,1
664332791,4,2,2,3
664332792,4,2,2,2
664332794,5,2,3,3
664332831,8,5,3,2
664332833,6,4,2,2
664332862,2,1,1,1
664332863,7,3,4,3
664332864,2,0,2,2
664332882,3,1,2,2
664332883,1,1,0,1
664332891,3,1,2,1
664332892,94,44,50,42
664332893,2,1,1,1
664332894,32,15,17,14
664332962,6,2,4,2
664332964,52,28,24,23
664332971,12,4,8,5
664332972,17,10,7,9
664332973,118,56,62,49
664332974,210,104,106,96
664332981,33,16,17,15
664332983,128,60,68,49
664332984,227,104,123,87
664332992,2,1,1,1
664332993,218,103,115,90
664332994,34,20,14,11
664333062,10,5,5,4
664333081,4,2,2,2
664333092,3,1,2,2
664333181,4,2,2,1
664333234,8,3,5,2
664333244,16,7,9,4
664333252,6,3,3,2
664333254,1,1,0,1
664333262,7,3,4,2
664333263,17,5,12,6
664333272,2,1,1,1
664333283,10,4,6,4
664333332,8,5,3,2
664333334,6,2,4,2
664333341,3,1,2,1
664333344,2,0,2,2
664333352,3,2,1,1
664333354,10,6,4,8
664333361,74,36,38,27
664333422,8,4,4,2
664333423,2,1,1,1
664333424,5,3,2,1
664333431,2,1,1,1
664333441,10,4,6,2
664333444,2,1,1,1
664333452,14,7,7,4
664333453,4,2,2,1
664333461,4,1,3,1
664333512,6,3,3,2
664333523,3,1,2,1
664333533,4,3,1,1
664333534,2,1,1,1
664333542,7,4,3,1
664333602,10,5,5,3
664333603,6,3,3,3
664333604,1,1,0,1
664333611,1,0,1,1
664333612,2,1,1,2
664333613,1,1,0,1
664333631,7,3,4,1
664333701,4,2,2,1
664333801,35,15,20,20
664333802,17,8,9,6
664333803,44,23,21,23
664333804,3,1,2,1
664340103,3,2,1,1
664340104,2,1,1,1
664340204,2,1,1,1
664340432,5,2,3,1
664340443,3,1,2,1
664340663,1,1,0,1
664340723,2,1,1,1
664340724,3,2,1,1
664340831,5,3,2,2
664340832,7,5,2,2
664340834,4,2,2,1
664340843,3,1,2,1
664340844,2,1,1,1
664340853,8,5,3,2
664340873,5,3,2,1
664340891,5,1,4,1
664340894,5,2,3,1
664340912,14,9,5,2
664340914,5,2,3,1
664340923,10,3,7,4
664340961,2,1,1,1
664340971,1,1,0,1
664340974,1,1,0,1
664341092,4,2,2,2
664341211,5,3,2,1
664341354,2,1,1,1
664341461,8,5,3,2
664341504,2,1,1,1
664341592,2,1,1,1
664341594,5,3,2,1
664341602,2,0,2,2
664341664,2,1,1,1
664341684,11,5,6,2
664341691,13,8,5,3
664341711,5,2,3,1
664341762,1,1,0,1
664341764,6,3,3,2
664341792,3,2,1,1
664341812,3,1,2,1
664341823,2,1,1,1
664341842,4,2,2,1
664341864,4,2,2,2
664341892,2,1,1,1
664341893,6,4,2,1
664341921,5,2,3,1
664341971,2,1,1,1
664341974,3,2,1,1
664341992,3,2,1,1
664341993,6,3,3,2
664342022,7,2,5,3
664342024,7,2,5,2
664342062,61,33,28,25
664342064,14,7,7,3
664342071,612,270,342,304
664342072,389,197,192,169
664342073,801,357,444,275
664342074,810,375,435,394
664342081,309,151,158,123
664342082,172,92,80,82
664342083,1057,483,574,480
664342084,507,262,245,236
664342091,126,60,66,57
664342114,4,2,2,1
664342122,8,4,4,1
664342162,2,1,1,1
664342171,519,244,275,243
664342172,774,355,419,394
664342173,414,166,248,214
664342174,973,453,520,489
664342181,738,348,390,394
664342182,181,92,89,89
664342183,813,345,468,446
664342184,144,72,72,74
664342221,4,2,2,1
664342224,13,7,6,5
664342263,15,10,5,6
664342264,289,146,143,120
664342271,760,349,411,386
664342272,798,332,466,336
664342273,399,186,213,187
664342274,319,154,165,147
664342281,493,201,292,253
664342282,44,24,20,25
664342283,505,218,287,215
664342284,406,171,235,181
664342293,3,0,3,3
664342321,3,1,2,2
664342324,13,7,6,3
664342331,15,8,7,7
664342332,7,4,3,4
664342334,5,2,3,2
664342343,3,2,1,2
664342344,7,4,3,3
664342351,4,3,1,2
664342353,4,2,2,2
664342354,1,0,1,1
664342362,429,220,209,214
664342363,266,149,117,83
664342364,826,396,430,349
664342371,866,428,438,425
664342372,540,244,296,266
664342373,887,433,454,378
664342374,846,364,482,408
664342381,582,264,318,292
664342382,20,6,14,12
664342383,151,71,80,74
664342431,2,1,1,1
664342432,3,2,1,1
664342433,1,0,1,1
664342441,60,27,33,32
664342442,155,79,76,61
664342443,2,1,1,1
664342444,247,116,131,112
664342451,63,34,29,25
664342452,172,83,89,69
664342453,318,154,164,155
664342454,40,15,25,18
664342461,343,175,168,149
664342462,156,82,74,67
664342463,29,13,16,13
664342464,12,7,5,6
664342471,590,305,285,277
664342472,394,171,223,185
664342473,61,15,46,42
664342474,7,3,4,5
664342481,4,3,1,2
664342533,3,1,2,1
664342534,12,6,6,4
664342541,2,2,0,1
664342542,20,11,9,8
664342543,4,3,1,3
664342551,84,36,48,40
664342552,13,0,13,13
664342561,6,4,2,4
664342622,1,1,0,1
664342631,2,1,1,1
664342632,6,4,2,1
664350003,2,1,1,1
664350021,4,2,2,2
664350023,40,20,20,17
664350083,21,12,9,8
664350093,5,3,2,2
664350102,5,4,1,1
664350103,5,2,3,2
664350121,20,6,14,12
664350182,14,6,8,5
664350193,4,3,1,2
664350202,1,0,1,1
664350211,2,0,2,2
664350222,1,0,1,1
664350281,3,1,2,1
664350292,10,4,6,2
664350313,2,2,0,2
664350314,1,0,1,1
664350342,7,3,4,2
664350351,9,4,5,2
664350352,10,5,5,3
664350354,1,1,0,1
664350364,1,1,0,1
664350464,5,3,2,2
664350471,16,8,8,6
664350473,5,3,2,3
664350474,19,10,9,9
664350483,3,2,1,2
664350564,1,1,0,1
664350572,2,1,1,1
664350582,5,2,3,2
664350583,16,8,8,6
664350584,99,53,46,40
664350591,1,0,1,1
664350593,187,94,93,94
664350594,7,3,4,3
664350681,4,3,1,2
664350682,12,8,4,4
664350683,5,3,2,3
664350684,13,6,7,4
664350691,421,202,219,198
664350692,566,259,307,256
664350693,250,124,126,106
664350694,413,197,216,190
664350761,4,2,2,1
664350781,1,1,0,1
664350791,6,4,2,4
664350792,28,15,13,12
664350793,5,2,3,3
664350852,5,3,2,1
664350854,2,1,1,1
664350874,5,2,3,2
664350891,5,2,3,2
664350911,2,2,0,1
664350931,5,3,2,1
664350933,5,3,2,2
664350934,3,2,1,1
664350952,1,1,0,1
664350953,1,1,0,1
664350973,3,2,1,1
664351021,2,1,1,1
664351022,2,1,1,1
664351023,3,1,2,1
664351071,4,2,2,1
664351072,7,3,4,2
664351081,6,4,2,1
664351083,6,3,3,1
664351121,15,5,10,3
664351124,12,6,6,4
664351143,1,0,1,1
664351154,4,3,1,1
664351172,2,1,1,1
664351173,34,15,19,9
664351174,161,79,82,66
664351181,93,48,45,34
664351183,159,78,81,67
664351203,1,1,0,1
664351222,3,2,1,2
664351224,4,2,2,2
664351244,1,1,0,1
664351263,2,1,1,1
664351264,2,1,1,1
664351271,43,23,20,16
664351272,174,79,95,62
664351274,83,39,44,35
664351281,293,106,187,145
664351283,6,3,3,2
664351302,2,2,0,2
664351304,1,0,1,1
664351313,4,3,1,1
664351331,6,3,3,2
664351333,12,7,5,3
664351343,1,0,1,1
664351352,1,0,1,1
664351353,1,0,1,1
664351411,1,1,0,1
664351502,2,1,1,1
664351503,40,15,25,19
664351504,5,3,2,2
664351512,2,1,1,1
664351514,6,3,3,4
664351523,6,3,3,1
664351531,4,2,2,2
664351532,5,4,1,2
664351601,294,156,138,142
664351602,98,54,44,51
664351603,44,17,27,20
664351611,91,48,43,37
664351701,72,37,35,28
664351711,6,2,4,2
664360003,1,0,1,1
664360051,3,2,1,1
664360052,10,3,7,3
664360102,10,6,4,3
664360121,2,1,1,1
664360144,7,3,4,4
664360151,8,4,4,4
664360153,14,8,6,7
664360202,4,1,3,1
664360204,3,2,1,2
664360234,3,2,1,1
664360241,7,4,3,6
664360242,248,114,134,91
664360244,10,10,0,10
664360251,47,29,18,25
664360302,1,1,0,1
664360304,1,1,0,1
664360331,5,3,2,1
664360332,54,26,28,23
664360333,24,12,12,8
664360334,17,8,9,5
664360402,1,1,0,1
664360403,1,1,0,1
664360414,3,3,0,3
664360502,1,1,0,1
664360503,1,1,0,1
664360504,1,1,0,1
664360511,3,0,3,3
664400071,19,9,10,5
664400073,6,3,3,1
664400082,8,1,7,1
664400083,9,5,4,3
664400084,5,4,1,4
664400092,3,1,2,1
664400093,11,4,7,5
664400094,3,1,2,1
664400162,3,1,2,2
664400171,4,2,2,2
664400181,6,3,3,3
664400182,120,56,64,50
664400183,3,2,1,1
664400184,61,30,31,24
664400191,208,99,109,74
664400192,76,40,36,29
664400193,6,3,3,3
664400203,4,2,2,1
664400271,4,2,2,1
664400272,13,5,8,3
664400274,1,1,0,1
664400281,9,6,3,3
664400282,8,4,4,3
664400301,5,1,4,1
664400313,12,5,7,4
664400342,5,2,3,2
664400343,3,2,1,1
664400344,2,1,1,1
664400354,2,1,1,1
664400362,3,2,1,2
664400371,12,5,7,3
664400372,14,9,5,5
664400423,15,9,6,5
664400472,2,1,1,1
664400474,12,5,7,6
664400513,3,1,2,1
664400514,6,3,3,3
664400563,4,2,2,1
664400571,3,2,1,1
664400572,5,4,1,1
664400574,9,4,5,4
664400604,8,6,2,2
664400611,3,2,1,1
664400612,19,9,10,5
664400613,2,1,1,1
664400614,2,0,2,1
664400623,3,2,1,1
664400672,2,1,1,1
664400683,3,2,1,1
664400701,10,6,4,3
664400703,6,4,2,2
664400704,2,1,1,1
664400712,18,10,8,4
664400713,6,4,2,2
664400714,5,2,3,1
664400721,16,8,8,5
664400723,27,13,14,10
664400724,5,2,3,2
664400772,3,1,2,1
664400781,5,3,2,2
664400802,5,2,3,2
664400804,4,1,3,1
664400811,8,4,4,3
664400813,16,9,7,3
664400814,7,4,3,3
664400821,2,1,1,1
664400822,5,2,3,3
664400823,2,1,1,1
664400824,11,4,7,5
664400882,10,7,3,3
664400883,10,6,4,2
664400901,4,2,2,1
664400923,17,7,10,4
664400924,6,4,2,1
664400932,7,4,3,2
664400934,12,4,8,3
664400982,4,2,2,2
664400983,12,3,9,2
664400984,14,6,8,2
664401001,7,4,3,2
664401003,13,9,4,4
664401004,4,1,3,1
664401012,5,3,2,2
664401014,3,1,2,2
664401032,4,2,2,1
664401034,1,1,0,1
664401081,32,16,16,15
664401082,11,5,6,6
664401084,2,1,1,1
664401092,16,10,6,12
664401094,2,1,1,1
664401101,16,9,7,6
664401112,5,2,3,2
664401121,7,2,5,2
664401122,13,7,6,2
664401123,4,2,2,2
664401124,29,12,17,8
664401133,5,4,1,1
664401143,4,2,2,1
664401171,5,2,3,2
664401172,98,49,49,33
664401181,696,308,388,356
664401182,52,22,30,31
664401183,651,533,118,93
664401184,696,538,158,191
664401192,24,4,20,3
664401193,88,58,30,52
664401194,11,6,5,7
664401231,8,4,4,3
664401232,2,1,1,1
664401234,4,1,3,1
664401242,4,1,3,2
664401243,11,5,6,5
664401253,4,1,3,1
664401281,432,432,0,5
664401282,33,20,13,14
664401291,17,8,9,8
664401292,312,162,150,167
664401294,215,132,83,131
664401341,5,2,3,1
664401342,12,7,5,3
664401344,1,0,1,1
664401351,16,6,10,6
664401353,4,2,2,2
664401384,8,5,3,2
664401391,181,92,89,73
664401392,380,235,145,192
664401393,21,10,11,9
664401394,190,96,94,81
664401451,8,3,5,5
664401453,1,0,1,1
664401492,4,2,2,2
664401493,9,4,5,3
664401494,12,7,5,4
664401794,3,1,2,2
664401981,50,47,3,1
664402001,15,8,7,8
664402002,297,161,136,167
664402003,32,15,17,14
664402004,104,54,50,36
664402011,1287,741,546,644
664402012,642,320,322,285
664402013,514,265,249,239
664402014,515,252,263,240
664402021,938,468,470,446
664402022,365,179,186,185
664402023,1082,522,560,525
664402024,412,205,207,182
664402101,71,32,39,35
664402102,195,102,93,93
664402103,122,64,58,55
664402104,25,10,15,15
664402111,416,212,204,197
664402112,611,299,312,307
664402113,450,241,209,232
664402114,322,148,174,162
664402121,793,375,418,368
664402122,23,10,13,6
664402123,511,250,261,260
664402124,25,2,23,5
664402201,201,92,109,102
664402202,255,126,129,145
664402203,879,462,417,502
664402204,910,402,508,511
664402211,985,456,529,514
664402212,666,327,339,332
664402213,476,207,269,262
664402214,341,151,190,173
664402221,711,416,295,413
664402222,133,73,60,69
664402223,184,76,108,88
664402301,629,282,347,214
664402302,957,427,530,478
664402303,639,314,325,221
664402304,561,262,299,242
664402311,494,247,247,261
664402312,12,0,12,12
664402313,68,33,35,33
664402401,29,20,9,9
664402402,100,51,49,53
664402403,7,5,2,5
664402501,8,4,4,2
664402503,85,41,44,30
664402504,57,26,31,22
664402601,6,3,3,3
664402602,3,0,3,3
664402603,7,3,4,3
664407444,1,0,1,1
664407574,8,5,3,2
664407671,1,0,1,1
664407682,13,8,5,7
664407683,1,0,1,1
664407684,12,7,5,5
664407691,5,3,2,1
664407694,11,7,4,6
664407782,4,3,1,2
664407783,49,25,24,22
664407784,95,52,43,37
664407792,8,3,5,4
664407793,67,35,32,33
664407794,112,56,56,61
664407891,177,86,91,68
664407892,223,123,100,127
664407893,150,104,46,126
664407894,87,55,32,71
664410004,7,4,3,1
664410013,4,2,2,1
664410021,19,12,7,5
664410022,11,5,6,4
664410032,9,3,6,2
664410033,12,7,5,2
664410041,6,4,2,2
664410093,5,3,2,1
664410101,6,2,4,2
664410102,5,2,3,2
664410103,13,6,7,3
664410104,3,2,1,1
664410122,16,10,6,3
664410123,5,1,4,1
664410131,5,3,2,2
664410132,2,1,1,2
664410184,2,1,1,1
664410191,45,24,21,17
664410192,32,19,13,10
664410201,9,4,5,2
664410202,2,1,1,1
664410203,6,3,3,1
664410204,6,2,4,1
664410213,8,3,5,2
664410214,9,5,4,2
664410222,6,4,2,1
664410231,1,0,1,1
664410233,2,1,1,1
664410234,17,8,9,5
664410241,2,1,1,1
664410243,4,3,1,1
664410244,13,5,8,5
664410263,2,1,1,1
664410281,9,5,4,2
664410302,21,10,11,6
664410304,14,9,5,4
664410312,7,3,4,1
664410313,5,3,2,1
664410314,16,8,8,4
664410323,6,3,3,1
664410331,6,3,3,2
664410333,9,4,5,3
664410334,7,4,3,1
664410341,6,3,3,2
664410342,6,2,4,2
664410344,158,71,87,69
664410351,112,56,56,41
664410353,280,147,133,98
664410354,13,7,6,9
664410362,44,26,18,11
664410363,2,1,1,1
664410392,1,0,1,1
664410393,9,4,5,4
664410401,8,2,6,2
664410402,1,0,1,1
664410404,5,2,3,1
664410411,13,6,7,3
664410412,5,2,3,1
664410414,8,5,3,2
664410421,8,5,3,1
664410422,7,4,3,2
664410423,9,3,6,2
664410424,4,2,2,1
664410432,5,2,3,2
664410433,4,2,2,2
664410441,123,60,63,48
664410442,227,101,126,99
664410443,49,28,21,19
664410444,158,70,88,69
664410451,405,182,223,186
664410452,201,87,114,90
664410453,248,108,140,138
664410454,202,91,111,103
664410461,23,11,12,9
664410463,205,99,106,77
664410464,195,83,112,84
664410471,7,4,3,2
664410473,47,20,27,20
664410474,10,5,5,5
664410481,2,1,1,2
664410482,6,1,5,2
664410483,72,40,32,27
664410512,4,2,2,1
664410521,7,2,5,1
664410551,1,0,1,1
664410562,95,46,49,31
664410571,165,47,118,27
664410572,36,13,23,30
664411101,21,9,12,5
664411103,7,3,4,2
664411114,8,6,2,1
664411201,4,2,2,1
664411202,6,4,2,1
664411204,4,3,1,1
664411211,2,1,1,1
664411213,3,2,1,1
664411214,5,3,2,1
664411221,9,5,4,2
664411223,9,5,4,2
664411301,17,8,9,3
664500703,49,29,20,27
664500801,181,102,79,104
664500803,255,148,107,147
664500804,7,3,4,2
664500901,18,10,8,13
664500902,1,1,0,1
664500904,24,9,15,12
664501041,112,60,52,46
664501043,190,98,92,66
664501142,98,47,51,39
664501144,42,17,25,18
664501151,3,2,1,1
664501153,232,113,119,86
664501242,4,1,3,1
664501244,345,152,193,140
664501251,338,161,177,137
664501252,153,67,86,64
664501253,438,219,219,204
664501254,195,89,106,74
664501263,41,24,17,20
664501341,41,25,16,15
664501342,81,47,34,47
664501343,103,46,57,31
664501351,9,4,5,4
664501361,81,40,41,31
664501363,24,12,12,7
664501364,41,22,19,9
664501462,9,4,5,4
664501471,38,17,21,13
664501474,26,14,12,11
664501572,5,2,3,1
664501581,53,24,29,17
664501583,75,40,35,22
664501682,39,19,20,11
664501684,15,9,6,6
664501693,20,10,10,4
664501782,17,11,6,7
664501784,12,6,6,3
664501791,25,12,13,8
664501793,64,30,34,17
664501891,21,12,9,6
664501893,90,50,40,26
664510014,12,6,6,8
664510113,14,6,8,8
664510241,11,6,5,8
664510371,13,6,7,8
664511091,41,23,18,10
664511093,15,5,10,11
664511193,4,2,2,1
664511291,14,7,7,5
664511292,40,18,22,18
664511294,103,56,47,32
664511392,77,38,39,21
664512303,34,17,17,10
664512401,46,20,26,15
664512403,37,18,19,12
664512504,9,6,3,4
664512931,22,11,11,9
664522142,7,4,3,4
664522153,13,6,7,6
664522251,5,3,2,1
664522254,12,7,5,2
664522263,2,1,1,1
664522361,2,1,1,2
664522364,1,1,0,1
664522462,2,1,1,1
664522464,1,1,0,1
664522562,6,3,3,1
664522573,2,1,1,1
674106144,4,2,2,1
674106394,5,2,3,2
674106431,2,1,1,1
674106432,14,7,7,3
674106482,10,4,6,3
674106483,11,6,5,4
674106484,3,1,2,2
674106491,3,2,1,1
674106493,2,1,1,1
674106533,9,6,3,3
674106562,2,1,1,1
674106563,4,1,3,3
674106564,13,5,8,4
674106571,12,5,7,4
674106572,14,6,8,6
674106581,9,5,4,4
674106631,294,148,146,132
674106632,141,64,77,49
674106633,660,304,356,277
674106634,543,257,286,235
674106641,164,81,83,78
674106642,2,1,1,1
674106643,88,42,46,40
674106644,7,4,3,3
674106651,7,5,2,3
674106652,2,1,1,1
674106653,12,7,5,4
674106654,2,2,0,1
674106661,3,1,2,2
674106722,8,4,4,2
674106731,150,78,72,74
674106732,402,213,189,179
674106733,11,5,6,4
674106734,16,8,8,8
674106741,64,33,31,28
674106743,2,1,1,1
674106824,2,0,2,1
674106832,1,0,1,1
674106841,4,2,2,1
674106844,6,3,3,1
674106934,5,2,3,1
674107022,3,2,1,2
674107024,7,3,4,2
674107031,6,4,2,2
674107033,2,2,0,1
674107114,5,2,3,2
674107121,10,5,5,3
674107131,6,4,2,2
674107212,4,2,2,2
674107213,9,5,4,3
674107302,2,1,1,1
674107303,16,9,7,4
674107723,6,3,3,3
674107724,1,0,1,1
674107804,1,0,1,1
674107811,1,1,0,1
674107812,4,2,2,2
674107901,17,12,5,5
674107902,3,2,1,1
674107934,1,0,1,1
674116032,9,5,4,2
674116044,2,1,1,1
674116063,18,10,8,4
674116074,2,1,1,1
674116082,4,2,2,2
674116083,8,2,6,2
674116091,7,4,3,3
674116093,2,1,1,1
674116142,2,1,1,1
674116162,2,1,1,1
674116173,1,1,0,1
674116231,3,2,1,2
674116233,17,6,11,9
674116234,11,5,6,5
674116244,3,1,2,1
674116253,3,1,2,1
674116333,2,1,1,1
674116361,1,1,0,1
674116371,1,1,0,1
674116412,3,1,2,1
674116421,11,5,6,3
674116424,15,7,8,3
674116522,11,5,6,3
674116611,4,3,1,1
674116622,19,10,9,4
674116624,11,6,5,2
674116724,7,4,3,3
674116811,10,5,5,4
674116823,3,1,2,2
674116824,4,2,2,1
674116833,2,2,0,1
674116834,5,2,3,1
674116904,8,5,3,2
674116914,4,2,2,2
674116921,8,4,4,3
674116922,5,3,2,2
674116932,8,5,3,2
674116943,5,2,3,2
674117632,18,9,9,5
674117732,10,5,5,2
674117743,9,5,4,2
674117841,7,4,3,2
674117843,2,2,0,1
674117943,2,1,1,1
674117944,5,2,3,1
674125492,13,6,7,4
674125494,128,61,67,48
674125591,13,4,9,6
674125592,337,166,171,160
674125593,151,72,79,61
674125594,370,195,175,179
674125691,272,126,146,120
674125692,316,168,148,154
674125693,342,174,168,166
674125694,282,147,135,124
674125791,108,58,50,43
674125792,79,40,39,39
674125793,33,15,18,14
674125884,5,2,3,2
674125891,7,4,3,4
674126022,24,13,11,8
674126024,19,7,12,3
674126033,3,1,2,1
674126122,8,3,5,2
674126123,7,5,2,3
674126124,4,2,2,1
674126132,1,0,1,1
674126133,8,5,3,2
674126203,8,4,4,2
674126223,14,7,7,4
674126312,4,2,2,1
674126314,3,1,2,1
674126323,1,1,0,1
674126343,6,3,3,2
674126421,7,3,4,2
674126422,4,2,2,2
674126423,8,4,4,2
674126501,165,55,110,49
674126503,122,72,50,73
674126511,5,3,2,2
674126512,6,2,4,2
674126513,6,3,3,2
674126522,7,2,5,2
674126533,3,2,1,1
674126534,3,2,1,1
674126601,39,20,19,22
674126602,10,6,4,2
674126613,4,3,1,2
674126623,6,3,3,2
674126702,4,2,2,2
674126704,7,4,3,2
674126711,4,2,2,2
674126804,3,1,2,1
674126811,13,6,7,4
674126813,9,4,5,4
674126851,14,8,6,3
674126852,7,3,4,3
674126902,1,0,1,1
674126904,3,2,1,1
674126911,1,1,0,1
674126963,3,1,2,2
674127041,1,1,0,1
674127134,10,5,5,3
674127142,2,1,1,1
674127144,5,3,2,2
674127212,7,4,3,5
674127232,2,1,1,1
674127243,1,1,0,1
674127322,10,5,5,4
674127334,5,3,2,1
674127402,6,4,2,1
674127404,6,3,3,1
674127442,3,1,2,1
674127531,6,3,3,1
674127591,6,3,3,3
674127594,6,2,4,3
674127621,6,3,3,1
674127622,8,3,5,2
674127703,11,6,5,3
674127722,5,2,3,2
674127732,2,1,1,1
674127733,12,6,6,7
674127734,121,64,57,56
674127742,10,4,6,5
674127743,53,27,26,14
674127744,11,4,7,7
674127764,7,3,4,1
674127783,16,8,8,3
674127784,5,2,3,2
674127793,4,2,2,1
674127831,5,3,2,2
674127872,2,1,1,1
674127873,4,2,2,1
674127881,1,0,1,1
674127882,2,1,1,1
674127883,1,1,0,1
674127903,6,3,3,3
674127942,2,1,1,1
674127952,1,1,0,1
674127992,2,1,1,1
674135082,1,1,0,1
674136002,3,2,1,2
674136004,14,8,6,3
674136102,1,1,0,1
674136171,5,3,2,2
674136173,5,2,3,1
674136184,5,2,3,2
674136191,6,4,2,2
674136202,17,9,8,4
674136204,8,4,4,4
674136264,5,3,2,1
674136274,6,4,2,4
674136293,2,1,1,1
674136294,5,2,3,1
674136302,6,3,3,1
674136391,3,1,2,1
674136393,5,2,3,1
674136394,7,3,4,1
674136404,4,3,1,1
674136454,7,4,3,4
674136461,13,7,6,3
674136492,3,2,1,1
674136502,3,2,1,1
674136534,8,4,4,3
674136561,3,1,2,1
674136563,8,5,3,3
674136611,2,2,0,1
674136612,26,14,12,7
674136614,2,1,1,1
674136623,5,3,2,2
674136624,2,1,1,1
674136633,2,1,1,1
674136661,1,1,0,1
674136662,1,1,0,1
674136673,7,3,4,1
674136734,9,5,4,2
674136743,1,0,1,1
674136744,2,1,1,1
674136773,13,5,8,5
674136794,13,9,4,6
674136814,2,1,1,1
674136861,2,1,1,1
674136862,18,12,6,5
674136921,7,4,3,2
674136922,3,1,2,1
674136931,7,3,4,1
674136932,3,1,2,1
674136942,2,1,1,1
674136951,5,3,2,2
674136962,2,1,1,1
674136973,6,3,3,3
674136984,6,3,3,2
674137001,7,4,3,3
674137002,2,1,1,2
674137024,5,2,3,1
674137101,8,3,5,2
674137103,4,2,2,1
674137104,2,1,1,1
674137121,3,1,2,1
674137201,5,2,3,1
674137211,2,1,1,1
674137313,7,4,3,3
674137314,2,1,1,1
674137502,2,1,1,1
674137503,2,1,1,1
674137504,2,1,1,1
674137511,2,2,0,1
674137513,6,2,4,1
674137614,3,1,2,1
674137721,6,2,4,1
674137801,4,2,2,1
674137803,5,3,2,1
674137912,3,1,2,1
674145192,15,9,6,4
674145193,6,3,3,2
674145494,2,1,1,1
674145524,3,2,1,1
674145691,4,1,3,1
674145692,3,2,1,1
674145693,2,1,1,1
674145694,6,4,2,2
674145782,4,2,2,1
674145792,10,3,7,2
674145794,7,4,3,1
674145814,13,6,7,3
674145904,1,1,0,1
674145912,8,4,4,2
674145913,2,1,1,1
674146081,10,3,7,3
674146102,4,2,2,2
674146104,5,3,2,1
674146111,2,1,1,1
674146113,3,0,3,1
674146114,6,4,2,1
674146121,3,2,1,1
674146123,11,4,7,3
674146171,11,5,6,5
674146172,96,61,35,65
674146173,46,25,21,19
674146174,363,183,180,199
674146181,9,5,4,3
674146183,194,114,80,104
674146184,136,75,61,53
674146204,4,2,2,1
674146211,3,2,1,1
674146213,2,1,1,1
674146214,7,5,2,2
674146232,3,2,1,2
674146241,1,0,1,1
674146251,25,13,12,10
674146252,1,0,1,1
674146253,1,1,0,1
674146261,1,1,0,1
674146271,181,97,84,106
674146272,413,215,198,195
674146273,11,5,6,7
674146274,22,9,13,7
674146281,377,179,198,156
674146282,29,18,11,19
674146283,16,7,9,9
674146291,2,2,0,2
674146302,2,1,1,1
674146321,2,1,1,1
674146324,2,1,1,1
674146343,66,34,32,3
674146401,7,2,5,2
674146403,3,1,2,1
674146484,4,2,2,2
674146501,3,1,2,1
674146591,5,3,2,1
674146691,1,1,0,1
674146864,44,23,21,23
674146873,37,20,17,20
674146874,11,3,8,3
674146903,3,2,1,1
674146904,6,3,3,1
674146913,2,1,1,1
674146914,1,0,1,1
674146923,5,2,3,3
674146924,3,2,1,1
674146931,3,2,1,1
674146954,2,1,1,1
674146961,1,1,0,1
674146962,2,1,1,1
674146963,4,1,3,1
674146971,1,0,1,1
674147022,4,3,1,1
674147033,2,1,1,1
674147133,6,3,3,1
674147232,1,0,1,1
674147601,1,1,0,1
674151183,1,0,1,1
674151184,19,10,9,9
674151193,10,5,5,4
674151273,1,0,1,1
674151274,58,28,30,29
674151281,39,17,22,18
674151283,33,16,17,12
674151292,41,19,22,19
674151362,6,2,4,3
674151363,29,13,16,13
674151364,32,19,13,23
674151371,231,117,114,110
674151372,37,18,19,21
674151373,34,7,27,4
674151452,18,7,11,9
674151454,2,1,1,1
674151461,22,11,11,11
674151534,8,3,5,6
674151541,6,3,3,3
674151542,6,3,3,2
674151543,3,2,1,1
674151551,23,11,12,9
674151631,25,14,11,12
674151632,4,2,2,2
674151633,5,2,3,3
674151723,9,5,4,5
674151724,19,8,11,10
674151821,1,0,1,1
674151823,4,3,1,2
674151912,8,4,4,4
674151913,3,2,1,1
674151914,26,13,13,11
674152312,25,11,14,15
674152321,12,6,6,6
674152324,19,9,10,12
674152422,4,2,2,3
674152431,1,1,0,1
674152532,8,3,5,5
674152541,16,9,7,9
674152543,130,48,82,38
674152544,31,14,17,14
674152641,94,59,35,56
674152642,158,70,88,55
674152644,265,134,131,130
674152653,11,10,1,11
674152751,8,7,1,8
674152752,1,1,0,1
674152861,5,2,3,2
674152863,8,4,4,4
674152961,7,4,3,4
674154792,4,3,1,1
674154794,4,3,1,1
674154891,3,2,1,1
674154892,3,2,1,1
674154894,3,1,2,2
674154991,4,3,1,1
674154993,4,2,2,1
674155004,4,1,3,1
674155011,70,38,32,33
674155094,3,2,1,1
674155121,2,1,1,1
674155122,4,2,2,1
674155124,2,1,1,1
674155221,13,6,7,4
674155223,5,2,3,2
674155231,2,1,1,1
674155311,6,2,4,2
674155313,15,9,6,4
674155314,4,1,3,2
674155362,2,1,1,1
674155364,8,4,4,2
674155391,2,0,2,2
674155393,2,1,1,1
674155394,2,0,2,2
674155412,5,4,1,2
674155413,6,3,3,2
674155492,9,5,4,3
674155493,6,4,2,1
674155494,2,1,1,1
674155502,1,1,0,1
674155564,7,5,2,2
674155574,10,7,3,2
674155582,6,2,4,2
674155583,4,2,2,1
674155603,2,1,1,1
674155604,14,8,6,3
674155661,7,5,2,1
674155742,7,4,3,1
674155822,3,2,1,1
674155824,4,2,2,1
674155831,5,3,2,1
674155833,7,4,3,1
674155922,35,23,12,11
674155923,1,1,0,1
674155941,4,2,2,1
674156001,4,2,2,2
674156002,3,2,1,1
674156003,7,4,3,2
674156012,5,3,2,1
674156021,7,4,3,2
674156023,2,2,0,1
674156051,6,4,2,2
674156101,3,2,1,1
674156112,13,4,9,3
674156113,1,0,1,1
674156114,33,15,18,15
674156121,57,29,28,24
674156122,82,39,43,34
674156123,371,191,180,154
674156124,186,97,89,91
674156132,5,2,3,2
674156133,36,22,14,20
674156203,5,0,5,2
674156204,17,9,8,5
674156211,190,95,95,83
674156212,432,212,220,223
674156213,107,29,78,2
674156214,534,274,260,231
674156221,532,267,265,253
674156222,352,188,164,159
674156223,264,129,135,123
674156224,11,6,5,8
674156301,3,3,0,3
674156302,1,1,0,1
674156311,3,2,1,1
674156312,20,11,9,9
674156313,6,2,4,2
674156314,6,4,2,1
674156343,11,5,6,3
674156353,3,1,2,1
674156404,3,1,2,1
674156413,4,2,2,1
674156422,4,1,3,1
674156432,18,7,11,4
674156443,7,4,3,1
674156502,3,2,1,2
674156504,4,2,2,1
674156541,9,3,6,3
674156543,3,2,1,1
674156553,3,1,2,1
674156601,8,5,3,1
674156643,2,1,1,1
674156701,6,2,4,2
674156702,6,4,2,2
674156703,2,1,1,1
674156741,1,1,0,1
674156743,2,1,1,1
674156801,5,3,2,1
674156803,4,1,3,2
674156841,3,2,1,2
674156943,3,2,1,1
674156991,2,1,1,1
674156993,6,3,3,2
674157004,2,1,1,1
674157011,9,4,5,1
674157102,2,1,1,1
674157321,9,5,4,2
674157323,8,5,3,2
674161011,14,7,7,7
674161013,108,59,49,56
674161111,104,50,54,56
674161113,162,80,82,83
674161202,433,249,184,270
674161204,4,3,1,3
674161211,440,210,230,225
674161213,160,76,84,71
674161214,119,54,65,47
674161311,33,15,18,15
674161312,28,15,13,13
674161313,66,32,34,30
674161314,1,1,0,1
674161404,9,3,6,5
674161411,36,19,17,16
674161413,90,42,48,43
674161502,15,8,7,10
674161504,10,6,4,5
674161511,7,4,3,3
674161513,6,4,2,3
674161611,18,10,8,8
674161613,5,2,3,2
674161623,4,3,1,1
674161721,7,4,3,3
674161793,4,1,3,3
674161834,6,3,3,3
674161874,4,2,2,2
674161882,11,6,5,4
674161883,19,9,10,12
674161891,47,25,22,19
674161892,8,4,4,3
674161932,2,0,2,2
674161941,35,16,19,17
674161942,2,0,2,2
674161943,4,1,3,1
674161944,57,27,30,23
674161953,14,7,7,7
674161971,324,157,167,134
674161972,542,238,304,220
674161973,318,154,164,137
674161974,109,52,57,50
674161981,101,50,51,53
674162054,2,1,1,1
674162061,9,4,5,5
674162063,7,4,3,3
674162152,9,5,4,4
674162154,5,3,2,3
674162254,22,12,10,11
674162344,7,3,4,5
674162351,17,7,10,9
674162353,9,4,5,5
674162442,18,6,12,9
674162444,4,2,2,2
674162542,3,1,2,1
674162543,6,2,4,2
674162623,21,11,10,11
674162624,19,9,10,8
674162631,15,8,7,7
674162632,6,4,2,3
674162633,5,3,2,3
674162704,14,8,6,6
674162713,11,4,7,4
674162714,14,5,9,4
674162721,13,6,7,4
674162723,61,26,35,31
674162801,13,6,7,4
674162812,51,28,23,24
674164084,2,2,0,2
674164093,8,4,4,3
674164182,4,2,2,2
674164284,4,2,2,1
674164384,2,1,1,1
674164393,3,2,1,1
674164394,2,1,1,1
674164473,4,2,2,1
674164683,15,9,6,3
674164982,7,2,5,2
674165004,2,1,1,2
674165012,1,1,0,1
674165023,2,2,0,2
674165031,1,1,0,1
674165041,17,10,7,4
674165043,17,6,11,3
674165052,4,2,2,1
674165053,5,2,3,1
674165101,2,1,1,1
674165114,1,1,0,1
674165151,6,3,3,1
674165152,4,2,2,1
674165193,5,2,3,2
674165244,3,1,2,1
674165252,4,2,2,1
674165291,2,0,2,2
674165293,6,3,3,2
674165301,3,2,1,1
674165321,1,1,0,1
674165341,6,3,3,1
674165344,5,2,3,1
674165393,6,4,2,4
674165441,2,1,1,1
674165442,2,1,1,1
674165443,4,2,2,1
674165484,1,0,1,1
674165541,2,1,1,1
674165543,2,1,1,1
674165562,13,7,6,3
674165634,1,0,1,1
674165641,10,4,6,4
674165654,110,55,55,54
674165661,1,1,0,1
674165662,3,2,1,1
674165663,4,2,2,3
674165664,1,1,0,1
674165671,1,0,1,1
674165681,4,3,1,1
674165693,4,2,2,1
674165731,1,0,1,1
674165741,3,1,2,1
674165743,1,1,0,1
674165744,4,2,2,1
674165752,18,11,7,6
674165753,1,0,1,1
674165754,5,3,2,1
674165862,9,4,5,4
674165924,8,3,5,1
674165931,2,1,1,1
674165963,6,3,3,1
674165971,9,4,5,2
674165972,12,3,9,2
674166044,2,1,1,1
674166054,7,4,3,2
674166063,9,5,4,2
674166074,8,4,4,1
674166084,8,3,5,1
674166091,5,2,3,2
674166094,2,1,1,1
674166131,3,1,2,1
674166134,5,2,3,2
674166153,2,1,1,1
674166154,2,1,1,1
674166242,8,5,3,1
674166251,6,1,5,1
674166332,10,5,5,2
674166394,20,9,11,5
674166424,3,2,1,1
674166452,6,3,3,1
674166492,8,5,3,2
674166514,6,1,5,1
674166523,5,3,2,2
674166604,3,2,1,1
674166633,3,2,1,1
674166682,8,4,4,3
674166712,4,3,1,1
674166732,1,1,0,1
674166741,26,13,13,5
674166783,8,4,4,3
674166794,1,1,0,1
674166802,1,1,0,1
674166853,10,4,6,2
674166874,5,3,2,2
674166901,5,3,2,2
674166902,3,1,2,1
674166903,2,1,1,1
674166951,2,1,1,1
674166954,1,1,0,1
674166973,6,3,3,2
674166983,6,3,3,4
674166991,2,1,1,1
674167001,6,2,4,1
674167023,5,2,3,2
674167113,5,2,3,2
674167201,5,3,2,2
674167202,9,5,4,2
674167203,8,3,5,2
674167313,4,2,2,2
674167413,6,2,4,2
674167512,5,2,3,2
674167514,1,1,0,1
674167521,2,1,1,1
674167602,1,1,0,1
674167613,2,1,1,1
674167621,3,1,2,1
674167703,15,8,7,5
674167704,12,7,5,3
674167711,2,1,1,1
674167904,9,5,4,4
674170223,48,23,25,25
674170224,32,16,16,17
674170233,5,1,4,3
674170322,46,22,24,20
674170331,17,7,10,9
674170332,27,15,12,12
674170334,29,11,18,10
674170432,28,17,11,13
674170434,15,5,10,7
674170523,16,10,6,8
674170532,109,57,52,45
674170534,58,14,44,39
674170614,69,34,35,38
674170621,6,3,3,6
674170631,34,16,18,16
674170632,271,127,144,127
674170634,105,53,52,68
674170643,112,51,61,52
674170712,26,13,13,13
674170741,133,80,53,71
674170743,60,33,27,27
674170841,20,16,4,16
674170842,2,2,0,2
674170843,9,5,4,6
674170941,8,4,4,3
674170943,8,4,4,5
674171042,48,25,23,18
674171051,97,46,51,48
674171053,31,15,16,16
674171054,32,13,19,21
674171062,6,3,3,2
674174084,5,2,3,2
674174094,9,2,7,1
674174182,4,3,1,1
674174184,9,5,4,3
674174791,15,8,7,6
674174792,49,25,24,20
674175002,15,7,8,6
674175012,6,4,2,2
674175021,4,2,2,2
674175032,6,3,3,1
674175042,5,2,3,3
674175044,48,22,26,26
674175052,4,1,3,1
674175053,9,3,6,5
674175054,2,1,1,1
674175061,3,2,1,1
674175062,2,1,1,1
674175071,3,2,1,1
674175094,4,2,2,1
674175142,31,15,16,14
674175151,6,3,3,2
674175242,12,5,7,4
674175251,2,2,0,1
674175253,2,1,1,1
674175281,1,0,1,1
674175483,8,4,4,3
674175523,10,5,5,3
674175524,7,4,3,2
674175531,8,4,4,2
674175572,12,6,6,3
674175574,8,3,5,3
674175614,4,2,2,1
674175624,6,3,3,1
674175674,5,3,2,1
674175681,2,1,1,1
674175712,1,0,1,1
674175714,2,1,1,1
674175731,4,2,2,1
674175732,2,1,1,1
674175774,9,2,7,2
674175881,3,2,1,1
674175971,5,2,3,1
674176001,2,1,1,1
674176061,2,1,1,1
674176062,8,4,4,3
674176063,8,3,5,1
674176072,42,17,25,25
674176081,151,76,75,62
674176083,6,4,2,2
674176084,6,2,4,2
674176092,10,5,5,2
674176172,4,1,3,1
674176181,6,3,3,1
674176183,3,1,2,1
674176193,7,4,3,2
674176281,1,1,0,1
674176363,14,6,8,4
674176381,9,4,5,2
674176383,7,3,4,2
674176391,6,3,3,2
674176452,10,6,4,4
674176453,9,4,5,3
674176471,5,2,3,2
674176472,5,1,4,2
674176484,6,2,4,1
674176553,4,2,2,2
674176582,4,2,2,2
674176633,9,5,4,2
674176653,3,2,1,1
674176691,7,4,3,2
674177001,4,2,2,2
674177014,9,4,5,5
674177101,5,4,1,2
674177112,32,16,16,18
674177114,5,3,2,2
674177121,24,12,12,14
674177123,21,9,12,14
674177311,4,2,2,1
674177411,4,1,3,1
674200124,11,5,6,4
674200231,4,2,2,1
674200424,4,2,2,1
674200431,2,2,0,2
674200822,2,1,1,1
674200824,4,1,3,4
674200831,1,1,0,1
674200833,7,4,3,3
674200834,12,5,7,6
674200922,6,3,3,2
674200931,19,13,6,14
674200932,59,31,28,34
674200934,49,25,24,25
674200943,25,11,14,12
674201852,2,1,1,1
674201854,7,4,3,4
674201952,1,0,1,1
674201953,1,0,1,1
674202001,2,2,0,2
674202002,1,1,0,1
674202011,2,1,1,1
674202012,3,1,2,1
674202023,4,2,2,2
674202112,1,1,0,1
674202113,1,0,1,1
674202121,2,1,1,1
674202204,3,1,2,2
674202211,1,0,1,1
674202212,2,1,1,1
674202213,37,17,20,20
674202223,5,3,2,1
674202311,22,16,6,16
674202511,4,2,2,2
674202602,4,2,2,2
674202603,2,1,1,1
674202613,83,45,38,41
674202614,19,11,8,10
674202702,229,117,112,121
674202703,3,2,1,3
674202704,6,6,0,6
674202711,456,253,203,192
674202712,43,25,18,25
674202713,11,6,5,11
674202801,5,3,2,2
674202803,4,2,2,1
674202811,1,0,1,1
674202903,4,1,3,1
674203721,3,1,2,1
674203804,9,4,5,2
674203903,6,3,3,1
674204751,6,3,3,2
674204783,9,5,4,2
674204851,7,3,4,1
674204881,5,2,3,1
674204944,2,1,1,1
674204951,5,2,3,1
674204981,3,1,2,1
674204983,2,1,1,1
674204984,5,2,3,1
674205384,8,3,5,3
674205393,5,2,3,2
674205394,3,2,1,1
674205584,4,2,2,1
674205591,6,4,2,1
674205593,2,1,1,1
674205594,8,3,5,2
674205682,6,3,3,3
674205692,1,0,1,1
674205694,2,1,1,1
674205793,2,1,1,1
674205804,3,1,2,1
674205882,2,1,1,1
674205892,5,3,2,2
674205893,4,2,2,1
674205913,1,1,0,1
674205973,4,2,2,2
674205991,8,4,4,3
674205994,5,3,2,1
674206034,3,2,1,1
674206043,3,1,2,1
674206054,12,7,5,5
674206074,5,2,3,2
674206131,4,2,2,1
674206132,2,2,0,1
674206133,5,3,2,1
674206142,2,1,1,1
674206143,2,1,1,1
674206153,8,4,4,2
674206232,3,2,1,1
674206241,1,0,1,1
674206261,2,1,1,1
674206262,4,2,2,1
674206263,6,2,4,1
674206264,9,4,5,3
674206301,5,3,2,1
674206312,13,6,7,4
674206313,2,0,2,1
674206321,4,1,3,1
674206324,12,6,6,3
674206332,2,0,2,2
674206334,3,1,2,1
674206343,1,0,1,1
674206351,7,2,5,1
674206431,2,1,1,1
674206432,3,2,1,2
674206434,2,0,2,1
674206442,41,20,21,15
674206443,22,12,10,13
674206444,129,64,65,54
674206453,64,36,28,21
674206512,20,8,12,5
674206514,3,2,1,1
674206523,2,1,1,1
674206524,13,6,7,2
674206601,7,3,4,1
674206603,6,3,3,2
674206622,5,2,3,1
674206623,2,1,1,1
674206631,2,0,2,1
674206701,5,3,2,1
674206702,3,2,1,1
674206703,2,1,1,1
674206713,6,1,5,1
674206721,11,6,5,3
674206722,2,1,1,1
674206801,4,2,2,2
674206804,19,6,13,8
674206811,3,1,2,1
674206901,3,2,1,1
674206902,56,30,26,22
674206903,6,3,3,2
674210032,1,1,0,1
674210034,4,2,2,2
674210143,5,3,2,2
674210242,4,2,2,2
674210244,3,1,2,1
674210352,4,2,2,1
674210442,3,2,1,2
674210553,7,4,3,2
674210633,2,1,1,1
674210644,11,7,4,4
674210651,5,1,4,1
674210652,45,20,25,21
674210654,138,73,65,82
674210731,4,2,2,2
674210732,17,8,9,7
674210733,5,2,3,2
674210734,4,2,2,2
674210741,3,1,2,2
674210744,6,3,3,4
674210752,202,103,99,110
674210754,194,98,96,88
674210761,170,83,87,91
674210763,113,53,60,50
674210834,2,1,1,1
674210851,61,37,24,36
674210852,135,68,67,64
674210853,3,2,1,1
674210854,51,26,25,20
674210861,141,70,71,64
674210863,114,69,45,67
674210883,5,4,1,5
674210931,10,6,4,3
674210932,5,2,3,2
674210934,5,3,2,1
674210942,3,2,1,2
674210943,6,3,3,2
674210944,12,6,6,4
674210961,10,6,4,5
674210963,6,5,1,4
674210972,4,4,0,4
674211613,53,13,40,1
674212094,5,3,2,1
674212192,6,4,2,2
674212391,3,1,2,1
674212482,3,2,1,1
674212643,10,6,4,2
674212743,4,3,1,1
674212772,3,1,2,2
674212773,3,1,2,2
674212774,1,0,1,1
674212864,1,0,1,1
674212874,2,1,1,1
674212932,24,12,12,14
674212941,17,8,9,12
674212942,12,7,5,7
674212944,1,1,0,1
674212993,4,3,1,1
674213001,1,1,0,1
674213103,10,5,5,7
674213301,4,3,1,1
674213402,3,1,2,1
674213502,4,2,2,1
674213513,5,1,4,3
674213534,4,2,2,2
674213612,1,1,0,1
674213621,4,2,2,1
674213642,5,2,3,2
674213653,3,2,1,1
674213742,6,4,2,1
674213751,8,6,2,3
674213754,5,2,3,3
674213761,2,1,1,1
674213782,3,1,2,1
674213791,3,2,1,3
674213793,8,4,4,3
674213824,2,1,1,1
674213833,2,1,1,1
674213843,8,4,4,1
674213852,9,5,4,4
674213853,3,2,1,1
674213854,9,4,5,4
674213863,9,5,4,5
674213882,3,2,1,1
674213884,1,1,0,1
674213891,2,1,1,1
674213963,4,2,2,2
674213964,3,1,2,1
674213974,2,1,1,1
674213981,2,1,1,1
674213982,3,1,2,1
674213984,5,2,3,2
674213993,2,0,2,1
674214054,7,4,3,1
674214064,11,6,5,3
674214161,11,5,6,3
674214163,1,0,1,1
674214174,2,1,1,1
674214254,1,1,0,1
674214261,23,10,13,10
674214313,8,4,4,2
674214342,2,1,1,1
674214352,5,3,2,1
674214371,6,1,5,2
674214503,2,2,0,2
674214504,2,2,0,2
674214511,2,1,1,2
674215081,6,2,4,2
674215082,2,1,1,2
674215092,5,1,4,2
674215094,14,8,6,6
674215172,2,1,1,1
674215184,4,2,2,1
674215244,3,2,1,1
674215261,2,1,1,1
674215263,5,3,2,1
674215272,7,3,4,3
674215354,1,1,0,1
674215361,2,1,1,1
674215362,4,2,2,1
674215363,5,2,3,1
674215364,4,2,2,2
674215372,69,36,33,22
674215373,31,16,15,10
674215374,59,30,29,21
674215441,4,2,2,1
674215453,2,0,2,1
674215462,4,2,2,2
674215473,12,7,5,3
674215554,1,0,1,1
674215561,17,10,7,3
674215563,16,9,7,6
674215634,1,1,0,1
674215641,2,1,1,1
674215643,8,5,3,3
674215651,1,1,0,1
674215661,13,5,8,4
674215732,2,1,1,1
674215742,8,4,4,2
674215743,4,1,3,1
674215753,11,6,5,5
674215832,3,1,2,1
674215841,2,1,1,2
674215842,10,6,4,5
674215844,19,12,7,5
674215924,3,1,2,1
674215934,6,2,4,3
674215941,29,15,14,10
674215943,33,18,15,15
674216001,7,4,3,2
674220032,3,2,1,2
674220034,4,3,1,1
674220042,3,2,1,1
674220044,5,2,3,2
674220053,5,3,2,2
674220142,2,1,1,1
674220143,5,2,3,1
674220144,3,1,2,1
674220202,4,2,2,2
674220242,2,1,1,1
674220243,6,5,1,1
674220302,10,4,6,2
674220303,5,3,2,2
674220403,8,4,4,4
674220411,3,1,2,1
674220414,1,0,1,1
674220433,16,7,9,4
674220442,5,3,2,2
674220511,4,2,2,1
674220531,1,0,1,1
674220532,2,1,1,1
674220534,5,3,2,2
674220622,3,2,1,2
674220633,2,1,1,1
674220634,1,0,1,1
674220741,2,1,1,1
674220801,5,3,2,2
674220913,6,3,3,2
674220914,98,51,47,47
674220922,2,1,1,1
674220923,54,26,28,23
674220933,2,1,1,1
674221171,6,3,3,2
674221272,5,2,3,1
674221273,8,4,4,1
674221374,2,1,1,1
674221481,4,2,2,1
674221562,14,7,7,5
674221571,4,4,0,4
674221763,1,1,0,1
674221764,2,1,1,1
674221861,1,0,1,1
674221962,5,2,3,2
674222044,4,2,2,1
674222124,2,1,1,1
674222211,6,2,4,4
674222221,8,4,4,2
674222301,7,4,3,2
674222303,2,1,1,1
674222311,3,2,1,1
674222313,7,4,3,1
674222401,6,3,3,1
674222404,6,3,3,1
674222534,4,1,3,2
674222864,4,2,2,2
674222942,68,49,19,1
674222951,5,2,3,1
674222961,4,2,2,1
674223062,10,5,5,5
674223064,2,1,1,1
674223071,87,33,54,23
674223072,65,30,35,31
674223073,101,54,47,45
674223074,195,91,104,109
674223081,217,94,123,108
674223082,11,5,6,3
674223083,285,130,155,124
674223084,195,84,111,93
674223172,28,13,15,14
674223181,263,126,137,137
674223182,142,67,75,64
674223183,14,9,5,8
674223274,2,1,1,1
674223281,9,4,5,4
674223282,1,1,0,1
674223284,1,0,1,1
674223291,5,4,1,3
674223293,2,1,1,1
674223294,2,1,1,1
674223381,7,3,4,3
674223394,1,0,1,1
674224462,7,3,4,1
674224471,4,1,3,1
674224474,5,3,2,1
674224481,3,2,1,1
674224483,4,2,2,1
674224491,5,2,3,2
674224492,4,2,2,2
674224552,2,1,1,1
674224553,6,3,3,1
674224653,2,1,1,1
674224692,6,2,4,4
674224761,2,1,1,1
674224864,3,1,2,1
674224962,2,1,1,1
674225014,28,15,13,6
674225031,39,22,17,10
674225032,29,15,14,8
674225121,10,5,5,3
674225123,33,14,19,9
674225204,2,1,1,1
674225221,15,10,5,6
674225302,4,2,2,1
674225404,27,15,12,10
674225411,29,13,16,8
674225413,8,4,4,3
674225502,17,9,8,5
674230003,5,1,4,2
674230011,17,8,9,10
674230012,39,22,17,21
674230024,5,3,2,1
674230034,4,2,2,1
674230044,2,1,1,1
674230103,3,1,2,1
674230112,3,1,2,1
674230114,2,1,1,1
674230122,3,2,1,1
674230131,3,1,2,1
674230234,4,3,1,1
674230331,4,2,2,1
674230332,3,1,2,1
674230443,6,3,3,2
674230542,5,3,2,2
674230543,8,4,4,2
674230613,2,1,1,1
674230624,5,2,3,1
674230641,4,3,1,1
674230652,5,1,4,1
674230722,9,6,3,2
674230741,3,1,2,1
674230751,3,1,2,1
674230752,3,1,2,1
674230754,5,4,1,1
674230763,5,3,2,1
674230963,18,9,9,4
674230964,7,4,3,2
674231071,6,3,3,2
674231073,4,3,1,2
674231074,9,5,4,2
674231173,11,7,4,4
674231272,6,3,3,2
674231284,6,3,3,2
674232142,9,5,4,2
674232321,3,1,2,2
674232323,3,1,2,2
674232341,2,1,1,1
674232343,6,4,2,2
674232422,6,3,3,2
674232433,3,2,1,1
674232441,1,1,0,1
674232501,4,3,1,2
674232531,2,1,1,1
674232533,2,1,1,1
674232534,1,0,1,1
674232542,5,2,3,1
674232543,15,7,8,6
674232621,22,9,13,8
674232622,122,64,58,49
674232624,419,179,240,168
674232631,105,50,55,50
674232632,67,30,37,35
674232633,470,223,247,211
674232634,86,42,44,37
674232641,13,6,7,4
674232722,11,4,7,6
674232731,175,87,88,83
674232733,78,40,38,31
674232734,8,5,3,3
674232831,2,1,1,1
674232832,3,1,2,1
674232833,5,3,2,3
674232841,5,3,2,1
674232924,1,1,0,1
674232931,2,1,1,1
674232933,2,1,1,1
674234034,2,1,1,1
674234052,9,5,4,3
674234062,4,3,1,2
674234063,106,56,50,52
674234064,37,20,17,20
674234152,25,8,17,7
674234154,176,90,86,69
674234161,90,39,51,41
674234162,9,0,9,8
674234163,314,161,153,140
674234164,299,127,172,143
674234251,50,33,17,28
674234252,347,150,197,172
674234253,11,8,3,3
674234254,581,271,310,233
674234261,511,224,287,219
674234262,300,148,152,139
674234263,513,246,267,230
674234264,508,239,269,256
674234271,1,1,0,1
674234273,9,3,6,5
674234352,299,133,166,149
674234361,740,337,403,307
674234362,229,97,132,103
674234363,146,72,74,70
674234364,16,8,8,8
674234461,114,55,59,51
674234463,37,16,21,15
674234561,9,5,4,4
674234742,4,2,2,2
674234833,33,12,21,10
674234922,22,13,9,7
674234924,26,14,12,7
674240064,6,2,4,2
674240171,7,3,4,2
674240244,4,2,2,2
674240262,2,1,1,2
674240362,1,1,0,1
674240363,4,4,0,4
674240371,1,1,0,1
674240464,1,1,0,1
674240481,4,3,1,4
674242141,9,5,4,2
674242143,8,3,5,2
674242244,1,1,0,1
674242312,4,1,3,2
674242341,1,0,1,1
674242442,2,1,1,1
674242444,11,7,4,8
674242451,4,2,2,2
674242453,2,1,1,2
674242541,5,3,2,2
674242544,34,18,16,16
674242551,11,4,7,5
674242552,1,0,1,1
674242553,76,34,42,38
674242574,6,3,3,2
674242583,2,1,1,1
674242641,3,2,1,1
674242642,2,2,0,1
674242644,2,1,1,1
674242651,14,5,9,7
674242671,3,3,0,1
674242674,2,1,1,1
674242681,7,3,4,2
674242683,8,5,3,2
674242772,9,5,4,2
674242774,4,2,2,1
674242781,10,5,5,3
674242784,2,1,1,1
674242854,10,6,4,4
674242863,4,2,2,2
674242872,1,1,0,1
674242961,3,1,2,1
674242971,2,1,1,1
674243743,5,4,1,1
674243781,13,5,8,4
674243782,11,8,3,4
674243783,15,6,9,5
674243833,7,2,5,2
674243872,22,9,13,11
674243873,1,0,1,1
674243914,16,7,9,4
674243962,33,15,18,13
674244022,38,18,20,11
674244024,1,1,0,1
674244031,7,5,2,3
674244223,8,3,5,1
674244312,6,3,3,1
674244313,4,2,2,1
674244314,9,5,4,3
674244321,2,1,1,1
674244402,69,32,37,21
674244411,59,38,21,18
674251283,8,4,4,3
674251972,4,2,2,2
674251982,8,4,4,2
674251983,2,1,1,1
674251991,5,3,2,1
674252081,8,4,4,3
674252142,10,4,6,2
674252143,1,1,0,1
674252211,4,2,2,1
674252234,3,1,2,1
674252241,1,1,0,1
674252244,4,2,2,1
674252292,2,1,1,1
674252293,2,1,1,1
674252312,4,1,3,1
674252322,3,2,1,1
674252332,3,2,1,1
674252333,7,4,3,2
674252334,7,3,4,2
674252344,3,2,1,1
674252384,47,28,19,25
674252391,7,4,3,1
674252393,205,102,103,83
674252472,1,0,1,1
674252481,193,94,99,89
674252482,256,124,132,118
674252483,193,91,102,104
674252484,245,125,120,124
674252491,244,121,123,115
674252492,72,15,57,4
674252493,316,154,162,146
674252494,29,16,13,10
674252513,5,3,2,1
674252572,2,1,1,1
674252581,78,37,41,42
674252582,238,115,123,120
674252583,52,30,22,24
674252584,30,13,17,12
674252591,605,280,325,269
674252592,307,136,171,121
674252593,9,4,5,7
674252681,54,20,34,2
674252691,18,14,4,12
674252693,3,3,0,3
674252702,3,2,1,1
674252703,7,4,3,2
674252783,10,6,4,6
674252803,2,1,1,1
674252872,7,4,3,3
674252951,9,3,6,2
674253033,12,5,7,4
674253034,2,1,1,2
674253044,3,2,1,2
674253054,10,6,4,3
674253132,2,0,2,1
674253134,2,1,1,1
674253141,7,4,3,2
674253144,1,1,0,1
674253151,4,2,2,2
674253231,1,0,1,1
674253241,8,4,4,4
674253242,5,1,4,4
674253303,2,1,1,1
674253312,1,1,0,1
674253314,1,0,1,1
674253501,4,2,2,2
674253511,136,52,84,74
674253512,112,38,74,52
674253513,87,43,44,32
674253514,37,5,32,32
674253602,6,4,2,3
674253611,1,1,0,1
674260891,6,2,4,1
674260894,1,1,0,1
674260992,2,1,1,1
674261192,11,6,5,3
674261194,9,4,5,2
674261293,6,3,3,3
674261391,12,6,6,3
674261394,9,5,4,3
674261484,6,2,4,2
674261574,10,5,5,4
674261581,21,10,11,10
674261583,57,25,32,30
674261672,4,1,3,1
674261803,4,2,2,1
674261904,5,3,2,1
674261924,4,2,2,1
674261981,4,3,1,2
674261983,3,2,1,1
674262001,3,2,1,1
674262034,6,3,3,2
674262041,7,3,4,2
674262051,11,7,4,2
674262101,5,3,2,1
674262103,1,1,0,1
674262122,9,4,5,2
674262123,9,3,6,2
674262124,6,4,2,4
674262131,1,1,0,1
674262132,3,1,2,1
674262133,4,1,3,1
674262212,5,2,3,2
674262213,5,3,2,1
674262231,1,1,0,1
674262263,3,1,2,1
674262302,22,13,9,8
674262311,3,2,1,2
674262312,4,2,2,1
674262321,5,2,3,2
674262323,7,3,4,2
674262324,1,1,0,1
674270671,5,2,3,2
674270694,1,0,1,1
674270741,44,21,23,23
674270742,4,2,2,3
674270743,18,5,13,18
674270791,3,3,0,1
674270982,67,34,33,27
674270983,265,135,130,105
674270984,122,55,67,55
674270991,157,67,90,79
674270992,135,68,67,62
674270993,239,106,133,136
674270994,73,25,48,24
674271032,4,2,2,1
674271082,5,4,1,2
674271142,3,2,1,1
674271153,3,1,2,2
674271154,50,25,25,24
674271241,7,4,3,2
674271283,8,4,4,5
674271284,113,60,53,45
674271324,12,6,6,5
674271331,1,1,0,1
674271333,5,2,3,2
674271344,5,3,2,3
674271381,37,18,19,22
674271382,10,0,10,10
674271424,3,1,2,1
674271433,3,1,2,1
674271443,16,8,8,5
674271524,6,3,3,3
674271531,4,3,1,2
674271532,6,4,2,1
674271533,4,2,2,1
674271543,5,2,3,4
674271552,10,5,5,3
674271561,11,6,5,3
674271641,5,3,2,3
674271642,3,0,3,3
674271661,6,2,4,2
674271752,4,2,2,2
674271811,4,3,1,1
684007692,6,3,3,3
684007991,53,28,25,20
684017091,13,6,7,6
684017092,29,16,13,9
684017094,19,11,8,6
684017284,2,1,1,1
684017292,52,24,28,28
684017293,14,8,6,7
684017381,2,1,1,1
684017382,29,17,12,12
684017384,9,4,5,4
684017473,3,1,2,2
684017474,27,11,16,12
684017481,12,7,5,6
684017483,16,7,9,6
684017572,4,2,2,1
684100032,14,8,6,7
684100033,83,31,52,25
684100034,139,70,69,65
684100041,13,8,5,5
684100101,13,7,6,6
684100131,4,2,2,2
684100132,11,6,5,10
684100244,1,0,1,1
684100342,1,0,1,1
684100443,3,1,2,1
684100444,29,11,18,12
684100542,2,1,1,2
684100544,17,8,9,8
684100641,13,6,7,5
684100642,7,3,4,5
684100643,47,21,26,19
684100644,6,4,2,4
684100741,1,1,0,1
684100742,41,25,16,25
684100744,23,13,10,9
684100842,16,9,7,5
684100843,4,2,2,3
684100844,4,2,2,2
684100942,6,2,4,1
684100944,13,6,7,6
684105181,26,13,13,8
684105184,17,9,8,4
684105423,5,2,3,2
684105514,28,13,15,14
684105521,28,13,15,14
684105532,2,1,1,1
684105533,314,150,164,118
684105534,1208,583,625,474
684105543,598,299,299,234
684105544,181,90,91,74
684105561,108,58,50,43
684105562,4,3,1,1
684105563,552,277,275,235
684105564,86,48,38,40
684105573,3,2,1,1
684105574,63,29,34,21
684105581,2,1,1,1
684105583,22,10,12,6
684105611,5,3,2,2
684105612,28,14,14,9
684105613,15,7,8,5
684105631,36,18,18,16
684105632,542,276,266,223
684105641,955,479,476,391
684105642,788,391,397,313
684105643,726,332,394,303
684105644,604,303,301,258
684105651,187,92,95,78
684105652,382,158,224,104
684105653,500,254,246,197
684105654,670,352,318,293
684105661,416,220,196,208
684105662,916,461,455,412
684105663,1506,719,787,673
684105664,1344,669,675,576
684105671,921,452,469,384
684105672,754,365,389,292
684105673,747,356,391,320
684105674,1354,675,679,549
684105681,13,7,6,7
684105683,73,33,40,29
684105704,10,6,4,3
684105711,13,7,6,6
684105713,28,16,12,12
684105734,45,20,25,16
684105741,514,219,295,229
684105742,783,387,396,352
684105743,333,159,174,165
684105744,515,244,271,259
684105751,877,493,384,479
684105752,929,490,439,498
684105753,649,326,323,359
684105754,679,308,371,330
684105761,1242,592,650,555
684105762,585,296,289,260
684105763,656,332,324,352
684105764,50,24,26,31
684105771,965,468,497,435
684105772,875,419,456,362
684105773,10,7,3,8
684105774,28,14,14,17
684105781,31,17,14,11
684105783,11,5,6,5
684105784,13,7,6,7
684105793,7,4,3,3
684105802,10,6,4,3
684105804,4,1,3,2
684105832,258,116,142,111
684105834,489,234,255,243
684105841,819,378,441,413
684105842,246,127,119,140
684105843,191,93,98,102
684105844,2,0,2,2
684105851,51,27,24,31
684105852,1,1,0,1
684105861,11,2,9,11
684105862,2,1,1,1
684105891,5,3,2,2
684105892,10,3,7,4
684105894,62,27,35,28
684105902,12,4,8,5
684105904,135,48,87,19
684105913,130,40,90,50
684105932,413,209,204,226
684105934,272,125,147,99
684105941,172,80,92,86
684105942,1,0,1,1
684105943,389,172,217,208
684105992,107,51,56,46
684106082,4,3,1,1
684106084,3,2,1,1
684106172,8,5,3,3
684106264,2,2,0,1
684106271,3,2,1,1
684106371,5,3,2,1
684106372,3,1,2,1
684106373,2,1,1,1
684106382,3,2,1,1
684106391,2,1,1,1
684106453,51,21,30,20
684106551,32,14,18,12
684106572,25,13,12,9
684106652,8,4,4,3
684106663,5,3,2,3
684106703,27,16,11,9
684106704,306,138,168,72
684106713,58,32,26,29
684106741,1,1,0,1
684106771,10,5,5,3
684106772,11,7,4,2
684106783,5,3,2,2
684106801,25,13,12,11
684106802,89,43,46,40
684106803,233,110,123,99
684106804,58,24,34,25
684106811,36,17,19,15
684106813,12,7,5,4
684106901,78,36,42,33
684106972,8,3,5,2
684110042,30,15,15,14
684110044,13,6,7,6
684110053,23,11,12,9
684110103,4,2,2,1
684110104,41,25,16,25
684110113,9,6,3,4
684110114,4,2,2,2
684110133,7,3,4,2
684110142,4,2,2,2
684110144,3,1,2,3
684110151,24,10,14,14
684110201,19,6,13,11
684110212,3,1,2,2
684110221,158,90,68,78
684110222,211,97,114,87
684110224,195,100,95,88
684110233,5,3,2,3
684110241,12,12,0,1
684110242,3,1,2,2
684110243,4,1,3,2
684110322,33,15,18,11
684110331,47,23,24,20
684110341,5,4,1,3
684110343,18,8,10,6
684110422,30,15,15,10
684110424,27,12,15,7
684110432,15,8,7,6
684110433,37,20,17,14
684115002,27,13,14,13
684115004,12,6,6,6
684115011,161,74,87,94
684115032,493,236,257,248
684115033,4,2,2,2
684115034,912,434,478,432
684115041,247,121,126,127
684115043,9,6,3,6
684115113,13,8,5,6
684115124,34,13,21,18
684115131,454,201,253,196
684115132,447,208,239,182
684115133,801,356,445,371
684115134,96,38,58,43
684115211,2,2,0,1
684115213,2,1,1,1
684115214,5,2,3,2
684115221,2,1,1,1
684115222,650,305,345,277
684115223,388,216,172,159
684115224,326,156,170,134
684115231,287,128,159,135
684115233,1,0,1,1
684115312,63,36,27,27
684115314,150,75,75,59
684115321,290,190,100,80
684115323,34,18,16,12
684116282,13,7,6,6
684116293,9,3,6,4
684116391,32,17,15,8
684116392,2,1,1,1
684116394,41,16,25,17
684116492,25,11,14,8
684117401,16,10,6,4
684117403,51,29,22,12
684117501,54,23,31,19
684117503,6,5,1,6
684117701,3,2,1,2
684117703,7,3,4,2
684117801,103,45,58,52
684117802,6,3,3,2
684117803,1,0,1,1
684117901,41,22,19,9
684117902,19,10,9,10
684117904,4,1,3,2
684127011,7,3,4,2
684127064,1,1,0,1
684127112,67,33,34,12
684127121,24,12,12,5
684127123,6,3,3,2
684127134,15,10,5,5
684127154,116,62,54,31
684127162,37,16,21,12
684127163,118,62,56,38
684127232,2,1,1,1
684127241,8,5,3,2
684127242,3,2,1,2
684127244,18,9,9,6
684127251,141,73,68,38
684127252,23,14,9,7
684127253,28,14,14,11
684200082,34,20,14,17
684200091,59,32,27,33
684200092,39,19,20,19
684200473,2,1,1,1
684200562,8,4,4,3
684200564,94,45,49,34
684200571,110,56,54,38
684200572,26,13,13,7
684200573,72,34,38,29
684200661,7,4,3,3
684200662,17,4,13,12
684200924,39,19,20,14
684200931,6,4,2,2
684201023,34,14,20,14
684201024,207,103,104,64
684201032,2,2,0,2
684201033,170,77,93,74
684201034,26,16,10,7
684201122,145,64,81,54
684201131,6,0,6,6
684201202,5,3,2,1
684201204,1,0,1,1
684210022,22,15,7,12
684210024,9,5,4,3
